,puma,Total_geo,Total_geo_m,Total_geo_f,Total_FT_mf_t,Total_FT_m,Total_FT_f,Total_PT_mf_t,Total_PT_m,Total_PT_f,Total_BABS,Total_BABS_m,Total_BABS_f,BABS_FT_mf_t,BABS_FT_m,BABS_FT_f,BABS_PT_mf_t,BABS_PT_m,BABS_PT_f,Total_HS,Total_HS_m,Total_HS_f,HS_FT_mf_t,HS_FT_m,HS_FT_f,HS_PT_mf_t,HS_PT_m,HS_PT_f,Total_HSINC,Total_HSINC_m,Total_HSINC_f,HSINC_FT_mf_t,HSINC_FT_m,HSINC_FT_f,HSINC_PT_mf_t,HSINC_PT_m,HSINC_PT_f
0,Total Geo,1029064,568767,460297,864373,513028,351345,164691,55739,108952,411741,208520,203221,356823,188792,168031,54918,19728,35190,480807,267350,213457,394106,240403,153703,86701,26947,59754,136516,92897,43619,113444,83833,29611,23072,9064,14008
1,Monroe County (Central)--Rochester City (East) PUMA,1609,1209,400,1269,981,288,340,228,112,616,507,109,616,507,109,0,0,0,906,702,204,566,474,92,340,228,112,87,0,87,87,0,87,0,0,0
2,NYC-Brooklyn Community District 4--Bushwick PUMA,10248,6256,3992,7921,5119,2802,2327,1137,1190,2370,1080,1290,1876,761,1115,494,319,175,5748,3739,2009,4311,3065,1246,1437,674,763,2130,1437,693,1734,1293,441,396,144,252
3,NYC-Manhattan Community District 10--Central Harlem PUMA,13539,8447,5092,11090,7499,3591,2449,948,1501,5282,3880,1402,4278,3192,1086,1004,688,316,6120,3018,3102,4880,2873,2007,1240,145,1095,2137,1549,588,1932,1434,498,205,115,90
4,Ontario & Yates Counties PUMA,729,343,386,464,343,121,265,0,265,280,233,47,280,233,47,0,0,0,368,110,258,135,110,25,233,0,233,81,0,81,49,0,49,32,0,32
5,Albany County (Outside Albany City) PUMA,4882,3250,1632,4389,3014,1375,493,236,257,3824,2628,1196,3491,2552,939,333,76,257,800,364,436,740,304,436,60,60,0,258,258,0,158,158,0,100,100,0
6,"Otsego, Schoharie, Oneida (South) & Herkimer (South) Counties PUMA",551,336,215,409,312,97,142,24,118,283,117,166,214,117,97,69,0,69,268,219,49,195,195,0,73,24,49,0,0,0,0,0,0,0,0,0
7,NYC-Brooklyn Community District 11--Bensonhurst & Bath Beach PUMA,22447,13275,9172,18569,11395,7174,3878,1880,1998,10338,5945,4393,8642,4983,3659,1696,962,734,8770,5209,3561,7455,4421,3034,1315,788,527,3339,2121,1218,2472,1991,481,867,130,737
8,"Rockland County (South)--Orangetown, Clarkstown (South) & Ramapo (Southeast) Towns PUMA",7644,4431,3213,6575,3558,3017,1069,873,196,3414,1148,2266,3152,1009,2143,262,139,123,1893,1661,232,1134,975,159,759,686,73,2337,1622,715,2289,1574,715,48,48,0
9,Warren & Washington Counties PUMA,288,132,156,195,132,63,93,0,93,204,132,72,132,132,0,72,0,72,84,0,84,63,0,63,21,0,21,0,0,0,0,0,0,0,0,0
10,Erie County (North Central) PUMA,4970,3252,1718,3554,2367,1187,1416,885,531,4260,2670,1590,2844,1785,1059,1416,885,531,459,331,128,459,331,128,0,0,0,251,251,0,251,251,0,0,0,0
11,"NYC-Manhattan Community District 4 & 5--Chelsea, Clinton & Midtown Business District PUMA",13998,8503,5495,13105,8503,4602,893,0,893,11523,6724,4799,10630,6724,3906,893,0,893,2389,1779,610,2389,1779,610,0,0,0,86,0,86,86,0,86,0,0,0
12,Nassau County (Southeast)--Oyster Bay Town (South) PUMA,985,509,476,751,509,242,234,0,234,525,291,234,291,291,0,234,0,234,352,110,242,352,110,242,0,0,0,108,108,0,108,108,0,0,0,0
13,Nassau County (Central)--Hempstead Town (Northeast) PUMA,8721,4736,3985,8100,4460,3640,621,276,345,5325,2273,3052,5044,2090,2954,281,183,98,1446,1187,259,1273,1187,86,173,0,173,1950,1276,674,1783,1183,600,167,93,74
14,NYC-Brooklyn Community District 16--Brownsville & Ocean Hill PUMA,3528,1565,1963,2845,1565,1280,683,0,683,782,334,448,458,334,124,324,0,324,2357,1231,1126,2129,1231,898,228,0,228,389,0,389,258,0,258,131,0,131
15,NYC-Brooklyn Community District 2--Brooklyn Heights & Fort Greene PUMA,5718,2765,2953,5477,2655,2822,241,110,131,3914,2099,1815,3736,2052,1684,178,47,131,900,240,660,837,177,660,63,63,0,904,426,478,904,426,478,0,0,0
16,Onondaga County (Central)--Syracuse City PUMA,2672,1461,1211,2025,1110,915,647,351,296,1068,704,364,701,395,306,367,309,58,1076,547,529,872,505,367,204,42,162,528,210,318,452,210,242,76,0,76
17,NYC-Staten Island Community District 2--New Springville & South Beach PUMA,8442,4490,3952,6762,3229,3533,1680,1261,419,3894,1868,2026,3227,1281,1946,667,587,80,3897,2274,1623,3183,1862,1321,714,412,302,651,348,303,352,86,266,299,262,37
18,Nassau County (West Central)--Hempstead Town (Northwest) PUMA,8525,3838,4687,6363,3375,2988,2162,463,1699,3257,1166,2091,2216,912,1304,1041,254,787,4588,2349,2239,3676,2349,1327,912,0,912,680,323,357,471,114,357,209,209,0
19,"NYC-Manhattan Community District 9--Hamilton Heights, Manhattanville & West Harlem PUMA",10649,5401,5248,8766,5001,3765,1883,400,1483,5708,2955,2753,4403,2555,1848,1305,400,905,3716,1221,2495,3138,1221,1917,578,0,578,1225,1225,0,1225,1225,0,0,0,0
20,Monroe County (Central)--Rochester City (West) PUMA,2464,1474,990,2464,1474,990,0,0,0,800,596,204,800,596,204,0,0,0,1250,720,530,1250,720,530,0,0,0,414,158,256,414,158,256,0,0,0
21,"Chenango, Delaware & Broome (East) Counties PUMA",562,230,332,383,230,153,179,0,179,307,128,179,128,128,0,179,0,179,218,102,116,218,102,116,0,0,0,37,0,37,37,0,37,0,0,0
22,Dutchess County (North & East) PUMA,2007,1001,1006,1480,1001,479,527,0,527,1066,656,410,859,656,203,207,0,207,395,0,395,207,0,207,188,0,188,546,345,201,414,345,69,132,0,132
23,NYC-Brooklyn Community District 10--Bay Ridge & Dyker Heights PUMA,10094,5654,4440,8654,5241,3413,1440,413,1027,4628,2383,2245,4031,2234,1797,597,149,448,4533,2789,1744,3875,2525,1350,658,264,394,933,482,451,748,482,266,185,0,185
24,NYC-Brooklyn Community District 1--Greenpoint & Williamsburg PUMA,4681,2172,2509,3774,1854,1920,907,318,589,2383,1051,1332,1909,733,1176,474,318,156,1608,740,868,1175,740,435,433,0,433,690,381,309,690,381,309,0,0,0
25,NYC-Brooklyn Community District 18--Canarsie & Flatlands PUMA,13802,6392,7410,12035,5582,6453,1767,810,957,6097,3106,2991,5410,2849,2561,687,257,430,6959,2846,4113,5932,2293,3639,1027,553,474,746,440,306,693,440,253,53,0,53
26,Westchester County (Southeast) PUMA,12496,7900,4596,10950,7448,3502,1546,452,1094,4099,1981,2118,3738,1981,1757,361,0,361,5378,2972,2406,4265,2520,1745,1113,452,661,3019,2947,72,2947,2947,0,72,0,72
27,Nassau County (Central)--Hempstead Town (North Central)--Meadowbrook Corridor PUMA,12474,7775,4699,10478,7045,3433,1996,730,1266,2992,1678,1314,2553,1422,1131,439,256,183,6320,4230,2090,5509,3828,1681,811,402,409,3162,1867,1295,2416,1795,621,746,72,674
28,Westchester County (Northwest) PUMA,12383,6842,5541,10876,6567,4309,1507,275,1232,3201,1237,1964,2862,1237,1625,339,0,339,6626,3906,2720,5633,3631,2002,993,275,718,2556,1699,857,2381,1699,682,175,0,175
29,Monroe County (South) PUMA,5253,3204,2049,4150,2612,1538,1103,592,511,3568,2320,1248,2908,1962,946,660,358,302,1685,884,801,1242,650,592,443,234,209,0,0,0,0,0,0,0,0,0
30,Rockland County (North)--New City & Congers PUMA,5570,2585,2985,4561,2372,2189,1009,213,796,2124,793,1331,1731,793,938,393,0,393,3035,1440,1595,2478,1227,1251,557,213,344,411,352,59,352,352,0,59,0,59
31,"NYC-Bronx Community District 1 & 2--Hunts Point, Longwood & Melrose PUMA",12847,6866,5981,9895,5689,4206,2952,1177,1775,1667,655,1012,1526,514,1012,141,141,0,8009,4650,3359,6588,4040,2548,1421,610,811,3171,1561,1610,1781,1135,646,1390,426,964
32,Orange County (Southeast) PUMA,2543,796,1747,2154,703,1451,389,93,296,983,224,759,890,131,759,93,93,0,1007,461,546,711,461,250,296,0,296,553,111,442,553,111,442,0,0,0
33,"NYC-Queens Community District 12--Jamaica, Hollis & St. Albans PUMA",21095,12538,8557,17303,11598,5705,3792,940,2852,8070,3829,4241,6322,3698,2624,1748,131,1617,11039,7211,3828,9115,6467,2648,1924,744,1180,1986,1498,488,1866,1433,433,120,65,55
34,Nassau County (Northeast)--Oyster Bay Town (North) & Glen Cove City PUMA,7873,3972,3901,7037,3620,3417,836,352,484,4248,1940,2308,4122,1894,2228,126,46,80,2527,991,1536,1817,685,1132,710,306,404,1098,1041,57,1098,1041,57,0,0,0
35,"Rockland County (West)--Spring Valley, Suffern Villages & Monsey PUMA",6240,3155,3085,5389,2956,2433,851,199,652,1611,552,1059,1551,492,1059,60,60,0,3741,1938,1803,3014,1799,1215,727,139,588,888,665,223,824,665,159,64,0,64
36,NYC-Queens Community District 2--Sunnyside & Woodside PUMA,24085,14736,9349,22031,13870,8161,2054,866,1188,11469,6149,5320,10700,5715,4985,769,434,335,11543,7896,3647,10310,7516,2794,1233,380,853,1073,691,382,1021,639,382,52,52,0
37,Suffolk County (Northwest)--Huntington Town (South) PUMA,4979,2610,2369,3518,2336,1182,1461,274,1187,3089,1624,1465,2311,1531,780,778,93,685,1607,788,819,924,607,317,683,181,502,283,198,85,283,198,85,0,0,0
38,Westchester County (Southwest)--Yonkers City PUMA,17228,8853,8375,14068,7526,6542,3160,1327,1833,4924,2389,2535,4766,2324,2442,158,65,93,9478,4715,4763,7441,3647,3794,2037,1068,969,2826,1749,1077,1861,1555,306,965,194,771
39,"NYC-Manhattan Community District 1 & 2--Battery Park City, Greenwich Village & Soho PUMA",5466,2600,2866,4630,2499,2131,836,101,735,4046,1915,2131,3945,1814,2131,101,101,0,220,142,78,142,142,0,78,0,78,1200,543,657,543,543,0,657,0,657
40,NYC-Brooklyn Community District 14--Flatbush & Midwood PUMA,11292,6549,4743,9967,6080,3887,1325,469,856,3741,2170,1571,3543,1972,1571,198,198,0,6229,3811,2418,5633,3672,1961,596,139,457,1322,568,754,791,436,355,531,132,399
41,NYC-Queens Community District 9--Richmond Hill & Woodhaven PUMA,19501,11990,7511,16138,11198,4940,3363,792,2571,7090,3979,3111,6050,3531,2519,1040,448,592,9804,5966,3838,7830,5764,2066,1974,202,1772,2607,2045,562,2258,1903,355,349,142,207
42,Erie County (West Central)--Buffalo City (West) PUMA,3109,1349,1760,2343,1349,994,766,0,766,1247,503,744,947,503,444,300,0,300,964,551,413,699,551,148,265,0,265,898,295,603,697,295,402,201,0,201
43,Fulton & Montgomery Counties PUMA,680,491,189,577,491,86,103,0,103,233,114,119,200,114,86,33,0,33,447,377,70,377,377,0,70,0,70,0,0,0,0,0,0,0,0,0
44,Westchester County (Central)--White Plains City PUMA,13191,6921,6270,11765,6222,5543,1426,699,727,5985,2465,3520,5563,2121,3442,422,344,78,4959,2705,2254,3955,2350,1605,1004,355,649,2247,1751,496,2247,1751,496,0,0,0
45,St. Lawrence County PUMA,451,187,264,451,187,264,0,0,0,416,169,247,416,169,247,0,0,0,35,18,17,35,18,17,0,0,0,0,0,0,0,0,0,0,0,0
46,Saratoga County (South & Central) PUMA,3338,2238,1100,2608,1643,965,730,595,135,2230,1364,866,2095,1364,731,135,0,135,446,212,234,355,121,234,91,91,0,662,662,0,158,158,0,504,504,0
47,Suffolk County (Central)--Brookhaven Town (West Central) PUMA,3586,2060,1526,2631,1746,885,955,314,641,1554,837,717,1369,822,547,185,15,170,1653,937,716,1102,857,245,551,80,471,379,286,93,160,67,93,219,219,0
48,Suffolk County (North Central)--Brookhaven Town (North) PUMA,2708,1470,1238,2360,1226,1134,348,244,104,2345,1388,957,2081,1144,937,264,244,20,363,82,281,279,82,197,84,0,84,0,0,0,0,0,0,0,0,0
49,Niagara County (Southwest)--Greater Niagara Falls & North Tonawanda Area PUMA,98,98,0,98,98,0,0,0,0,0,0,0,0,0,0,0,0,0,98,98,0,98,98,0,0,0,0,0,0,0,0,0,0,0,0,0
50,Suffolk County (Central)--Islip Town (East) PUMA,1961,1127,834,1182,658,524,779,469,310,1334,814,520,776,345,431,558,469,89,402,88,314,181,88,93,221,0,221,225,225,0,225,225,0,0,0,0
51,"NYC-Brooklyn Community District 9--Crown Heights South, Prospect Lefferts & Wingate PUMA",5764,2436,3328,5472,2351,3121,292,85,207,1155,800,355,863,715,148,292,85,207,4104,1345,2759,4104,1345,2759,0,0,0,505,291,214,505,291,214,0,0,0
52,Westchester County (Northeast) PUMA,5189,2694,2495,4139,2694,1445,1050,0,1050,2671,1082,1589,2183,1082,1101,488,0,488,2270,1364,906,1708,1364,344,562,0,562,248,248,0,248,248,0,0,0,0
53,Chautauqua County PUMA,395,173,222,395,173,222,0,0,0,25,0,25,25,0,25,0,0,0,232,173,59,232,173,59,0,0,0,138,0,138,138,0,138,0,0,0
54,Erie County (West Central)--Buffalo City (East) PUMA,1947,1647,300,1628,1357,271,319,290,29,492,339,153,463,339,124,29,0,29,1114,967,147,824,677,147,290,290,0,341,341,0,341,341,0,0,0,0
55,Cayuga & Onondaga (South) Counties PUMA,758,437,321,617,296,321,141,141,0,513,282,231,513,282,231,0,0,0,109,109,0,0,0,0,109,109,0,136,46,90,104,14,90,32,32,0
56,Oneida County (Central)--Greater Utica & Rome Cities PUMA,2930,1739,1191,2164,1246,918,766,493,273,232,150,82,150,150,0,82,0,82,1818,928,890,1338,639,699,480,289,191,880,661,219,676,457,219,204,204,0
57,Suffolk County (Southwest)--Babylon Town (Southeast) PUMA,3451,2022,1429,2530,1571,959,921,451,470,1276,595,681,999,429,570,277,166,111,1795,1099,696,1151,814,337,644,285,359,380,328,52,380,328,52,0,0,0
58,"NYC-Manhattan Community District 6--Murray Hill, Gramercy & Stuyvesant Town PUMA",7574,4100,3474,6700,4100,2600,874,0,874,6273,3626,2647,5399,3626,1773,874,0,874,1165,338,827,1165,338,827,0,0,0,136,136,0,136,136,0,0,0,0
59,NYC-Manhattan Community District 11--East Harlem PUMA,8488,3485,5003,6560,3485,3075,1928,0,1928,3334,1483,1851,2916,1483,1433,418,0,418,3321,637,2684,2073,637,1436,1248,0,1248,1833,1365,468,1571,1365,206,262,0,262
60,Schenectady County--Schenectady City PUMA,1389,907,482,959,907,52,430,0,430,808,663,145,715,663,52,93,0,93,272,244,28,244,244,0,28,0,28,309,0,309,0,0,0,309,0,309
61,"Clinton, Franklin, Essex & Hamilton Counties PUMA",307,180,127,251,124,127,56,56,0,234,180,54,178,124,54,56,56,0,0,0,0,0,0,0,0,0,0,73,0,73,73,0,73,0,0,0
62,Onondaga County (Central)--Syracuse City (Outer) PUMA,1397,680,717,1182,627,555,215,53,162,1004,576,428,933,576,357,71,0,71,319,104,215,175,51,124,144,53,91,74,0,74,74,0,74,0,0,0
63,"NYC-Queens Community District 11--Bayside, Douglaston & Little Neck PUMA",13584,6320,7264,9743,5168,4575,3841,1152,2689,5546,2486,3060,4479,2324,2155,1067,162,905,6779,3101,3678,4340,2283,2057,2439,818,1621,1259,733,526,924,561,363,335,172,163
64,"NYC-Staten Island Community District 3--Tottenville, Great Kills & Annadale PUMA",3037,1568,1469,2683,1568,1115,354,0,354,1249,549,700,1194,549,645,55,0,55,1117,528,589,998,528,470,119,0,119,671,491,180,491,491,0,180,0,180
65,Onondaga County (North) PUMA,1042,379,663,916,253,663,126,126,0,147,81,66,147,81,66,0,0,0,729,193,536,603,67,536,126,126,0,166,105,61,166,105,61,0,0,0
66,Ulster County (East) PUMA,3003,1113,1890,2513,1032,1481,490,81,409,1044,383,661,1044,383,661,0,0,0,1433,524,909,1228,524,704,205,0,205,526,206,320,241,125,116,285,81,204
67,Oswego County PUMA,412,209,203,209,209,0,203,0,203,310,144,166,144,144,0,166,0,166,37,0,37,0,0,0,37,0,37,65,65,0,65,65,0,0,0,0
68,Niagara County (North & East) PUMA,295,168,127,257,168,89,38,0,38,150,150,0,150,150,0,0,0,0,145,18,127,107,18,89,38,0,38,0,0,0,0,0,0,0,0,0
69,Broome (Outer West) & Tioga Counties PUMA,256,82,174,169,82,87,87,0,87,169,82,87,169,82,87,0,0,0,0,0,0,0,0,0,0,0,0,87,0,87,0,0,0,87,0,87
70,"NYC-Bronx Community District 4--Concourse, Highbridge & Mount Eden PUMA",16563,8769,7794,13362,7446,5916,3201,1323,1878,4176,1700,2476,3409,1583,1826,767,117,650,9296,5573,3723,7092,4367,2725,2204,1206,998,3091,1496,1595,2861,1496,1365,230,0,230
71,Suffolk County (Southwest)--Islip Town (South) PUMA,5105,3243,1862,4439,2655,1784,666,588,78,2073,1427,646,1693,1047,646,380,380,0,2259,1323,936,1973,1115,858,286,208,78,773,493,280,773,493,280,0,0,0
72,Erie County (Central) PUMA,814,532,282,713,484,229,101,48,53,254,125,129,254,125,129,0,0,0,412,359,53,412,359,53,0,0,0,148,48,100,47,0,47,101,48,53
73,"NYC-Bronx Community District 8--Riverdale, Fieldston & Kingsbridge PUMA",9138,4642,4496,7751,4220,3531,1387,422,965,3910,1770,2140,3555,1537,2018,355,233,122,3810,1706,2104,3030,1517,1513,780,189,591,1418,1166,252,1166,1166,0,252,0,252
74,Chemung (South) & Steuben (East) Counties--Greater Elmira & Greater Corning Cities PUMA,1556,932,624,1221,872,349,335,60,275,933,489,444,838,489,349,95,0,95,623,443,180,383,383,0,240,60,180,0,0,0,0,0,0,0,0,0
75,Nassau County (South Central)--Hempstead Town (Southeast) PUMA,4288,2529,1759,4107,2465,1642,181,64,117,1462,667,795,1462,667,795,0,0,0,1995,1286,709,1878,1222,656,117,64,53,831,576,255,767,576,191,64,0,64
76,"NYC-Queens Community District 13--Queens Village, Cambria Heights & Rosedale PUMA",21131,11492,9639,18102,10246,7856,3029,1246,1783,7036,2794,4242,6435,2400,4035,601,394,207,11615,6879,4736,9372,6169,3203,2243,710,1533,2480,1819,661,2295,1677,618,185,142,43
77,Cattaraugus & Allegany Counties PUMA,450,126,324,153,126,27,297,0,297,27,0,27,27,0,27,0,0,0,253,0,253,0,0,0,253,0,253,170,126,44,126,126,0,44,0,44
78,"NYC-Queens Community District 7--Flushing, Murray Hill & Whitestone PUMA",32677,17244,15433,28329,15993,12336,4348,1251,3097,13620,7476,6144,12464,7164,5300,1156,312,844,16616,8403,8213,13908,7581,6327,2708,822,1886,2441,1365,1076,1957,1248,709,484,117,367
79,Jefferson & Lewis Counties PUMA,993,258,735,993,258,735,0,0,0,359,258,101,359,258,101,0,0,0,634,0,634,634,0,634,0,0,0,0,0,0,0,0,0,0,0,0
80,"NYC-Brooklyn Community District 6--Park Slope, Carroll Gardens & Red Hook PUMA",3566,2422,1144,3230,2422,808,336,0,336,1919,1455,464,1886,1455,431,33,0,33,1224,717,507,921,717,204,303,0,303,423,250,173,423,250,173,0,0,0
81,NYC-Queens Community District 1--Astoria & Long Island City PUMA,15225,8100,7125,11867,6647,5220,3358,1453,1905,7379,3468,3911,5867,2840,3027,1512,628,884,6466,3870,2596,5342,3194,2148,1124,676,448,1380,762,618,658,613,45,722,149,573
82,Saratoga County (Outer) PUMA,606,480,126,531,480,51,75,0,75,402,276,126,327,276,51,75,0,75,53,53,0,53,53,0,0,0,0,151,151,0,151,151,0,0,0,0
83,Dutchess County (Southwest) PUMA,6976,4065,2911,6325,3972,2353,651,93,558,2339,1395,944,2339,1395,944,0,0,0,3660,2303,1357,3240,2210,1030,420,93,327,977,367,610,746,367,379,231,0,231
84,Erie County (Northwest) PUMA,500,500,0,500,500,0,0,0,0,500,500,0,500,500,0,0,0,0,0,0,0,0,0,0,0,0,0,0,0,0,0,0,0,0,0,0
85,Genesee & Orleans Counties PUMA,575,448,127,404,404,0,171,44,127,310,283,27,239,239,0,71,44,27,63,29,34,29,29,0,34,0,34,202,136,66,136,136,0,66,0,66
86,Erie County (Northeast) PUMA,303,233,70,109,109,0,194,124,70,179,109,70,109,109,0,70,0,70,124,124,0,0,0,0,124,124,0,0,0,0,0,0,0,0,0,0
87,"NYC-Queens Community District 5--Ridgewood, Glendale & Middle Village PUMA",16408,9677,6731,13967,8957,5010,2441,720,1721,6079,3463,2616,4962,3254,1708,1117,209,908,8358,4779,3579,7034,4268,2766,1324,511,813,1971,1435,536,1971,1435,536,0,0,0
88,NYC-Brooklyn Community District 3--Bedford-Stuyvesant PUMA,4872,2436,2436,3844,1956,1888,1028,480,548,1841,591,1250,1432,522,910,409,69,340,1636,980,656,1306,858,448,330,122,208,1395,865,530,1106,576,530,289,289,0
89,Nassau County (West Central)--Hempstead Town (West Central) PUMA,9079,5326,3753,8524,5210,3314,555,116,439,4507,2234,2273,4263,2118,2145,244,116,128,4096,2723,1373,3785,2723,1062,311,0,311,476,369,107,476,369,107,0,0,0
90,Suffolk County (South Central)--Brookhaven Town (South) PUMA,4149,2836,1313,3783,2590,1193,366,246,120,483,428,55,483,428,55,0,0,0,2201,1322,879,1965,1096,869,236,226,10,1465,1086,379,1335,1066,269,130,20,110
91,Orange County (Northeast)--Greater Newburgh City PUMA,4825,2472,2353,4550,2472,2078,275,0,275,1954,931,1023,1888,931,957,66,0,66,1720,916,804,1648,916,732,72,0,72,1151,625,526,1014,625,389,137,0,137
92,Sullivan & Ulster (West) Counties PUMA,2032,880,1152,1580,880,700,452,0,452,507,304,203,507,304,203,0,0,0,1373,424,949,921,424,497,452,0,452,152,152,0,152,152,0,0,0,0
93,"NYC-Staten Island Community District 1--Port Richmond, Stapleton & Mariner's Harbor PUMA",10083,5277,4806,8652,4731,3921,1431,546,885,4075,2262,1813,3794,2090,1704,281,172,109,4532,2298,2234,3551,1924,1627,981,374,607,1476,717,759,1307,717,590,169,0,169
94,Wayne & Seneca Counties PUMA,556,253,303,468,253,215,88,0,88,153,62,91,153,62,91,0,0,0,196,72,124,196,72,124,0,0,0,207,119,88,119,119,0,88,0,88
95,Albany County (East Central)--Albany City PUMA,2809,1499,1310,2329,1210,1119,480,289,191,1647,752,895,1196,492,704,451,260,191,1162,747,415,1133,718,415,29,29,0,0,0,0,0,0,0,0,0,0
96,Nassau County (Northwest)--North Hempstead Town (North) PUMA,6015,3165,2850,4497,2775,1722,1518,390,1128,4643,2472,2171,3610,2158,1452,1033,314,719,1129,577,552,679,501,178,450,76,374,243,116,127,208,116,92,35,0,35
97,Rensselaer County--Troy City PUMA,1641,854,787,1437,854,583,204,0,204,960,480,480,788,480,308,172,0,172,350,250,100,350,250,100,0,0,0,331,124,207,299,124,175,32,0,32
98,Tompkins County PUMA,2774,1327,1447,1564,962,602,1210,365,845,2536,1327,1209,1447,962,485,1089,365,724,182,0,182,61,0,61,121,0,121,56,0,56,56,0,56,0,0,0
99,Suffolk County (West Central)--Babylon Town (Northwest) PUMA,8209,4700,3509,7330,4429,2901,879,271,608,2316,1086,1230,2173,1086,1087,143,0,143,4576,2440,2136,4073,2300,1773,503,140,363,1317,1174,143,1084,1043,41,233,131,102
100,NYC-Queens Community District 3--Jackson Heights & North Corona PUMA,26007,15390,10617,21338,14353,6985,4669,1037,3632,5648,2891,2757,5164,2749,2415,484,142,342,17085,10095,6990,13430,9351,4079,3655,744,2911,3274,2404,870,2744,2253,491,530,151,379
101,NYC-Queens Community District 4--Elmhurst & South Corona PUMA,30276,18120,12156,22459,15096,7363,7817,3024,4793,10292,5257,5035,8164,4643,3521,2128,614,1514,17656,11165,6491,12451,9157,3294,5205,2008,3197,2328,1698,630,1844,1296,548,484,402,82
102,Columbia & Greene Counties PUMA,588,461,127,583,456,127,5,5,0,23,13,10,23,13,10,0,0,0,307,203,104,302,198,104,5,5,0,258,245,13,258,245,13,0,0,0
103,Madison & Cortland Counties PUMA,355,159,196,314,159,155,41,0,41,200,159,41,159,159,0,41,0,41,155,0,155,155,0,155,0,0,0,0,0,0,0,0,0,0,0,0
104,NYC-Queens Community District 6--Forest Hills & Rego Park PUMA,13916,5546,8370,12339,5410,6929,1577,136,1441,10184,4283,5901,8748,4147,4601,1436,136,1300,3293,967,2326,3204,967,2237,89,0,89,439,296,143,387,296,91,52,0,52
105,NYC-Brooklyn Community District 5--East New York & Starrett City PUMA,12590,8772,3818,11942,8543,3399,648,229,419,2051,1465,586,1780,1309,471,271,156,115,9219,6364,2855,8914,6291,2623,305,73,232,1320,943,377,1248,943,305,72,0,72
106,"NYC-Bronx Community District 5--Morris Heights, Fordham South & Mount Hope PUMA",16995,8656,8339,14031,8367,5664,2964,289,2675,4274,1604,2670,3954,1604,2350,320,0,320,9884,5072,4812,7813,4783,3030,2071,289,1782,2837,1980,857,2264,1980,284,573,0,573
107,NYC-Brooklyn Community District 8--Crown Heights North & Prospect Heights PUMA,4946,2112,2834,4105,1530,2575,841,582,259,2685,845,1840,2203,506,1697,482,339,143,1681,1150,531,1438,907,531,243,243,0,580,117,463,464,117,347,116,0,116
108,"Steuben (North & West), Schuyler & Chemung (North) Counties PUMA",406,313,93,406,313,93,0,0,0,93,0,93,93,0,93,0,0,0,282,282,0,282,282,0,0,0,0,31,31,0,31,31,0,0,0,0
109,Herkimer (North & Central) & Oneida (Outer) Counties PUMA,122,90,32,122,90,32,0,0,0,32,0,32,32,0,32,0,0,0,90,90,0,90,90,0,0,0,0,0,0,0,0,0,0,0,0,0
110,Livingston & Wyoming Counties PUMA,95,53,42,53,53,0,42,0,42,0,0,0,0,0,0,0,0,0,42,0,42,0,0,0,42,0,42,53,53,0,53,53,0,0,0,0
111,Putnam County PUMA,1823,983,840,1629,852,777,194,131,63,519,405,114,519,405,114,0,0,0,925,262,663,794,131,663,131,131,0,379,316,63,316,316,0,63,0,63
112,"NYC-Brooklyn Community District 17--East Flatbush, Farragut & Rugby PUMA",8384,4207,4177,7071,3815,3256,1313,392,921,2351,912,1439,1931,735,1196,420,177,243,5649,2911,2738,4756,2696,2060,893,215,678,384,384,0,384,384,0,0,0,0
113,Suffolk County (Northwest)--Huntington Town (North) PUMA,4104,2713,1391,3500,2713,787,604,0,604,1307,874,433,932,874,58,375,0,375,1955,1298,657,1955,1298,657,0,0,0,842,541,301,613,541,72,229,0,229
114,"NYC-Bronx Community District 12--Wakefield, Williamsbridge & Woodlawn PUMA",11782,6839,4943,10751,6324,4427,1031,515,516,3212,1771,1441,2768,1393,1375,444,378,66,6987,3700,3287,6400,3563,2837,587,137,450,1583,1368,215,1583,1368,215,0,0,0
115,NYC-Manhattan Community District 3--Chinatown & Lower East Side PUMA,8707,4497,4210,7634,3962,3672,1073,535,538,4395,2287,2108,3860,1752,2108,535,535,0,3811,1874,1937,3334,1874,1460,477,0,477,501,336,165,440,336,104,61,0,61
116,Nassau County (East Central)--Oyster Bay Town (Central) PUMA,10014,5960,4054,7902,4680,3222,2112,1280,832,6354,3332,3022,5168,2581,2587,1186,751,435,3149,2342,807,2405,1995,410,744,347,397,511,286,225,329,104,225,182,182,0
117,Westchester County (South Central)--New Rochelle & Mount Vernon Cities PUMA,13981,7037,6944,12342,6974,5368,1639,63,1576,3261,1530,1731,3030,1530,1500,231,0,231,9065,4576,4489,7657,4513,3144,1408,63,1345,1655,931,724,1655,931,724,0,0,0
118,Orange County (Northwest) PUMA,4434,2247,2187,3646,2077,1569,788,170,618,674,244,430,450,244,206,224,0,224,3330,1698,1632,2766,1528,1238,564,170,394,430,305,125,430,305,125,0,0,0
119,Nassau County (Central)--Hempstead Town (East Central) PUMA,1860,786,1074,1557,707,850,303,79,224,984,351,633,882,351,531,102,0,102,876,435,441,675,356,319,201,79,122,0,0,0,0,0,0,0,0,0
120,Monroe County (North & West) PUMA,0,0,0,0,0,0,0,0,0,0,0,0,0,0,0,0,0,0,0,0,0,0,0,0,0,0,0,0,0,0,0,0,0,0,0,0
121,Suffolk County (Northwest)--Smithtown Town PUMA,1954,864,1090,1870,829,1041,84,35,49,1668,578,1090,1584,543,1041,84,35,49,69,69,0,69,69,0,0,0,0,217,217,0,217,217,0,0,0,0
122,Broome County (West Central)--Greater Binghamton City & Greater Johnson City Village PUMA,1631,708,923,1325,563,762,306,145,161,780,280,500,619,280,339,161,0,161,533,248,285,388,103,285,145,145,0,318,180,138,318,180,138,0,0,0
123,"NYC-Brooklyn Community District 12--Borough Park, Kensington & Ocean Parkway PUMA",7467,4624,2843,6167,4293,1874,1300,331,969,2700,1690,1010,2181,1557,624,519,133,386,3516,2274,1242,3094,2076,1018,422,198,224,1251,660,591,892,660,232,359,0,359
124,Suffolk County (Central)--Brookhaven Town (Central) PUMA,6146,3880,2266,5522,3757,1765,624,123,501,1558,1079,479,1134,956,178,424,123,301,4442,2655,1787,4242,2655,1587,200,0,200,146,146,0,146,146,0,0,0,0
125,NYC-Queens Community District 10--Howard Beach & Ozone Park PUMA,8537,5234,3303,7275,4724,2551,1262,510,752,2656,1628,1028,2064,1335,729,592,293,299,4610,2848,1762,3992,2683,1309,618,165,453,1271,758,513,1219,706,513,52,52,0
126,Erie County (South) PUMA,543,347,196,483,347,136,60,0,60,129,69,60,69,69,0,60,0,60,414,278,136,414,278,136,0,0,0,0,0,0,0,0,0,0,0,0
127,"NYC-Bronx Community District 11--Pelham Parkway, Morris Park & Laconia PUMA",8013,4476,3537,6866,4142,2724,1147,334,813,3015,1312,1703,2442,1103,1339,573,209,364,3998,2594,1404,3424,2469,955,574,125,449,1000,570,430,1000,570,430,0,0,0
128,"NYC-Queens Community District 14--Far Rockaway, Breezy Point & Broad Channel PUMA",4627,2986,1641,3722,2535,1187,905,451,454,2374,1496,878,2031,1321,710,343,175,168,1771,1195,576,1396,919,477,375,276,99,482,295,187,295,295,0,187,0,187
129,"NYC-Bronx Community District 10--Co-op City, Pelham Bay & Schuylerville PUMA",7675,4538,3137,5790,4128,1662,1885,410,1475,2368,1467,901,2190,1467,723,178,0,178,4204,2020,2184,2797,1858,939,1407,162,1245,1103,1051,52,803,803,0,300,248,52
130,Nassau County (West Central)--North Hempstead Town (South) PUMA,12253,7454,4799,10597,6791,3806,1656,663,993,7115,3199,3916,6251,2986,3265,864,213,651,3170,2352,818,2763,2287,476,407,65,342,1968,1903,65,1583,1518,65,385,385,0
131,Monroe County (Central)--Greece & Gates Towns PUMA,1705,1010,695,1212,805,407,493,205,288,723,437,286,572,437,135,151,0,151,982,573,409,640,368,272,342,205,137,0,0,0,0,0,0,0,0,0
132,"NYC-Manhattan Community District 12--Washington Heights, Inwood & Marble Hill PUMA",24291,11606,12685,19767,11006,8761,4524,600,3924,7046,1793,5253,6127,1633,4494,919,160,759,12609,6849,5760,9077,6409,2668,3532,440,3092,4636,2964,1672,4563,2964,1599,73,0,73
133,"NYC-Brooklyn Community District 15--Sheepshead Bay, Gerritsen Beach & Homecrest PUMA",10844,5629,5215,8636,4686,3950,2208,943,1265,4575,2229,2346,3826,1728,2098,749,501,248,4925,2484,2441,3703,2224,1479,1222,260,962,1344,916,428,1107,734,373,237,182,55
134,"NYC-Bronx Community District 3 & 6--Belmont, Crotona Park East & East Tremont PUMA",18117,8353,9764,13378,6691,6687,4739,1662,3077,3142,2021,1121,2625,1735,890,517,286,231,12331,4658,7673,8781,3593,5188,3550,1065,2485,2644,1674,970,1972,1363,609,672,311,361
135,Nassau County (Southwest)--Hempstead Town (Southwest) & Long Beach City PUMA,2638,1357,1281,2296,1271,1025,342,86,256,808,561,247,722,475,247,86,86,0,996,390,606,740,390,350,256,0,256,834,406,428,834,406,428,0,0,0
136,NYC-Brooklyn Community District 13--Brighton Beach & Coney Island PUMA,3247,1904,1343,2210,1389,821,1037,515,522,1290,821,469,830,487,343,460,334,126,1133,437,696,737,437,300,396,0,396,824,646,178,643,465,178,181,181,0
137,NYC-Manhattan Community District 8--Upper East Side PUMA,8993,4989,4004,8519,4989,3530,474,0,474,7937,4554,3383,7463,4554,2909,474,0,474,1036,415,621,1036,415,621,0,0,0,20,20,0,20,20,0,0,0,0
138,NYC-Brooklyn Community District 7--Sunset Park & Windsor Terrace PUMA,12469,7408,5061,10603,6259,4344,1866,1149,717,2923,1241,1682,2618,1092,1526,305,149,156,6292,3617,2675,5823,3617,2206,469,0,469,3254,2550,704,2162,1550,612,1092,1000,92
139,"NYC-Bronx Community District 7--Bedford Park, Fordham North & Norwood PUMA",17086,9969,7117,15035,9457,5578,2051,512,1539,3578,1125,2453,3013,962,2051,565,163,402,10833,6881,3952,9830,6532,3298,1003,349,654,2675,1963,712,2192,1963,229,483,0,483
140,Monroe County (East) PUMA,1422,814,608,1422,814,608,0,0,0,687,435,252,687,435,252,0,0,0,650,294,356,650,294,356,0,0,0,85,85,0,85,85,0,0,0,0
141,Suffolk County (East) PUMA,5993,3522,2471,5277,3136,2141,716,386,330,1157,240,917,967,165,802,190,75,115,3615,2187,1428,3426,2087,1339,189,100,89,1221,1095,126,884,884,0,337,211,126
142,"NYC-Queens Community District 8--Briarwood, Fresh Meadows & Hillcrest PUMA",21118,11211,9907,18523,10360,8163,2595,851,1744,11498,6012,5486,10750,5880,4870,748,132,616,8856,4560,4296,7052,3841,3211,1804,719,1085,764,639,125,721,639,82,43,0,43
143,"NYC-Bronx Community District 9--Castle Hill, Clason Point & Parkchester PUMA",16174,9270,6904,12807,7732,5075,3367,1538,1829,5054,2674,2380,4478,2482,1996,576,192,384,8075,4301,3774,6592,3683,2909,1483,618,865,3045,2295,750,1737,1567,170,1308,728,580
144,Suffolk County (Central)--Islip Town (Northwest) PUMA,18188,11761,6427,16247,10932,5315,1941,829,1112,2470,1420,1050,2234,1330,904,236,90,146,9760,5404,4356,8866,5404,3462,894,0,894,5958,4937,1021,5147,4198,949,811,739,72
145,NYC-Manhattan Community District 7--Upper West Side & West Side PUMA,7210,2822,4388,6773,2681,4092,437,141,296,6326,1938,4388,6030,1938,4092,296,0,296,458,458,0,317,317,0,141,141,0,426,426,0,426,426,0,0,0,0
146,Capital Region,15541,9821,5720,13031,8696,4335,2510,1125,1385,10098,6308,3790,8767,5972,2795,1331,336,995,3474,2073,1401,3240,1888,1352,234,185,49,1969,1440,529,1024,836,188,945,604,341
147,Central NY,6636,3325,3311,5263,2654,2609,1373,671,702,3242,1946,1296,2597,1637,960,645,309,336,2425,953,1472,1805,623,1182,620,330,290,969,426,543,861,394,467,108,32,76
148,Finger Lakes,14408,8808,5600,11906,7739,4167,2502,1069,1433,7137,4873,2264,6255,4471,1784,882,402,480,6142,3384,2758,4708,2717,1991,1434,667,767,1129,551,578,943,551,392,186,0,186
149,Long Island,155258,90215,65043,132398,81486,50912,22860,8729,14131,64850,32554,32296,55320,28645,26675,9530,3909,5621,65341,38664,26677,55758,36105,19653,9583,2559,7024,25067,18997,6070,21320,16736,4584,3747,2261,1486
150,Mid-Hudson,121565,63975,57590,104542,59306,45236,17023,4669,12354,40376,17719,22657,37072,17018,20054,3304,701,2603,60288,31865,28423,48800,28220,20580,11488,3645,7843,20901,14391,6510,18670,14068,4602,2231,323,1908
151,Mohawk Valley,4283,2656,1627,3272,2139,1133,1011,517,494,780,381,399,596,381,215,184,0,184,2623,1614,1009,2000,1301,699,623,313,310,880,661,219,676,457,219,204,204,0
152,New York City,689013,377325,311688,576965,340339,236626,112048,36986,75062,272168,137361,134807,236581,124596,111985,35587,12765,22822,333792,184805,148987,272549,166176,106373,61243,18629,42614,83053,55159,27894,67835,49567,18268,15218,5592,9626
153,North Country,1751,625,1126,1695,569,1126,56,56,0,1009,607,402,953,551,402,56,56,0,669,18,651,669,18,651,0,0,0,73,0,73,73,0,73,0,0,0
154,Southern Tier,7185,3592,3593,5068,3022,2046,2117,570,1547,4818,2306,2512,3294,1941,1353,1524,365,1159,1838,1075,763,1332,870,462,506,205,301,529,211,318,442,211,231,87,0,87
155,Western NY,13424,8425,4999,10233,7078,3155,3191,1347,1844,7263,4465,2798,5388,3580,1808,1875,885,990,4215,2899,1316,3245,2485,760,970,414,556,1946,1061,885,1600,1013,587,346,48,298
