,puma,Total_geo,Total_geo_m,Total_geo_f,Total_NP_mf_t,Total_NP_m,Total_NP_f,Total_P_mf_t,Total_P_m,Total_P_f,Total_BABS,Total_BABS_m,Total_BABS_f,BABS_NP_mf_t,BABS_NP_m,BABS_NP_f,BABS_P_mf_t,BABS_P_m,BABS_P_f,Total_HS,Total_HS_m,Total_HS_f,HS_NP_mf_t,HS_NP_m,HS_NP_f,HS_P_mf_t,HS_P_m,HS_P_f,Total_HSINC,Total_HSINC_m,Total_HSINC_f,HSINC_NP_mf_t,HSINC_NP_m,HSINC_NP_f,HSINC_P_mf_t,HSINC_P_m,HSINC_P_f
0,Total Geo,1234687,623988,610699,972699,503373,469326,261988,120615,141373,475659,226145,249514,419359,199989,219370,56300,26156,30144,580765,294061,286704,442385,234494,207891,138380,59567,78813,178263,103782,74481,110955,68890,42065,67308,34892,32416
1,Monroe County (Central)--Rochester City (East) PUMA,1908,1362,546,1685,1285,400,223,77,146,765,549,216,616,507,109,149,42,107,980,737,243,906,702,204,74,35,39,163,76,87,163,76,87,0,0,0
2,NYC-Brooklyn Community District 4--Bushwick PUMA,11756,6508,5248,9131,5600,3531,2625,908,1717,2670,1080,1590,2288,1080,1208,382,0,382,5981,3739,2242,4869,3331,1538,1112,408,704,3105,1689,1416,1974,1189,785,1131,500,631
3,NYC-Manhattan Community District 10--Central Harlem PUMA,16918,8770,8148,10464,6493,3971,6454,2277,4177,6334,4044,2290,4743,3222,1521,1591,822,769,7923,3177,4746,3768,1887,1881,4155,1290,2865,2661,1549,1112,1953,1384,569,708,165,543
4,Ontario & Yates Counties PUMA,766,343,423,680,343,337,86,0,86,280,233,47,280,233,47,0,0,0,405,110,295,368,110,258,37,0,37,81,0,81,32,0,32,49,0,49
5,Albany County (Outside Albany City) PUMA,6633,3743,2890,5765,3117,2648,868,626,242,5224,3012,2212,4698,2486,2212,526,526,0,1151,473,678,909,473,436,242,0,242,258,258,0,158,158,0,100,100,0
6,"Otsego, Schoharie, Oneida (South) & Herkimer (South) Counties PUMA",658,317,341,545,253,292,113,64,49,309,144,165,309,144,165,0,0,0,182,133,49,109,109,0,73,24,49,167,40,127,127,0,127,40,40,0
7,NYC-Brooklyn Community District 11--Bensonhurst & Bath Beach PUMA,27348,15091,12257,21635,12052,9583,5713,3039,2674,11465,6530,4935,9966,5456,4510,1499,1074,425,11471,6051,5420,9240,4953,4287,2231,1098,1133,4412,2510,1902,2429,1643,786,1983,867,1116
8,"Rockland County (South)--Orangetown, Clarkstown (South) & Ramapo (Southeast) Towns PUMA",8801,4768,4033,5948,3162,2786,2853,1606,1247,3644,1273,2371,2935,1148,1787,709,125,584,2342,1661,681,1117,833,284,1225,828,397,2815,1834,981,1896,1181,715,919,653,266
9,Warren & Washington Counties PUMA,288,132,156,258,123,135,30,9,21,204,132,72,195,123,72,9,9,0,84,0,84,63,0,63,21,0,21,0,0,0,0,0,0,0,0,0
10,Erie County (North Central) PUMA,5726,3528,2198,4198,2290,1908,1528,1238,290,4912,2946,1966,3484,1808,1676,1428,1138,290,459,331,128,459,331,128,0,0,0,355,251,104,255,151,104,100,100,0
11,"NYC-Manhattan Community District 4 & 5--Chelsea, Clinton & Midtown Business District PUMA",16313,8927,7386,14755,8436,6319,1558,491,1067,12677,6792,5885,11776,6682,5094,901,110,791,3550,2135,1415,2893,1754,1139,657,381,276,86,0,86,86,0,86,0,0,0
12,Nassau County (Southeast)--Oyster Bay Town (South) PUMA,1207,571,636,1099,463,636,108,108,0,525,291,234,525,291,234,0,0,0,414,172,242,414,172,242,0,0,0,268,108,160,160,0,160,108,108,0
13,Nassau County (Central)--Hempstead Town (Northeast) PUMA,9833,5240,4593,8837,4696,4141,996,544,452,5657,2458,3199,5569,2370,3199,88,88,0,2117,1506,611,2039,1506,533,78,0,78,2059,1276,783,1229,820,409,830,456,374
14,NYC-Brooklyn Community District 16--Brownsville & Ocean Hill PUMA,5153,2145,3008,3052,1424,1628,2101,721,1380,979,334,645,713,334,379,266,0,266,3102,1404,1698,2139,1090,1049,963,314,649,1072,407,665,200,0,200,872,407,465
15,NYC-Brooklyn Community District 2--Brooklyn Heights & Fort Greene PUMA,7197,3217,3980,5597,2458,3139,1600,759,841,4884,2551,2333,3904,1974,1930,980,577,403,1119,240,879,903,168,735,216,72,144,1194,426,768,790,316,474,404,110,294
16,Onondaga County (Central)--Syracuse City PUMA,4233,2178,2055,1985,885,1100,2248,1293,955,2011,1164,847,881,353,528,1130,811,319,1451,732,719,997,501,496,454,231,223,771,282,489,107,31,76,664,251,413
17,NYC-Staten Island Community District 2--New Springville & South Beach PUMA,9584,4942,4642,9008,4657,4351,576,285,291,4243,2052,2191,4099,1908,2191,144,144,0,4251,2495,1756,4017,2401,1616,234,94,140,1090,395,695,892,348,544,198,47,151
18,Nassau County (West Central)--Hempstead Town (Northwest) PUMA,9388,3935,5453,8818,3494,5324,570,441,129,3451,1231,2220,3386,1166,2220,65,65,0,5257,2381,2876,4961,2214,2747,296,167,129,680,323,357,471,114,357,209,209,0
19,"NYC-Manhattan Community District 9--Hamilton Heights, Manhattanville & West Harlem PUMA",14977,6747,8230,9898,5297,4601,5079,1450,3629,6791,3309,3482,5296,2721,2575,1495,588,907,6387,2213,4174,3362,1698,1664,3025,515,2510,1799,1225,574,1240,878,362,559,347,212
20,Monroe County (Central)--Rochester City (West) PUMA,2427,1263,1164,2347,1183,1164,80,80,0,509,305,204,509,305,204,0,0,0,1504,800,704,1424,720,704,80,80,0,414,158,256,414,158,256,0,0,0
21,"Chenango, Delaware & Broome (East) Counties PUMA",695,230,465,557,225,332,138,5,133,440,128,312,307,128,179,133,0,133,218,102,116,213,97,116,5,5,0,37,0,37,37,0,37,0,0,0
22,Dutchess County (North & East) PUMA,2689,1082,1607,2020,809,1211,669,273,396,1455,737,718,1416,698,718,39,39,0,437,0,437,292,0,292,145,0,145,797,345,452,312,111,201,485,234,251
23,NYC-Brooklyn Community District 10--Bay Ridge & Dyker Heights PUMA,11967,6338,5629,10033,5613,4420,1934,725,1209,5903,2768,3135,5055,2423,2632,848,345,503,4832,3088,1744,4146,2708,1438,686,380,306,1232,482,750,832,482,350,400,0,400
24,NYC-Brooklyn Community District 1--Greenpoint & Williamsburg PUMA,5239,2433,2806,3391,1362,2029,1848,1071,777,2453,1051,1402,1979,733,1246,474,318,156,1869,1001,868,735,351,384,1134,650,484,917,381,536,677,278,399,240,103,137
25,NYC-Brooklyn Community District 18--Canarsie & Flatlands PUMA,15617,6830,8787,13775,6333,7442,1842,497,1345,7041,3427,3614,6823,3427,3396,218,0,218,7732,2963,4769,6445,2705,3740,1287,258,1029,844,440,404,507,201,306,337,239,98
26,Westchester County (Southeast) PUMA,13883,8195,5688,12720,7596,5124,1163,599,564,4749,2276,2473,4620,2276,2344,129,0,129,6115,2972,3143,5624,2916,2708,491,56,435,3019,2947,72,2476,2404,72,543,543,0
27,Nassau County (Central)--Hempstead Town (North Central)--Meadowbrook Corridor PUMA,13806,7971,5835,11203,6889,4314,2603,1082,1521,3203,1798,1405,3019,1705,1314,184,93,91,7086,4230,2856,6268,3863,2405,818,367,451,3517,1943,1574,1916,1321,595,1601,622,979
28,Westchester County (Northwest) PUMA,13846,7032,6814,9747,5231,4516,4099,1801,2298,3492,1237,2255,3156,1125,2031,336,112,224,7023,4096,2927,5327,3271,2056,1696,825,871,3331,1699,1632,1264,835,429,2067,864,1203
29,Monroe County (South) PUMA,6453,3639,2814,5453,3126,2327,1000,513,487,4576,2563,2013,4009,2221,1788,567,342,225,1877,1076,801,1444,905,539,433,171,262,0,0,0,0,0,0,0,0,0
30,Rockland County (North)--New City & Congers PUMA,6424,2635,3789,4801,1944,2857,1623,691,932,2353,843,1510,2210,785,1425,143,58,85,3461,1440,2021,2271,1097,1174,1190,343,847,610,352,258,320,62,258,290,290,0
31,"NYC-Bronx Community District 1 & 2--Hunts Point, Longwood & Melrose PUMA",16817,8498,8319,9249,5125,4124,7568,3373,4195,2016,893,1123,1395,580,815,621,313,308,9301,5180,4121,5856,3682,2174,3445,1498,1947,5500,2425,3075,1998,863,1135,3502,1562,1940
32,Orange County (Southeast) PUMA,3476,796,2680,3221,735,2486,255,61,194,994,224,770,994,224,770,0,0,0,1261,461,800,1076,436,640,185,25,160,1221,111,1110,1151,75,1076,70,36,34
33,"NYC-Queens Community District 12--Jamaica, Hollis & St. Albans PUMA",24414,13654,10760,21331,12199,9132,3083,1455,1628,9134,4395,4739,7735,3708,4027,1399,687,712,12561,7704,4857,11332,7086,4246,1229,618,611,2719,1555,1164,2264,1405,859,455,150,305
34,Nassau County (Northeast)--Oyster Bay Town (North) & Glen Cove City PUMA,8451,3972,4479,7701,3592,4109,750,380,370,4351,1940,2411,4300,1940,2360,51,0,51,3002,991,2011,2464,772,1692,538,219,319,1098,1041,57,937,880,57,161,161,0
35,"Rockland County (West)--Spring Valley, Suffern Villages & Monsey PUMA",7256,3744,3512,5139,2939,2200,2117,805,1312,1854,735,1119,1163,492,671,691,243,448,4096,2255,1841,3539,2116,1423,557,139,418,1306,754,552,437,331,106,869,423,446
36,NYC-Queens Community District 2--Sunnyside & Woodside PUMA,28549,16308,12241,24192,13649,10543,4357,2659,1698,13349,6657,6692,11896,5974,5922,1453,683,770,13589,8733,4856,11143,7156,3987,2446,1577,869,1611,918,693,1153,519,634,458,399,59
37,Suffolk County (Northwest)--Huntington Town (South) PUMA,5689,2610,3079,5089,2353,2736,600,257,343,3302,1624,1678,3302,1624,1678,0,0,0,2104,788,1316,1504,531,973,600,257,343,283,198,85,283,198,85,0,0,0
38,Westchester County (Southwest)--Yonkers City PUMA,19539,8982,10557,14560,6728,7832,4979,2254,2725,5660,2389,3271,5314,2389,2925,346,0,346,10869,4803,6066,7674,3296,4378,3195,1507,1688,3010,1790,1220,1572,1043,529,1438,747,691
39,"NYC-Manhattan Community District 1 & 2--Battery Park City, Greenwich Village & Soho PUMA",6296,2849,3447,5688,2740,2948,608,109,499,4494,1915,2579,4128,1915,2213,366,0,366,493,282,211,360,282,78,133,0,133,1309,652,657,1200,543,657,109,109,0
40,NYC-Brooklyn Community District 14--Flatbush & Midwood PUMA,15480,7905,7575,10811,5680,5131,4669,2225,2444,4395,2646,1749,3798,2141,1657,597,505,92,9042,4419,4623,6223,3200,3023,2819,1219,1600,2043,840,1203,790,339,451,1253,501,752
41,NYC-Queens Community District 9--Richmond Hill & Woodhaven PUMA,25945,14459,11486,20401,11324,9077,5544,3135,2409,8972,4753,4219,7615,4151,3464,1357,602,755,13599,7435,6164,10540,5844,4696,3059,1591,1468,3374,2271,1103,2246,1329,917,1128,942,186
42,Erie County (West Central)--Buffalo City (West) PUMA,3444,1624,1820,1952,832,1120,1492,792,700,1308,564,744,747,503,244,561,61,500,1238,765,473,491,166,325,747,599,148,898,295,603,714,163,551,184,132,52
43,Fulton & Montgomery Counties PUMA,884,580,304,699,466,233,185,114,71,304,114,190,119,0,119,185,114,71,580,466,114,580,466,114,0,0,0,0,0,0,0,0,0,0,0,0
44,Westchester County (Central)--White Plains City PUMA,14415,7152,7263,12388,6479,5909,2027,673,1354,6590,2696,3894,6071,2696,3375,519,0,519,5386,2705,2681,4349,2350,1999,1037,355,682,2439,1751,688,1968,1433,535,471,318,153
45,St. Lawrence County PUMA,537,187,350,519,169,350,18,18,0,481,169,312,481,169,312,0,0,0,56,18,38,38,0,38,18,18,0,0,0,0,0,0,0,0,0,0
46,Saratoga County (South & Central) PUMA,4101,2238,1863,3336,1799,1537,765,439,326,2685,1364,1321,2537,1295,1242,148,69,79,654,212,442,295,0,295,359,212,147,762,662,100,504,504,0,258,158,100
47,Suffolk County (Central)--Brookhaven Town (West Central) PUMA,4751,2175,2576,4632,2175,2457,119,0,119,1918,837,1081,1918,837,1081,0,0,0,2025,937,1088,1906,937,969,119,0,119,808,401,407,808,401,407,0,0,0
48,Suffolk County (North Central)--Brookhaven Town (North) PUMA,3354,1458,1896,2538,1205,1333,816,253,563,2543,1311,1232,2192,1140,1052,351,171,180,428,147,281,346,65,281,82,82,0,383,0,383,0,0,0,383,0,383
49,Niagara County (Southwest)--Greater Niagara Falls & North Tonawanda Area PUMA,98,98,0,98,98,0,0,0,0,0,0,0,0,0,0,0,0,0,98,98,0,98,98,0,0,0,0,0,0,0,0,0,0,0,0,0
50,Suffolk County (Central)--Islip Town (East) PUMA,2041,1127,914,1820,1127,693,221,0,221,1414,814,600,1414,814,600,0,0,0,402,88,314,181,88,93,221,0,221,225,225,0,225,225,0,0,0,0
51,"NYC-Brooklyn Community District 9--Crown Heights South, Prospect Lefferts & Wingate PUMA",6607,2969,3638,5166,2265,2901,1441,704,737,1331,976,355,1155,800,355,176,176,0,4713,1644,3069,3506,1174,2332,1207,470,737,563,349,214,505,291,214,58,58,0
52,Westchester County (Northeast) PUMA,6234,2765,3469,5273,2343,2930,961,422,539,3358,1153,2205,2963,1153,1810,395,0,395,2364,1364,1000,2190,1190,1000,174,174,0,512,248,264,120,0,120,392,248,144
53,Chautauqua County PUMA,496,173,323,220,35,185,276,138,138,25,0,25,25,0,25,0,0,0,333,173,160,195,35,160,138,138,0,138,0,138,0,0,0,138,0,138
54,Erie County (West Central)--Buffalo City (East) PUMA,2741,2031,710,1219,1003,216,1522,1028,494,691,397,294,318,249,69,373,148,225,1709,1293,416,560,413,147,1149,880,269,341,341,0,341,341,0,0,0,0
55,Cayuga & Onondaga (South) Counties PUMA,880,437,443,880,437,443,0,0,0,513,282,231,513,282,231,0,0,0,231,109,122,231,109,122,0,0,0,136,46,90,136,46,90,0,0,0
56,Oneida County (Central)--Greater Utica & Rome Cities PUMA,4048,1535,2513,1977,811,1166,2071,724,1347,443,150,293,361,150,211,82,0,82,2470,928,1542,1157,458,699,1313,470,843,1135,457,678,459,203,256,676,254,422
57,Suffolk County (Southwest)--Babylon Town (Southeast) PUMA,4203,2476,1727,4203,2476,1727,0,0,0,1619,938,681,1619,938,681,0,0,0,1891,1099,792,1891,1099,792,0,0,0,693,439,254,693,439,254,0,0,0
58,"NYC-Manhattan Community District 6--Murray Hill, Gramercy & Stuyvesant Town PUMA",9385,4100,5285,8191,3753,4438,1194,347,847,7940,3626,4314,7448,3379,4069,492,247,245,1309,338,971,607,238,369,702,100,602,136,136,0,136,136,0,0,0,0
59,NYC-Manhattan Community District 11--East Harlem PUMA,10375,4740,5635,7112,3320,3792,3263,1420,1843,3538,1483,2055,3249,1483,1766,289,0,289,4562,1519,3043,2274,426,1848,2288,1093,1195,2275,1738,537,1589,1411,178,686,327,359
60,Schenectady County--Schenectady City PUMA,1861,907,954,1640,780,860,221,127,94,1200,663,537,1177,640,537,23,23,0,352,244,108,220,140,80,132,104,28,309,0,309,243,0,243,66,0,66
61,"Clinton, Franklin, Essex & Hamilton Counties PUMA",596,275,321,463,180,283,133,95,38,234,180,54,234,180,54,0,0,0,289,95,194,156,0,156,133,95,38,73,0,73,73,0,73,0,0,0
62,Onondaga County (Central)--Syracuse City (Outer) PUMA,1704,888,816,1430,682,748,274,206,68,1146,672,474,1035,576,459,111,96,15,378,163,215,268,53,215,110,110,0,180,53,127,127,53,74,53,0,53
63,"NYC-Queens Community District 11--Bayside, Douglaston & Little Neck PUMA",16218,6720,9498,13822,5920,7902,2396,800,1596,6661,2486,4175,5946,2319,3627,715,167,548,8170,3501,4669,6620,2999,3621,1550,502,1048,1387,733,654,1256,602,654,131,131,0
64,"NYC-Staten Island Community District 3--Tottenville, Great Kills & Annadale PUMA",3179,1636,1543,2936,1568,1368,243,68,175,1323,549,774,1323,549,774,0,0,0,1185,596,589,942,528,414,243,68,175,671,491,180,671,491,180,0,0,0
65,Onondaga County (North) PUMA,1343,499,844,988,394,594,355,105,250,400,201,199,400,201,199,0,0,0,777,193,584,527,193,334,250,0,250,166,105,61,61,0,61,105,105,0
66,Ulster County (East) PUMA,3398,1321,2077,2884,1140,1744,514,181,333,1204,491,713,1204,491,713,0,0,0,1668,624,1044,1235,524,711,433,100,333,526,206,320,445,125,320,81,81,0
67,Oswego County PUMA,453,209,244,412,209,203,41,0,41,310,144,166,310,144,166,0,0,0,78,0,78,37,0,37,41,0,41,65,65,0,65,65,0,0,0,0
68,Niagara County (North & East) PUMA,430,168,262,319,116,203,111,52,59,264,150,114,212,98,114,52,52,0,166,18,148,107,18,89,59,0,59,0,0,0,0,0,0,0,0,0
69,Broome (Outer West) & Tioga Counties PUMA,291,117,174,291,117,174,0,0,0,169,82,87,169,82,87,0,0,0,35,35,0,35,35,0,0,0,0,87,0,87,87,0,87,0,0,0
70,"NYC-Bronx Community District 4--Concourse, Highbridge & Mount Eden PUMA",20521,10739,9782,12560,7742,4818,7961,2997,4964,5519,2902,2617,3422,1698,1724,2097,1204,893,10887,6341,4546,6952,5193,1759,3935,1148,2787,4115,1496,2619,2186,851,1335,1929,645,1284
71,Suffolk County (Southwest)--Islip Town (South) PUMA,5852,3560,2292,5349,3290,2059,503,270,233,2426,1489,937,2364,1427,937,62,62,0,2653,1578,1075,2367,1370,997,286,208,78,773,493,280,618,493,125,155,0,155
72,Erie County (Central) PUMA,1084,532,552,596,322,274,488,210,278,299,125,174,299,125,174,0,0,0,412,359,53,250,197,53,162,162,0,373,48,325,47,0,47,326,48,278
73,"NYC-Bronx Community District 8--Riverdale, Fieldston & Kingsbridge PUMA",11593,5297,6296,9612,4542,5070,1981,755,1226,4395,1872,2523,4173,1708,2465,222,164,58,5445,2259,3186,3927,1909,2018,1518,350,1168,1753,1166,587,1512,925,587,241,241,0
74,Chemung (South) & Steuben (East) Counties--Greater Elmira & Greater Corning Cities PUMA,1556,932,624,1173,549,624,383,383,0,933,489,444,933,489,444,0,0,0,623,443,180,240,60,180,383,383,0,0,0,0,0,0,0,0,0,0
75,Nassau County (South Central)--Hempstead Town (Southeast) PUMA,4609,2726,1883,4545,2726,1819,64,0,64,1707,788,919,1707,788,919,0,0,0,2071,1362,709,2071,1362,709,0,0,0,831,576,255,767,576,191,64,0,64
76,"NYC-Queens Community District 13--Queens Village, Cambria Heights & Rosedale PUMA",26759,12993,13766,22279,10659,11620,4480,2334,2146,8878,3157,5721,7977,2642,5335,901,515,386,15076,7973,7103,12334,6780,5554,2742,1193,1549,2805,1863,942,1968,1237,731,837,626,211
77,Cattaraugus & Allegany Counties PUMA,450,126,324,27,0,27,423,126,297,27,0,27,27,0,27,0,0,0,253,0,253,0,0,0,253,0,253,170,126,44,0,0,0,170,126,44
78,"NYC-Queens Community District 7--Flushing, Murray Hill & Whitestone PUMA",38240,17779,20461,32249,15496,16753,5991,2283,3708,14849,7477,7372,14104,7278,6826,745,199,546,20188,8854,11334,16659,7442,9217,3529,1412,2117,3203,1448,1755,1486,776,710,1717,672,1045
79,Jefferson & Lewis Counties PUMA,1426,422,1004,1169,266,903,257,156,101,485,384,101,266,266,0,219,118,101,838,38,800,800,0,800,38,38,0,103,0,103,103,0,103,0,0,0
80,"NYC-Brooklyn Community District 6--Park Slope, Carroll Gardens & Red Hook PUMA",4420,2583,1837,3847,2367,1480,573,216,357,2096,1455,641,1951,1394,557,145,61,84,1697,850,847,1361,787,574,336,63,273,627,278,349,535,186,349,92,92,0
81,NYC-Queens Community District 1--Astoria & Long Island City PUMA,18752,8864,9888,13297,6731,6566,5455,2133,3322,8329,3776,4553,6917,3229,3688,1412,547,865,8678,4242,4436,5396,2953,2443,3282,1289,1993,1745,846,899,984,549,435,761,297,464
82,Saratoga County (Outer) PUMA,921,480,441,921,480,441,0,0,0,644,276,368,644,276,368,0,0,0,126,53,73,126,53,73,0,0,0,151,151,0,151,151,0,0,0,0
83,Dutchess County (Southwest) PUMA,7380,3904,3476,6815,3754,3061,565,150,415,2707,1481,1226,2707,1481,1226,0,0,0,3696,2056,1640,3362,1906,1456,334,150,184,977,367,610,746,367,379,231,0,231
84,Erie County (Northwest) PUMA,625,518,107,607,500,107,18,18,0,607,500,107,607,500,107,0,0,0,18,18,0,0,0,0,18,18,0,0,0,0,0,0,0,0,0,0
85,Genesee & Orleans Counties PUMA,575,448,127,504,377,127,71,71,0,310,283,27,310,283,27,0,0,0,63,29,34,63,29,34,0,0,0,202,136,66,131,65,66,71,71,0
86,Erie County (Northeast) PUMA,179,109,70,179,109,70,0,0,0,179,109,70,179,109,70,0,0,0,0,0,0,0,0,0,0,0,0,0,0,0,0,0,0,0,0,0
87,"NYC-Queens Community District 5--Ridgewood, Glendale & Middle Village PUMA",18610,10007,8603,15397,8208,7189,3213,1799,1414,6689,3644,3045,6172,3379,2793,517,265,252,9505,4928,4577,7795,4068,3727,1710,860,850,2416,1435,981,1430,761,669,986,674,312
88,NYC-Brooklyn Community District 3--Bedford-Stuyvesant PUMA,5662,2706,2956,3852,1762,2090,1810,944,866,1911,591,1320,1684,522,1162,227,69,158,1838,980,858,940,597,343,898,383,515,1913,1135,778,1228,643,585,685,492,193
89,Nassau County (West Central)--Hempstead Town (West Central) PUMA,10828,5870,4958,10464,5565,4899,364,305,59,5341,2351,2990,5341,2351,2990,0,0,0,4870,3078,1792,4668,2935,1733,202,143,59,617,441,176,455,279,176,162,162,0
90,Suffolk County (South Central)--Brookhaven Town (South) PUMA,5271,2933,2338,4574,2763,1811,697,170,527,864,451,413,864,451,413,0,0,0,2536,1396,1140,2366,1226,1140,170,170,0,1871,1086,785,1344,1086,258,527,0,527
91,Orange County (Northeast)--Greater Newburgh City PUMA,5905,2839,3066,5197,2462,2735,708,377,331,2196,1008,1188,2055,867,1188,141,141,0,2365,1206,1159,1935,970,965,430,236,194,1344,625,719,1207,625,582,137,0,137
92,Sullivan & Ulster (West) Counties PUMA,2699,977,1722,1816,695,1121,883,282,601,604,401,203,495,292,203,109,109,0,1868,424,1444,1169,251,918,699,173,526,227,152,75,152,152,0,75,0,75
93,"NYC-Staten Island Community District 1--Port Richmond, Stapleton & Mariner's Harbor PUMA",12627,5867,6760,10314,4917,5397,2313,950,1363,4479,2384,2095,4151,2180,1971,328,204,124,6154,2514,3640,4665,2116,2549,1489,398,1091,1994,969,1025,1498,621,877,496,348,148
94,Wayne & Seneca Counties PUMA,788,485,303,556,253,303,232,232,0,153,62,91,153,62,91,0,0,0,428,304,124,196,72,124,232,232,0,207,119,88,207,119,88,0,0,0
95,Albany County (East Central)--Albany City PUMA,3349,1779,1570,2415,1296,1119,934,483,451,2099,1032,1067,1382,678,704,717,354,363,1162,747,415,1033,618,415,129,129,0,88,0,88,0,0,0,88,0,88
96,Nassau County (Northwest)--North Hempstead Town (North) PUMA,7407,3607,3800,6729,3571,3158,678,36,642,5863,2914,2949,5290,2878,2412,573,36,537,1301,577,724,1231,577,654,70,0,70,243,116,127,208,116,92,35,0,35
97,Rensselaer County--Troy City PUMA,1641,854,787,1509,754,755,132,100,32,960,480,480,932,452,480,28,28,0,350,250,100,350,250,100,0,0,0,331,124,207,227,52,175,104,72,32
98,Tompkins County PUMA,3564,1734,1830,2909,1583,1326,655,151,504,3259,1734,1525,2671,1583,1088,588,151,437,249,0,249,182,0,182,67,0,67,56,0,56,56,0,56,0,0,0
99,Suffolk County (West Central)--Babylon Town (Northwest) PUMA,9685,5366,4319,7377,3884,3493,2308,1482,826,3208,1622,1586,2504,918,1586,704,704,0,5160,2570,2590,3992,2228,1764,1168,342,826,1317,1174,143,881,738,143,436,436,0
100,NYC-Queens Community District 3--Jackson Heights & North Corona PUMA,30898,16253,14645,22784,12200,10584,8114,4053,4061,6474,3179,3295,5859,2880,2979,615,299,316,19892,10390,9502,14542,8079,6463,5350,2311,3039,4532,2684,1848,2383,1241,1142,2149,1443,706
101,NYC-Queens Community District 4--Elmhurst & South Corona PUMA,34614,19190,15424,28011,15758,12253,6603,3432,3171,12020,5631,6389,10234,4666,5568,1786,965,821,19646,11861,7785,15629,9982,5647,4017,1879,2138,2948,1698,1250,2148,1110,1038,800,588,212
102,Columbia & Greene Counties PUMA,831,461,370,740,404,336,91,57,34,266,13,253,266,13,253,0,0,0,307,203,104,251,181,70,56,22,34,258,245,13,223,210,13,35,35,0
103,Madison & Cortland Counties PUMA,355,159,196,355,159,196,0,0,0,200,159,41,200,159,41,0,0,0,155,0,155,155,0,155,0,0,0,0,0,0,0,0,0,0,0,0
104,NYC-Queens Community District 6--Forest Hills & Rego Park PUMA,17275,6157,11118,15138,5683,9455,2137,474,1663,11966,4684,7282,10754,4511,6243,1212,173,1039,4623,1177,3446,3949,943,3006,674,234,440,686,296,390,435,229,206,251,67,184
105,NYC-Brooklyn Community District 5--East New York & Starrett City PUMA,17797,9881,7916,13107,7648,5459,4690,2233,2457,2484,1583,901,2195,1465,730,289,118,171,13005,7275,5730,9657,5697,3960,3348,1578,1770,2308,1023,1285,1255,486,769,1053,537,516
106,"NYC-Bronx Community District 5--Morris Heights, Fordham South & Mount Hope PUMA",20534,9709,10825,12416,6346,6070,8118,3363,4755,4332,1662,2670,3743,1445,2298,589,217,372,11568,5428,6140,7019,3634,3385,4549,1794,2755,4634,2619,2015,1654,1267,387,2980,1352,1628
107,NYC-Brooklyn Community District 8--Crown Heights North & Prospect Heights PUMA,5838,2236,3602,4108,1786,2322,1730,450,1280,3117,845,2272,2284,737,1547,833,108,725,1986,1274,712,1463,932,531,523,342,181,735,117,618,361,117,244,374,0,374
108,"Steuben (North & West), Schuyler & Chemung (North) Counties PUMA",470,358,112,200,88,112,270,270,0,93,0,93,93,0,93,0,0,0,346,327,19,76,57,19,270,270,0,31,31,0,31,31,0,0,0,0
109,Herkimer (North & Central) & Oneida (Outer) Counties PUMA,153,90,63,122,90,32,31,0,31,63,0,63,32,0,32,31,0,31,90,90,0,90,90,0,0,0,0,0,0,0,0,0,0,0,0,0
110,Livingston & Wyoming Counties PUMA,95,53,42,53,53,0,42,0,42,0,0,0,0,0,0,0,0,0,42,0,42,0,0,0,42,0,42,53,53,0,53,53,0,0,0,0
111,Putnam County PUMA,2684,1158,1526,2047,852,1195,637,306,331,1142,405,737,1142,405,737,0,0,0,991,328,663,463,131,332,528,197,331,551,425,126,442,316,126,109,109,0
112,"NYC-Brooklyn Community District 17--East Flatbush, Farragut & Rugby PUMA",10620,4844,5776,8046,3743,4303,2574,1101,1473,2492,1053,1439,2225,786,1439,267,267,0,7314,3266,4048,5477,2665,2812,1837,601,1236,814,525,289,344,292,52,470,233,237
113,Suffolk County (Northwest)--Huntington Town (North) PUMA,5193,2973,2220,3660,2122,1538,1533,851,682,1821,874,947,1648,874,774,173,0,173,2530,1558,972,1399,707,692,1131,851,280,842,541,301,613,541,72,229,0,229
114,"NYC-Bronx Community District 12--Wakefield, Williamsbridge & Woodlawn PUMA",13797,7332,6465,11066,6210,4856,2731,1122,1609,3330,1771,1559,3013,1645,1368,317,126,191,7924,3979,3945,6497,3392,3105,1427,587,840,2543,1582,961,1556,1173,383,987,409,578
115,NYC-Manhattan Community District 3--Chinatown & Lower East Side PUMA,9594,4847,4747,7212,3851,3361,2382,996,1386,4916,2637,2279,4485,2331,2154,431,306,125,4091,1874,2217,2581,1374,1207,1510,500,1010,587,336,251,146,146,0,441,190,251
116,Nassau County (East Central)--Oyster Bay Town (Central) PUMA,11803,6225,5578,10376,5468,4908,1427,757,670,7301,3417,3884,7009,3204,3805,292,213,79,3891,2522,1369,3198,2195,1003,693,327,366,611,286,325,169,69,100,442,217,225
117,Westchester County (South Central)--New Rochelle & Mount Vernon Cities PUMA,15098,7096,8002,12481,6008,6473,2617,1088,1529,3636,1530,2106,3540,1530,2010,96,0,96,9660,4576,5084,7605,3547,4058,2055,1029,1026,1802,990,812,1336,931,405,466,59,407
118,Orange County (Northwest) PUMA,5243,2326,2917,3576,1644,1932,1667,682,985,682,252,430,674,244,430,8,8,0,3817,1714,2103,2639,1262,1377,1178,452,726,744,360,384,263,138,125,481,222,259
119,Nassau County (Central)--Hempstead Town (East Central) PUMA,2282,786,1496,2160,786,1374,122,0,122,1112,351,761,1112,351,761,0,0,0,1170,435,735,1048,435,613,122,0,122,0,0,0,0,0,0,0,0,0
120,Monroe County (North & West) PUMA,49,0,49,49,0,49,0,0,0,0,0,0,0,0,0,0,0,0,0,0,0,0,0,0,0,0,0,49,0,49,49,0,49,0,0,0
121,Suffolk County (Northwest)--Smithtown Town PUMA,2365,960,1405,2365,960,1405,0,0,0,1903,674,1229,1903,674,1229,0,0,0,145,69,76,145,69,76,0,0,0,317,217,100,317,217,100,0,0,0
122,Broome County (West Central)--Greater Binghamton City & Greater Johnson City Village PUMA,2309,959,1350,1859,729,1130,450,230,220,1253,326,927,987,280,707,266,46,220,673,388,285,489,204,285,184,184,0,383,245,138,383,245,138,0,0,0
123,"NYC-Brooklyn Community District 12--Borough Park, Kensington & Ocean Parkway PUMA",9253,5600,3653,7391,4309,3082,1862,1291,571,2915,1755,1160,2569,1534,1035,346,221,125,4298,2702,1596,3198,1999,1199,1100,703,397,2040,1143,897,1624,776,848,416,367,49
124,Suffolk County (Central)--Brookhaven Town (Central) PUMA,7518,3960,3558,6818,3659,3159,700,301,399,1827,1159,668,1225,858,367,602,301,301,5409,2655,2754,5311,2655,2656,98,0,98,282,146,136,282,146,136,0,0,0
125,NYC-Queens Community District 10--Howard Beach & Ozone Park PUMA,11890,5950,5940,9273,4566,4707,2617,1384,1233,3620,1935,1685,3105,1645,1460,515,290,225,6786,3098,3688,5069,2389,2680,1717,709,1008,1484,917,567,1099,532,567,385,385,0
126,Erie County (South) PUMA,543,347,196,543,347,196,0,0,0,129,69,60,129,69,60,0,0,0,414,278,136,414,278,136,0,0,0,0,0,0,0,0,0,0,0,0
127,"NYC-Bronx Community District 11--Pelham Parkway, Morris Park & Laconia PUMA",10093,4844,5249,7273,3672,3601,2820,1172,1648,3554,1395,2159,2836,1178,1658,718,217,501,5062,2879,2183,3911,2246,1665,1151,633,518,1477,570,907,526,248,278,951,322,629
128,"NYC-Queens Community District 14--Far Rockaway, Breezy Point & Broad Channel PUMA",6538,3165,3373,4734,2184,2550,1804,981,823,2675,1496,1179,2068,1086,982,607,410,197,3056,1268,1788,2560,992,1568,496,276,220,807,401,406,106,106,0,701,295,406
129,"NYC-Bronx Community District 10--Co-op City, Pelham Bay & Schuylerville PUMA",8847,5359,3488,7389,4357,3032,1458,1002,456,2404,1467,937,2226,1467,759,178,0,178,4699,2392,2307,4482,2335,2147,217,57,160,1744,1500,244,681,555,126,1063,945,118
130,Nassau County (West Central)--North Hempstead Town (South) PUMA,14604,7755,6849,13038,6839,6199,1566,916,650,8129,3253,4876,7797,3078,4719,332,175,157,3956,2525,1431,3444,2244,1200,512,281,231,2519,1977,542,1797,1517,280,722,460,262
131,Monroe County (Central)--Greece & Gates Towns PUMA,1971,1010,961,1424,665,759,547,345,202,846,437,409,723,437,286,123,0,123,1125,573,552,701,228,473,424,345,79,0,0,0,0,0,0,0,0,0
132,"NYC-Manhattan Community District 12--Washington Heights, Inwood & Marble Hill PUMA",28029,12846,15183,23290,11393,11897,4739,1453,3286,7502,1955,5547,6288,1633,4655,1214,322,892,14960,7536,7424,12846,6796,6050,2114,740,1374,5567,3355,2212,4156,2964,1192,1411,391,1020
133,"NYC-Brooklyn Community District 15--Sheepshead Bay, Gerritsen Beach & Homecrest PUMA",13232,6127,7105,11201,5167,6034,2031,960,1071,5365,2229,3136,5062,2182,2880,303,47,256,5915,2755,3160,4793,2395,2398,1122,360,762,1952,1143,809,1346,590,756,606,553,53
134,"NYC-Bronx Community District 3 & 6--Belmont, Crotona Park East & East Tremont PUMA",22551,10327,12224,13967,6765,7202,8584,3562,5022,3750,2280,1470,2845,1643,1202,905,637,268,15232,6189,9043,9964,4242,5722,5268,1947,3321,3569,1858,1711,1158,880,278,2411,978,1433
135,Nassau County (Southwest)--Hempstead Town (Southwest) & Long Beach City PUMA,2891,1357,1534,2602,1161,1441,289,196,93,808,561,247,612,365,247,196,196,0,1249,390,859,1156,390,766,93,0,93,834,406,428,834,406,428,0,0,0
136,NYC-Brooklyn Community District 13--Brighton Beach & Coney Island PUMA,4008,2281,1727,2179,1328,851,1829,953,876,1350,846,504,1036,532,504,314,314,0,1499,671,828,724,484,240,775,187,588,1159,764,395,419,312,107,740,452,288
137,NYC-Manhattan Community District 8--Upper East Side PUMA,10599,5136,5463,8686,4618,4068,1913,518,1395,9396,4554,4842,7673,4036,3637,1723,518,1205,1036,415,621,846,415,431,190,0,190,167,167,0,167,167,0,0,0,0
138,NYC-Brooklyn Community District 7--Sunset Park & Windsor Terrace PUMA,14814,7909,6905,9376,5017,4359,5438,2892,2546,3312,1500,1812,2710,1075,1635,602,425,177,7620,3859,3761,5068,2770,2298,2552,1089,1463,3882,2550,1332,1598,1172,426,2284,1378,906
139,"NYC-Bronx Community District 7--Bedford Park, Fordham North & Norwood PUMA",18658,10414,8244,11848,6403,5445,6810,4011,2799,3724,1271,2453,2361,412,1949,1363,859,504,11970,7180,4790,7607,4530,3077,4363,2650,1713,2964,1963,1001,1880,1461,419,1084,502,582
140,Monroe County (East) PUMA,1834,848,986,1834,848,986,0,0,0,721,469,252,721,469,252,0,0,0,957,294,663,957,294,663,0,0,0,156,85,71,156,85,71,0,0,0
141,Suffolk County (East) PUMA,6681,3486,3195,5109,2464,2645,1572,1022,550,1157,240,917,1080,203,877,77,37,40,4031,2187,1844,3547,2087,1460,484,100,384,1493,1059,434,482,174,308,1011,885,126
142,"NYC-Queens Community District 8--Briarwood, Fresh Meadows & Hillcrest PUMA",25271,12602,12669,20755,10380,10375,4516,2222,2294,13498,6679,6819,11007,5483,5524,2491,1196,1295,10598,4948,5650,8726,4040,4686,1872,908,964,1175,975,200,1022,857,165,153,118,35
143,"NYC-Bronx Community District 9--Castle Hill, Clason Point & Parkchester PUMA",20462,11037,9425,11772,6735,5037,8690,4302,4388,5123,2674,2449,4536,2490,2046,587,184,403,10217,5091,5126,5399,2743,2656,4818,2348,2470,5122,3272,1850,1837,1502,335,3285,1770,1515
144,Suffolk County (Central)--Islip Town (Northwest) PUMA,21412,12823,8589,19763,11843,7920,1649,980,669,2645,1420,1225,2555,1330,1225,90,90,0,11349,5643,5706,10311,5274,5037,1038,369,669,7418,5760,1658,6897,5239,1658,521,521,0
145,NYC-Manhattan Community District 7--Upper West Side & West Side PUMA,8401,3222,5179,7470,2640,4830,931,582,349,7258,2297,4961,6970,2140,4830,288,157,131,707,489,218,74,74,0,633,415,218,436,436,0,426,426,0,10,10,0
146,Capital Region,19625,10594,9031,16584,8753,7831,3041,1841,1200,13282,6972,6310,11831,5963,5868,1451,1009,442,4186,2182,2004,3247,1715,1532,939,467,472,2157,1440,717,1506,1075,431,651,365,286
147,Central NY,8968,4370,4598,6050,2766,3284,2918,1604,1314,4580,2622,1958,3339,1715,1624,1241,907,334,3070,1197,1873,2215,856,1359,855,341,514,1318,551,767,496,195,301,822,356,466
148,Finger Lakes,16866,9451,7415,14585,8133,6452,2281,1318,963,8160,4901,3259,7321,4517,2804,839,384,455,7381,3923,3458,6059,3060,2999,1322,863,459,1325,627,698,1205,556,649,120,71,49
149,Long Island,181124,95922,85202,160869,85571,75298,20255,10351,9904,74095,34806,39289,70255,32575,37680,3840,2231,1609,77047,40884,36163,68228,37001,31227,8819,3883,4936,29982,20232,9750,22386,15995,6391,7596,4237,3359
150,Mid-Hudson,138970,66772,72198,110633,54521,56112,28337,12251,16086,46320,19131,27189,42659,18296,24363,3661,835,2826,67419,32685,34734,51867,26096,25771,15552,6589,8963,25231,14956,10275,16107,10129,5978,9124,4827,4297
151,Mohawk Valley,5743,2522,3221,3343,1620,1723,2400,902,1498,1119,408,711,821,294,527,298,114,184,3322,1617,1705,1936,1123,813,1386,494,892,1302,497,805,586,203,383,716,294,422
152,New York City,836131,419889,416242,641537,332451,309086,194594,87438,107156,312315,148953,163362,270965,129991,140974,41350,18962,22388,409913,206794,203119,304030,162654,141376,105883,44140,61743,113903,64142,49761,66542,39806,26736,47361,24336,23025
153,North Country,2559,884,1675,2151,615,1536,408,269,139,1200,733,467,981,615,366,219,118,101,1183,151,1032,994,0,994,189,151,38,176,0,176,176,0,176,0,0,0
154,Southern Tier,8885,4330,4555,6989,3291,3698,1896,1039,857,6147,2759,3388,5160,2562,2598,987,197,790,2144,1295,849,1235,453,782,909,842,67,594,276,318,594,276,318,0,0,0
155,Western NY,15816,9254,6562,9958,5652,4306,5858,3602,2256,8441,4860,3581,6027,3461,2566,2414,1399,1015,5100,3333,1767,2574,1536,1038,2526,1797,729,2275,1061,1214,1357,655,702,918,406,512
