,puma,Total_geo,Total_geo_m,Total_geo_f,Total_Emp_mf_t,Total_emp_m,Total_emp_f,Total_UnEmp_mf_t,Total_UnEmp_m,Total_UnEmp_f,Total_BABS,Total_BABS_m,Total_BABS_f,BABS_Emp_mf_t,BABS_emp_m,BABS_emp_f,BABS_UnEmp_mf_t,BABS_UnEmp_m,BABS_UnEmp_f,Total_HS,Total_HS_m,Total_HS_f,HS_Emp_mf_t,HS_emp_m,HS_emp_f,HS_UnEmp_mf_t,HS_UnEmp_m,HS_UnEmp_f,Total_HSINC,Total_HSINC_m,Total_HSINC_f,HSINC_Emp_mf_t,HSINC_emp_m,HSINC_emp_f,HSINC_UnEmp_mf_t,HSINC_UnEmp_m,HSINC_UnEmp_f
0,Total Geo,1022460,567981,454479,983068,550013,433055,39392,17968,21424,410483,209237,201246,396162,202576,193586,14321,6661,7660,478736,266823,211913,460388,259492,200896,18348,7331,11017,133241,91921,41320,126518,87945,38573,6723,3976,2747
1,Monroe County (Central)--Rochester City (East) PUMA,1609,1209,400,1570,1170,400,39,39,0,616,507,109,577,468,109,39,39,0,906,702,204,906,702,204,0,0,0,87,0,87,87,0,87,0,0,0
2,NYC-Brooklyn Community District 4--Bushwick PUMA,10199,6343,3856,9845,6091,3754,354,252,102,2370,1080,1290,2370,1080,1290,0,0,0,5447,3574,1873,5345,3574,1771,102,0,102,2382,1689,693,2130,1437,693,252,252,0
3,NYC-Manhattan Community District 10--Central Harlem PUMA,13544,8447,5097,12910,8282,4628,634,165,469,5498,3880,1618,5218,3880,1338,280,0,280,6055,3018,3037,5866,3018,2848,189,0,189,1991,1549,442,1826,1384,442,165,165,0
4,Ontario & Yates Counties PUMA,729,343,386,729,343,386,0,0,0,280,233,47,280,233,47,0,0,0,368,110,258,368,110,258,0,0,0,81,0,81,81,0,81,0,0,0
5,Albany County (Outside Albany City) PUMA,5000,3250,1750,4782,3150,1632,218,100,118,3824,2628,1196,3824,2628,1196,0,0,0,918,364,554,800,364,436,118,0,118,258,258,0,158,158,0,100,100,0
6,"Otsego, Schoharie, Oneida (South) & Herkimer (South) Counties PUMA",465,250,215,465,250,215,0,0,0,283,117,166,283,117,166,0,0,0,182,133,49,182,133,49,0,0,0,0,0,0,0,0,0,0,0,0
7,NYC-Brooklyn Community District 11--Bensonhurst & Bath Beach PUMA,22060,13668,8392,21048,12859,8189,1012,809,203,10699,6396,4303,9909,5664,4245,790,732,58,8298,5209,3089,8076,5132,2944,222,77,145,3063,2063,1000,3063,2063,1000,0,0,0
8,"Rockland County (South)--Orangetown, Clarkstown (South) & Ramapo (Southeast) Towns PUMA",7856,4643,3213,7558,4431,3127,298,212,86,3414,1148,2266,3328,1148,2180,86,0,86,1893,1661,232,1893,1661,232,0,0,0,2549,1834,715,2337,1622,715,212,212,0
9,Warren & Washington Counties PUMA,258,123,135,258,123,135,0,0,0,195,123,72,195,123,72,0,0,0,63,0,63,63,0,63,0,0,0,0,0,0,0,0,0,0,0,0
10,Erie County (North Central) PUMA,4970,3252,1718,4970,3252,1718,0,0,0,4260,2670,1590,4260,2670,1590,0,0,0,459,331,128,459,331,128,0,0,0,251,251,0,251,251,0,0,0,0
11,"NYC-Manhattan Community District 4 & 5--Chelsea, Clinton & Midtown Business District PUMA",14841,8503,6338,13812,8317,5495,1029,186,843,12366,6724,5642,11362,6563,4799,1004,161,843,2389,1779,610,2364,1754,610,25,25,0,86,0,86,86,0,86,0,0,0
12,Nassau County (Southeast)--Oyster Bay Town (South) PUMA,1014,509,505,909,509,400,105,0,105,449,291,158,449,291,158,0,0,0,352,110,242,352,110,242,0,0,0,213,108,105,108,108,0,105,0,105
13,Nassau County (Central)--Hempstead Town (Northeast) PUMA,8388,4520,3868,8317,4520,3797,71,0,71,5103,2168,2935,5032,2168,2864,71,0,71,1335,1076,259,1335,1076,259,0,0,0,1950,1276,674,1950,1276,674,0,0,0
14,NYC-Brooklyn Community District 16--Brownsville & Ocean Hill PUMA,3490,1658,1832,3397,1565,1832,93,93,0,782,334,448,782,334,448,0,0,0,2450,1324,1126,2357,1231,1126,93,93,0,258,0,258,258,0,258,0,0,0
15,NYC-Brooklyn Community District 2--Brooklyn Heights & Fort Greene PUMA,5724,2771,2953,5471,2518,2953,253,253,0,3920,2105,1815,3667,1852,1815,253,253,0,900,240,660,900,240,660,0,0,0,904,426,478,904,426,478,0,0,0
16,Onondaga County (Central)--Syracuse City PUMA,2802,1527,1275,2355,1248,1107,447,279,168,1178,704,474,797,491,306,381,213,168,1096,613,483,1030,547,483,66,66,0,528,210,318,528,210,318,0,0,0
17,NYC-Staten Island Community District 2--New Springville & South Beach PUMA,8477,4437,4040,8104,4205,3899,373,232,141,3894,1868,2026,3811,1785,2026,83,83,0,3985,2274,1711,3695,2125,1570,290,149,141,598,295,303,598,295,303,0,0,0
18,Nassau County (West Central)--Hempstead Town (Northwest) PUMA,8426,3657,4769,8318,3631,4687,108,26,82,3076,985,2091,3076,985,2091,0,0,0,4670,2349,2321,4562,2323,2239,108,26,82,680,323,357,680,323,357,0,0,0
19,"NYC-Manhattan Community District 9--Hamilton Heights, Manhattanville & West Harlem PUMA",10120,5252,4868,9771,4995,4776,349,257,92,5087,2806,2281,5087,2806,2281,0,0,0,3716,1221,2495,3459,964,2495,257,257,0,1317,1225,92,1225,1225,0,92,0,92
20,Monroe County (Central)--Rochester City (West) PUMA,2345,1474,871,2345,1474,871,0,0,0,681,596,85,681,596,85,0,0,0,1250,720,530,1250,720,530,0,0,0,414,158,256,414,158,256,0,0,0
21,"Chenango, Delaware & Broome (East) Counties PUMA",525,230,295,525,230,295,0,0,0,307,128,179,307,128,179,0,0,0,218,102,116,218,102,116,0,0,0,0,0,0,0,0,0,0,0,0
22,Dutchess County (North & East) PUMA,2007,1001,1006,2007,1001,1006,0,0,0,1066,656,410,1066,656,410,0,0,0,395,0,395,395,0,395,0,0,0,546,345,201,546,345,201,0,0,0
23,NYC-Brooklyn Community District 10--Bay Ridge & Dyker Heights PUMA,10036,5583,4453,9898,5583,4315,138,0,138,4570,2312,2258,4432,2312,2120,138,0,138,4533,2789,1744,4533,2789,1744,0,0,0,933,482,451,933,482,451,0,0,0
24,NYC-Brooklyn Community District 1--Greenpoint & Williamsburg PUMA,4808,2299,2509,4369,1938,2431,439,361,78,2325,993,1332,2225,893,1332,100,100,0,1793,925,868,1454,664,790,339,261,78,690,381,309,690,381,309,0,0,0
25,NYC-Brooklyn Community District 18--Canarsie & Flatlands PUMA,13818,6460,7358,13641,6392,7249,177,68,109,6097,3106,2991,6097,3106,2991,0,0,0,6975,2914,4061,6798,2846,3952,177,68,109,746,440,306,746,440,306,0,0,0
26,Westchester County (Southeast) PUMA,12699,8036,4663,11494,7253,4241,1205,783,422,4302,2117,2185,4099,1981,2118,203,136,67,5378,2972,2406,4579,2528,2051,799,444,355,3019,2947,72,2816,2744,72,203,203,0
27,Nassau County (Central)--Hempstead Town (North Central)--Meadowbrook Corridor PUMA,11635,7562,4073,11253,7260,3993,382,302,80,2992,1678,1314,2690,1376,1314,302,302,0,6320,4230,2090,6320,4230,2090,0,0,0,2323,1654,669,2243,1654,589,80,0,80
28,Westchester County (Northwest) PUMA,12291,6842,5449,11948,6717,5231,343,125,218,3236,1237,1999,3018,1237,1781,218,0,218,6499,3906,2593,6374,3781,2593,125,125,0,2556,1699,857,2556,1699,857,0,0,0
29,Monroe County (South) PUMA,5182,3204,1978,5182,3204,1978,0,0,0,3497,2320,1177,3497,2320,1177,0,0,0,1685,884,801,1685,884,801,0,0,0,0,0,0,0,0,0,0,0,0
30,Rockland County (North)--New City & Congers PUMA,5570,2585,2985,5457,2585,2872,113,0,113,2124,793,1331,2011,793,1218,113,0,113,3035,1440,1595,3035,1440,1595,0,0,0,411,352,59,411,352,59,0,0,0
31,"NYC-Bronx Community District 1 & 2--Hunts Point, Longwood & Melrose PUMA",12607,7097,5510,11920,6557,5363,687,540,147,1667,655,1012,1667,655,1012,0,0,0,8279,4976,3303,7592,4436,3156,687,540,147,2661,1466,1195,2661,1466,1195,0,0,0
32,Orange County (Southeast) PUMA,2283,796,1487,1802,796,1006,481,0,481,983,224,759,911,224,687,72,0,72,711,461,250,711,461,250,0,0,0,589,111,478,180,111,69,409,0,409
33,"NYC-Queens Community District 12--Jamaica, Hollis & St. Albans PUMA",20383,12108,8275,19768,11877,7891,615,231,384,8154,3987,4167,7957,3829,4128,197,158,39,10450,7019,3431,10221,6946,3275,229,73,156,1779,1102,677,1590,1102,488,189,0,189
34,Nassau County (Northeast)--Oyster Bay Town (North) & Glen Cove City PUMA,7840,3972,3868,7731,3863,3868,109,109,0,4248,1940,2308,4221,1913,2308,27,27,0,2494,991,1503,2412,909,1503,82,82,0,1098,1041,57,1098,1041,57,0,0,0
35,"Rockland County (West)--Spring Valley, Suffern Villages & Monsey PUMA",6180,3298,2882,5560,2979,2581,620,319,301,1734,675,1059,1611,552,1059,123,123,0,3533,1869,1664,3125,1762,1363,408,107,301,913,754,159,824,665,159,89,89,0
36,NYC-Queens Community District 2--Sunnyside & Woodside PUMA,24314,14904,9410,23693,14736,8957,621,168,453,11495,6149,5346,11269,6149,5120,226,0,226,11746,8064,3682,11351,7896,3455,395,168,227,1073,691,382,1073,691,382,0,0,0
37,Suffolk County (Northwest)--Huntington Town (South) PUMA,4979,2610,2369,4933,2564,2369,46,46,0,3089,1624,1465,3043,1578,1465,46,46,0,1607,788,819,1607,788,819,0,0,0,283,198,85,283,198,85,0,0,0
38,Westchester County (Southwest)--Yonkers City PUMA,17009,8853,8156,16342,8695,7647,667,158,509,4924,2389,2535,4831,2389,2442,93,0,93,9259,4715,4544,8821,4557,4264,438,158,280,2826,1749,1077,2690,1749,941,136,0,136
39,"NYC-Manhattan Community District 1 & 2--Battery Park City, Greenwich Village & Soho PUMA",5504,2600,2904,5366,2600,2766,138,0,138,4084,1915,2169,3946,1915,2031,138,0,138,220,142,78,220,142,78,0,0,0,1200,543,657,1200,543,657,0,0,0
40,NYC-Brooklyn Community District 14--Flatbush & Midwood PUMA,11451,6708,4743,11128,6385,4743,323,323,0,3900,2329,1571,3741,2170,1571,159,159,0,6229,3811,2418,6157,3739,2418,72,72,0,1322,568,754,1230,476,754,92,92,0
41,NYC-Queens Community District 9--Richmond Hill & Woodhaven PUMA,20388,12763,7625,19125,11908,7217,1263,855,408,7546,4516,3030,6887,3897,2990,659,619,40,10125,6119,4006,9705,5966,3739,420,153,267,2717,2128,589,2533,2045,488,184,83,101
42,Erie County (West Central)--Buffalo City (West) PUMA,2895,1349,1546,2794,1349,1445,101,0,101,1247,503,744,1247,503,744,0,0,0,899,551,348,899,551,348,0,0,0,749,295,454,648,295,353,101,0,101
43,Fulton & Montgomery Counties PUMA,647,491,156,647,491,156,0,0,0,200,114,86,200,114,86,0,0,0,447,377,70,447,377,70,0,0,0,0,0,0,0,0,0,0,0,0
44,Westchester County (Central)--White Plains City PUMA,13061,6921,6140,12510,6524,5986,551,397,154,5937,2465,3472,5687,2215,3472,250,250,0,4877,2705,2172,4576,2558,2018,301,147,154,2247,1751,496,2247,1751,496,0,0,0
45,St. Lawrence County PUMA,451,187,264,451,187,264,0,0,0,416,169,247,416,169,247,0,0,0,35,18,17,35,18,17,0,0,0,0,0,0,0,0,0,0,0,0
46,Saratoga County (South & Central) PUMA,3433,2238,1195,2834,1734,1100,599,504,95,2325,1364,961,2230,1364,866,95,0,95,446,212,234,446,212,234,0,0,0,662,662,0,158,158,0,504,504,0
47,Suffolk County (Central)--Brookhaven Town (West Central) PUMA,3472,2010,1462,3472,2010,1462,0,0,0,1554,837,717,1554,837,717,0,0,0,1539,887,652,1539,887,652,0,0,0,379,286,93,379,286,93,0,0,0
48,Suffolk County (North Central)--Brookhaven Town (North) PUMA,2631,1393,1238,2631,1393,1238,0,0,0,2268,1311,957,2268,1311,957,0,0,0,363,82,281,363,82,281,0,0,0,0,0,0,0,0,0,0,0,0
49,Niagara County (Southwest)--Greater Niagara Falls & North Tonawanda Area PUMA,98,98,0,98,98,0,0,0,0,0,0,0,0,0,0,0,0,0,98,98,0,98,98,0,0,0,0,0,0,0,0,0,0,0,0,0
50,Suffolk County (Central)--Islip Town (East) PUMA,1961,1127,834,1736,902,834,225,225,0,1334,814,520,1334,814,520,0,0,0,402,88,314,402,88,314,0,0,0,225,225,0,0,0,0,225,225,0
51,"NYC-Brooklyn Community District 9--Crown Heights South, Prospect Lefferts & Wingate PUMA",5557,2436,3121,5557,2436,3121,0,0,0,948,800,148,948,800,148,0,0,0,4104,1345,2759,4104,1345,2759,0,0,0,505,291,214,505,291,214,0,0,0
52,Westchester County (Northeast) PUMA,5006,2694,2312,4889,2694,2195,117,0,117,2671,1082,1589,2554,1082,1472,117,0,117,2087,1364,723,2087,1364,723,0,0,0,248,248,0,248,248,0,0,0,0
53,Chautauqua County PUMA,395,173,222,395,173,222,0,0,0,25,0,25,25,0,25,0,0,0,232,173,59,232,173,59,0,0,0,138,0,138,138,0,138,0,0,0
54,Erie County (West Central)--Buffalo City (East) PUMA,1742,1442,300,1658,1442,216,84,0,84,492,339,153,408,339,69,84,0,84,1114,967,147,1114,967,147,0,0,0,136,136,0,136,136,0,0,0,0
55,Cayuga & Onondaga (South) Counties PUMA,758,437,321,758,437,321,0,0,0,513,282,231,513,282,231,0,0,0,109,109,0,109,109,0,0,0,0,136,46,90,136,46,90,0,0,0
56,Oneida County (Central)--Greater Utica & Rome Cities PUMA,2726,1535,1191,2726,1535,1191,0,0,0,232,150,82,232,150,82,0,0,0,1818,928,890,1818,928,890,0,0,0,676,457,219,676,457,219,0,0,0
57,Suffolk County (Southwest)--Babylon Town (Southeast) PUMA,3451,2022,1429,3451,2022,1429,0,0,0,1276,595,681,1276,595,681,0,0,0,1795,1099,696,1795,1099,696,0,0,0,380,328,52,380,328,52,0,0,0
58,"NYC-Manhattan Community District 6--Murray Hill, Gramercy & Stuyvesant Town PUMA",7723,4100,3623,7502,4100,3402,221,0,221,6422,3626,2796,6201,3626,2575,221,0,221,1165,338,827,1165,338,827,0,0,0,136,136,0,136,136,0,0,0,0
59,NYC-Manhattan Community District 11--East Harlem PUMA,8298,3485,4813,8209,3396,4813,89,89,0,3144,1483,1661,3144,1483,1661,0,0,0,3321,637,2684,3232,548,2684,89,89,0,1833,1365,468,1833,1365,468,0,0,0
60,Schenectady County--Schenectady City PUMA,1427,907,520,1338,884,454,89,23,66,874,663,211,785,640,145,89,23,66,244,244,0,244,244,0,0,0,0,309,0,309,309,0,309,0,0,0
61,"Clinton, Franklin, Essex & Hamilton Counties PUMA",307,180,127,307,180,127,0,0,0,234,180,54,234,180,54,0,0,0,0,0,0,0,0,0,0,0,0,73,0,73,73,0,73,0,0,0
62,Onondaga County (Central)--Syracuse City (Outer) PUMA,1397,680,717,1397,680,717,0,0,0,1004,576,428,1004,576,428,0,0,0,319,104,215,319,104,215,0,0,0,74,0,74,74,0,74,0,0,0
63,"NYC-Queens Community District 11--Bayside, Douglaston & Little Neck PUMA",13265,6037,7228,12881,5876,7005,384,161,223,5429,2443,2986,5200,2399,2801,229,44,185,6694,2978,3716,6539,2861,3678,155,117,38,1142,616,526,1142,616,526,0,0,0
64,"NYC-Staten Island Community District 3--Tottenville, Great Kills & Annadale PUMA",3037,1568,1469,2982,1568,1414,55,0,55,1249,549,700,1194,549,645,55,0,55,1117,528,589,1117,528,589,0,0,0,671,491,180,671,491,180,0,0,0
65,Onondaga County (North) PUMA,1042,379,663,1042,379,663,0,0,0,147,81,66,147,81,66,0,0,0,729,193,536,729,193,536,0,0,0,166,105,61,166,105,61,0,0,0
66,Ulster County (East) PUMA,2875,1113,1762,2875,1113,1762,0,0,0,1044,383,661,1044,383,661,0,0,0,1305,524,781,1305,524,781,0,0,0,526,206,320,526,206,320,0,0,0
67,Oswego County PUMA,412,209,203,412,209,203,0,0,0,310,144,166,310,144,166,0,0,0,37,0,37,37,0,37,0,0,0,65,65,0,65,65,0,0,0,0
68,Niagara County (North & East) PUMA,316,168,148,295,168,127,21,0,21,150,150,0,150,150,0,0,0,0,166,18,148,145,18,127,21,0,21,0,0,0,0,0,0,0,0,0
69,Broome (Outer West) & Tioga Counties PUMA,256,82,174,256,82,174,0,0,0,169,82,87,169,82,87,0,0,0,0,0,0,0,0,0,0,0,0,87,0,87,87,0,87,0,0,0
70,"NYC-Bronx Community District 4--Concourse, Highbridge & Mount Eden PUMA",15450,8040,7410,14744,7584,7160,706,456,250,3568,1272,2296,3342,1187,2155,226,85,141,9322,5573,3749,8842,5202,3640,480,371,109,2560,1195,1365,2560,1195,1365,0,0,0
71,Suffolk County (Southwest)--Islip Town (South) PUMA,5167,3305,1862,5105,3243,1862,62,62,0,2135,1489,646,2073,1427,646,62,62,0,2259,1323,936,2259,1323,936,0,0,0,773,493,280,773,493,280,0,0,0
72,Erie County (Central) PUMA,814,532,282,814,532,282,0,0,0,254,125,129,254,125,129,0,0,0,412,359,53,412,359,53,0,0,0,148,48,100,148,48,100,0,0,0
73,"NYC-Bronx Community District 8--Riverdale, Fieldston & Kingsbridge PUMA",8975,4642,4333,8455,4642,3813,520,0,520,3633,1770,1863,3633,1770,1863,0,0,0,3924,1706,2218,3404,1706,1698,520,0,520,1418,1166,252,1418,1166,252,0,0,0
74,Chemung (South) & Steuben (East) Counties--Greater Elmira & Greater Corning Cities PUMA,1556,932,624,1556,932,624,0,0,0,933,489,444,933,489,444,0,0,0,623,443,180,623,443,180,0,0,0,0,0,0,0,0,0,0,0,0
75,Nassau County (South Central)--Hempstead Town (Southeast) PUMA,4143,2384,1759,4090,2384,1706,53,0,53,1462,667,795,1462,667,795,0,0,0,1995,1286,709,1942,1286,656,53,0,53,686,431,255,686,431,255,0,0,0
76,"NYC-Queens Community District 13--Queens Village, Cambria Heights & Rosedale PUMA",21196,11548,9648,19914,10663,9251,1282,885,397,7228,3023,4205,6712,2582,4130,516,441,75,11625,6843,4782,11001,6541,4460,624,302,322,2343,1682,661,2201,1540,661,142,142,0
77,Cattaraugus & Allegany Counties PUMA,450,126,324,450,126,324,0,0,0,27,0,27,27,0,27,0,0,0,253,0,253,253,0,253,0,0,0,170,126,44,170,126,44,0,0,0
78,"NYC-Queens Community District 7--Flushing, Murray Hill & Whitestone PUMA",32072,16778,15294,31907,16613,15294,165,165,0,13430,7286,6144,13430,7286,6144,0,0,0,16201,8127,8074,16201,8127,8074,0,0,0,2441,1365,1076,2276,1200,1076,165,165,0
79,Jefferson & Lewis Counties PUMA,993,258,735,720,258,462,273,0,273,359,258,101,359,258,101,0,0,0,634,0,634,361,0,361,273,0,273,0,0,0,0,0,0,0,0,0
80,"NYC-Brooklyn Community District 6--Park Slope, Carroll Gardens & Red Hook PUMA",3641,2422,1219,3190,2234,956,451,188,263,1994,1455,539,1629,1267,362,365,188,177,1224,717,507,1138,717,421,86,0,86,423,250,173,423,250,173,0,0,0
81,NYC-Queens Community District 1--Astoria & Long Island City PUMA,15109,8043,7066,14390,7741,6649,719,302,417,7502,3621,3881,7113,3468,3645,389,153,236,6359,3660,2699,6178,3660,2518,181,0,181,1248,762,486,1099,613,486,149,149,0
82,Saratoga County (Outer) PUMA,606,480,126,531,480,51,75,0,75,402,276,126,327,276,51,75,0,75,53,53,0,53,53,0,0,0,0,151,151,0,151,151,0,0,0,0
83,Dutchess County (Southwest) PUMA,6729,3818,2911,6729,3818,2911,0,0,0,2339,1395,944,2339,1395,944,0,0,0,3413,2056,1357,3413,2056,1357,0,0,0,977,367,610,977,367,610,0,0,0
84,Erie County (Northwest) PUMA,500,500,0,500,500,0,0,0,0,500,500,0,500,500,0,0,0,0,0,0,0,0,0,0,0,0,0,0,0,0,0,0,0,0,0,0
85,Genesee & Orleans Counties PUMA,575,448,127,575,448,127,0,0,0,310,283,27,310,283,27,0,0,0,63,29,34,63,29,34,0,0,0,202,136,66,202,136,66,0,0,0
86,Erie County (Northeast) PUMA,179,109,70,179,109,70,0,0,0,179,109,70,179,109,70,0,0,0,0,0,0,0,0,0,0,0,0,0,0,0,0,0,0,0,0,0
87,"NYC-Queens Community District 5--Ridgewood, Glendale & Middle Village PUMA",16586,9677,6909,16196,9565,6631,390,112,278,6247,3463,2784,6024,3463,2561,223,0,223,8313,4779,3534,8201,4667,3534,112,112,0,2026,1435,591,1971,1435,536,55,0,55
88,NYC-Brooklyn Community District 3--Bedford-Stuyvesant PUMA,4726,2367,2359,4557,2198,2359,169,169,0,1695,522,1173,1618,445,1173,77,77,0,1636,980,656,1544,888,656,92,92,0,1395,865,530,1395,865,530,0,0,0
89,Nassau County (West Central)--Hempstead Town (West Central) PUMA,9135,5259,3876,8747,4994,3753,388,265,123,4571,2234,2337,4381,2108,2273,190,126,64,4088,2656,1432,3890,2517,1373,198,139,59,476,369,107,476,369,107,0,0,0
90,Suffolk County (South Central)--Brookhaven Town (South) PUMA,4094,2836,1258,3868,2610,1258,226,226,0,428,428,0,428,428,0,0,0,0,2201,1322,879,1975,1096,879,226,226,0,1465,1086,379,1465,1086,379,0,0,0
91,Orange County (Northeast)--Greater Newburgh City PUMA,4688,2472,2216,4688,2472,2216,0,0,0,1817,931,886,1817,931,886,0,0,0,1720,916,804,1720,916,804,0,0,0,1151,625,526,1151,625,526,0,0,0
92,Sullivan & Ulster (West) Counties PUMA,2032,880,1152,1872,880,992,160,0,160,507,304,203,507,304,203,0,0,0,1373,424,949,1213,424,789,160,0,160,152,152,0,152,152,0,0,0,0
93,"NYC-Staten Island Community District 1--Port Richmond, Stapleton & Mariner's Harbor PUMA",9943,5137,4806,9859,5053,4806,84,84,0,3935,2122,1813,3935,2122,1813,0,0,0,4532,2298,2234,4448,2214,2234,84,84,0,1476,717,759,1476,717,759,0,0,0
94,Wayne & Seneca Counties PUMA,556,253,303,556,253,303,0,0,0,153,62,91,153,62,91,0,0,0,196,72,124,196,72,124,0,0,0,207,119,88,207,119,88,0,0,0
95,Albany County (East Central)--Albany City PUMA,2967,1499,1468,2780,1470,1310,187,29,158,1717,752,965,1647,752,895,70,0,70,1162,747,415,1133,718,415,29,29,0,88,0,88,0,0,0,88,0,88
96,Nassau County (Northwest)--North Hempstead Town (North) PUMA,6050,3201,2849,5813,3165,2648,237,36,201,4770,2508,2262,4533,2472,2061,237,36,201,1129,577,552,1129,577,552,0,0,0,151,116,35,151,116,35,0,0,0
97,Rensselaer County--Troy City PUMA,1641,854,787,1338,671,667,303,183,120,960,480,480,657,297,360,303,183,120,350,250,100,350,250,100,0,0,0,331,124,207,331,124,207,0,0,0
98,Tompkins County PUMA,2774,1327,1447,2690,1243,1447,84,84,0,2536,1327,1209,2452,1243,1209,84,84,0,182,0,182,182,0,182,0,0,0,56,0,56,56,0,56,0,0,0
99,Suffolk County (West Central)--Babylon Town (Northwest) PUMA,8321,4700,3621,8209,4700,3509,112,0,112,2428,1086,1342,2316,1086,1230,112,0,112,4576,2440,2136,4576,2440,2136,0,0,0,1317,1174,143,1317,1174,143,0,0,0
100,NYC-Queens Community District 3--Jackson Heights & North Corona PUMA,25672,14960,10712,24437,14911,9526,1235,49,1186,5330,2788,2542,5273,2788,2485,57,0,57,17138,9838,7300,15960,9789,6171,1178,49,1129,3204,2334,870,3204,2334,870,0,0,0
101,NYC-Queens Community District 4--Elmhurst & South Corona PUMA,30735,18423,12312,28860,17636,11224,1875,787,1088,10118,5331,4787,9662,4875,4787,456,456,0,18289,11394,6895,16870,11063,5807,1419,331,1088,2328,1698,630,2328,1698,630,0,0,0
102,Columbia & Greene Counties PUMA,553,426,127,553,426,127,0,0,0,23,13,10,23,13,10,0,0,0,307,203,104,307,203,104,0,0,0,223,210,13,223,210,13,0,0,0
103,Madison & Cortland Counties PUMA,355,159,196,355,159,196,0,0,0,200,159,41,200,159,41,0,0,0,155,0,155,155,0,155,0,0,0,0,0,0,0,0,0,0,0,0
104,NYC-Queens Community District 6--Forest Hills & Rego Park PUMA,13812,5546,8266,13491,5445,8046,321,101,220,10147,4283,5864,9826,4182,5644,321,101,220,3226,967,2259,3226,967,2259,0,0,0,439,296,143,439,296,143,0,0,0
105,NYC-Brooklyn Community District 5--East New York & Starrett City PUMA,12909,8871,4038,12430,8685,3745,479,186,293,1978,1465,513,1978,1465,513,0,0,0,9497,6463,3034,9219,6364,2855,278,99,179,1434,943,491,1233,856,377,201,87,114
106,"NYC-Bronx Community District 5--Morris Heights, Fordham South & Mount Hope PUMA",17507,8738,8769,15922,8310,7612,1585,428,1157,4274,1604,2670,3993,1512,2481,281,92,189,10457,5154,5303,9373,4818,4555,1084,336,748,2776,1980,796,2556,1980,576,220,0,220
107,NYC-Brooklyn Community District 8--Crown Heights North & Prospect Heights PUMA,4533,1963,2570,4299,1834,2465,234,129,105,2388,696,1692,2283,696,1587,105,0,105,1681,1150,531,1552,1021,531,129,129,0,464,117,347,464,117,347,0,0,0
108,"Steuben (North & West), Schuyler & Chemung (North) Counties PUMA",382,313,69,382,313,69,0,0,0,69,0,69,69,0,69,0,0,0,282,282,0,282,282,0,0,0,0,31,31,0,31,31,0,0,0,0
109,Herkimer (North & Central) & Oneida (Outer) Counties PUMA,122,90,32,122,90,32,0,0,0,32,0,32,32,0,32,0,0,0,90,90,0,90,90,0,0,0,0,0,0,0,0,0,0,0,0,0
110,Livingston & Wyoming Counties PUMA,53,53,0,53,53,0,0,0,0,0,0,0,0,0,0,0,0,0,0,0,0,0,0,0,0,0,0,53,53,0,53,53,0,0,0,0
111,Putnam County PUMA,1932,1092,840,1823,983,840,109,109,0,519,405,114,519,405,114,0,0,0,925,262,663,925,262,663,0,0,0,488,425,63,379,316,63,109,109,0
112,"NYC-Brooklyn Community District 17--East Flatbush, Farragut & Rugby PUMA",8935,4258,4677,8384,4207,4177,551,51,500,2402,963,1439,2351,912,1439,51,51,0,6007,2911,3096,5649,2911,2738,358,0,358,526,384,142,384,384,0,142,0,142
113,Suffolk County (Northwest)--Huntington Town (North) PUMA,4256,2713,1543,3970,2600,1370,286,113,173,1459,874,585,1286,874,412,173,0,173,1955,1298,657,1842,1185,657,113,113,0,842,541,301,842,541,301,0,0,0
114,"NYC-Bronx Community District 12--Wakefield, Williamsbridge & Woodlawn PUMA",11852,6839,5013,11567,6713,4854,285,126,159,3212,1771,1441,3086,1645,1441,126,126,0,6987,3700,3287,6898,3700,3198,89,0,89,1653,1368,285,1583,1368,215,70,0,70
115,NYC-Manhattan Community District 3--Chinatown & Lower East Side PUMA,8640,4687,3953,8059,4330,3729,581,357,224,4585,2477,2108,4260,2287,1973,325,190,135,3554,1874,1680,3298,1707,1591,256,167,89,501,336,165,501,336,165,0,0,0
116,Nassau County (East Central)--Oyster Bay Town (Central) PUMA,10065,5798,4267,9627,5798,3829,438,0,438,6405,3270,3135,6212,3270,2942,193,0,193,3049,2242,807,2904,2242,662,145,0,145,611,286,325,511,286,225,100,0,100
117,Westchester County (South Central)--New Rochelle & Mount Vernon Cities PUMA,13598,6859,6739,13227,6859,6368,371,0,371,3261,1530,1731,3261,1530,1731,0,0,0,8860,4576,4284,8489,4576,3913,371,0,371,1477,753,724,1477,753,724,0,0,0
118,Orange County (Northwest) PUMA,4363,2247,2116,4363,2247,2116,0,0,0,603,244,359,603,244,359,0,0,0,3330,1698,1632,3330,1698,1632,0,0,0,430,305,125,430,305,125,0,0,0
119,Nassau County (Central)--Hempstead Town (East Central) PUMA,1784,710,1074,1784,710,1074,0,0,0,984,351,633,984,351,633,0,0,0,800,359,441,800,359,441,0,0,0,0,0,0,0,0,0,0,0,0
120,Monroe County (North & West) PUMA,0,0,0,0,0,0,0,0,0,0,0,0,0,0,0,0,0,0,0,0,0,0,0,0,0,0,0,0,0,0,0,0,0,0,0,0
121,Suffolk County (Northwest)--Smithtown Town PUMA,1954,864,1090,1954,864,1090,0,0,0,1668,578,1090,1668,578,1090,0,0,0,69,69,0,69,69,0,0,0,0,217,217,0,217,217,0,0,0,0
122,Broome County (West Central)--Greater Binghamton City & Greater Johnson City Village PUMA,1691,705,986,1582,659,923,109,46,63,889,326,563,780,280,500,109,46,63,533,248,285,533,248,285,0,0,0,269,131,138,269,131,138,0,0,0
123,"NYC-Brooklyn Community District 12--Borough Park, Kensington & Ocean Parkway PUMA",7491,4702,2789,7071,4551,2520,420,151,269,2713,1690,1023,2444,1690,754,269,0,269,3376,2201,1175,3376,2201,1175,0,0,0,1402,811,591,1251,660,591,151,151,0
124,Suffolk County (Central)--Brookhaven Town (Central) PUMA,6146,3880,2266,5868,3880,1988,278,0,278,1558,1079,479,1382,1079,303,176,0,176,4442,2655,1787,4340,2655,1685,102,0,102,146,146,0,146,146,0,0,0,0
125,NYC-Queens Community District 10--Howard Beach & Ozone Park PUMA,8574,5334,3240,8319,5180,3139,255,154,101,2810,1782,1028,2656,1628,1028,154,154,0,4547,2848,1699,4446,2848,1598,101,0,101,1217,704,513,1217,704,513,0,0,0
126,Erie County (South) PUMA,543,347,196,543,347,196,0,0,0,129,69,60,129,69,60,0,0,0,414,278,136,414,278,136,0,0,0,0,0,0,0,0,0,0,0,0
127,"NYC-Bronx Community District 11--Pelham Parkway, Morris Park & Laconia PUMA",7559,4209,3350,7332,4209,3123,227,0,227,2738,1312,1426,2601,1312,1289,137,0,137,4005,2511,1494,3915,2511,1404,90,0,90,816,386,430,816,386,430,0,0,0
128,"NYC-Queens Community District 14--Far Rockaway, Breezy Point & Broad Channel PUMA",4723,2859,1864,4413,2772,1641,310,87,223,2351,1369,982,2247,1369,878,104,0,104,1890,1195,695,1684,1108,576,206,87,119,482,295,187,482,295,187,0,0,0
129,"NYC-Bronx Community District 10--Co-op City, Pelham Bay & Schuylerville PUMA",7728,4987,2741,6808,4328,2480,920,659,261,2141,1467,674,2141,1467,674,0,0,0,4035,2020,2015,3564,1810,1754,471,210,261,1552,1500,52,1103,1051,52,449,449,0
130,Nassau County (West Central)--North Hempstead Town (South) PUMA,12167,7393,4774,12006,7393,4613,161,0,161,7042,3199,3843,6929,3199,3730,113,0,113,3170,2352,818,3170,2352,818,0,0,0,1955,1842,113,1907,1842,65,48,0,48
131,Monroe County (Central)--Greece & Gates Towns PUMA,1848,1010,838,1705,1010,695,143,0,143,723,437,286,723,437,286,0,0,0,1125,573,552,982,573,409,143,0,143,0,0,0,0,0,0,0,0,0
132,"NYC-Manhattan Community District 12--Washington Heights, Inwood & Marble Hill PUMA",23819,11606,12213,23193,11606,11587,626,0,626,7006,1793,5213,6751,1793,4958,255,0,255,12282,6849,5433,12001,6849,5152,281,0,281,4531,2964,1567,4441,2964,1477,90,0,90
133,"NYC-Brooklyn Community District 15--Sheepshead Bay, Gerritsen Beach & Homecrest PUMA",10705,5509,5196,10511,5404,5107,194,105,89,4544,2109,2435,4455,2109,2346,89,0,89,4817,2484,2333,4817,2484,2333,0,0,0,1344,916,428,1239,811,428,105,105,0
134,"NYC-Bronx Community District 3 & 6--Belmont, Crotona Park East & East Tremont PUMA",17555,8353,9202,16613,7508,9105,942,845,97,3142,2021,1121,3142,2021,1121,0,0,0,12047,4658,7389,11529,4237,7292,518,421,97,2366,1674,692,1942,1250,692,424,424,0
135,Nassau County (Southwest)--Hempstead Town (Southwest) & Long Beach City PUMA,2210,1357,853,2210,1357,853,0,0,0,808,561,247,808,561,247,0,0,0,996,390,606,996,390,606,0,0,0,406,406,0,406,406,0,0,0,0
136,NYC-Brooklyn Community District 13--Brighton Beach & Coney Island PUMA,3439,1929,1510,3247,1904,1343,192,25,167,1315,846,469,1290,821,469,25,25,0,1133,437,696,1133,437,696,0,0,0,991,646,345,824,646,178,167,0,167
137,NYC-Manhattan Community District 8--Upper East Side PUMA,8694,4989,3705,8694,4989,3705,0,0,0,7789,4554,3235,7789,4554,3235,0,0,0,885,415,470,885,415,470,0,0,0,20,20,0,20,20,0,0,0,0
138,NYC-Brooklyn Community District 7--Sunset Park & Windsor Terrace PUMA,12746,7710,5036,12280,7336,4944,466,374,92,2983,1301,1682,2851,1169,1682,132,132,0,6509,3859,2650,6175,3617,2558,334,242,92,3254,2550,704,3254,2550,704,0,0,0
139,"NYC-Bronx Community District 7--Bedford Park, Fordham North & Norwood PUMA",17116,10173,6943,16644,9969,6675,472,204,268,3358,1125,2233,3358,1125,2233,0,0,0,11305,7085,4220,10833,6881,3952,472,204,268,2453,1963,490,2453,1963,490,0,0,0
140,Monroe County (East) PUMA,1575,814,761,1422,814,608,153,0,153,687,435,252,687,435,252,0,0,0,732,294,438,650,294,356,82,0,82,156,85,71,85,85,0,71,0,71
141,Suffolk County (East) PUMA,5447,3486,1961,5447,3486,1961,0,0,0,1157,240,917,1157,240,917,0,0,0,3231,2187,1044,3231,2187,1044,0,0,0,1059,1059,0,1059,1059,0,0,0,0
142,"NYC-Queens Community District 8--Briarwood, Fresh Meadows & Hillcrest PUMA",21345,11349,9996,20409,10995,9414,936,354,582,11568,6160,5408,10955,5962,4993,613,198,415,9013,4550,4463,8690,4394,4296,323,156,167,764,639,125,764,639,125,0,0,0
143,"NYC-Bronx Community District 9--Castle Hill, Clason Point & Parkchester PUMA",15633,9270,6363,15409,9108,6301,224,162,62,4996,2674,2322,4899,2577,2322,97,97,0,7824,4301,3523,7759,4236,3523,65,65,0,2813,2295,518,2751,2295,456,62,0,62
144,Suffolk County (Central)--Islip Town (Northwest) PUMA,18647,11944,6703,17565,11514,6051,1082,430,652,2401,1420,981,2311,1330,981,90,90,0,9813,5317,4496,9398,5247,4151,415,70,345,6433,5207,1226,5856,4937,919,577,270,307
145,NYC-Manhattan Community District 7--Upper West Side & West Side PUMA,6914,2822,4092,6914,2822,4092,0,0,0,6030,1938,4092,6030,1938,4092,0,0,0,458,458,0,458,458,0,0,0,0,426,426,0,426,426,0,0,0,0
146,Capital Region,15885,9777,6108,14414,8938,5476,1471,839,632,10320,6299,4021,9688,6093,3595,632,206,426,3543,2073,1470,3396,2044,1352,147,29,118,2022,1405,617,1330,801,529,692,604,88
147,Central NY,6766,3391,3375,6319,3112,3207,447,279,168,3352,1946,1406,2971,1733,1238,381,213,168,2445,1019,1426,2379,953,1426,66,66,0,969,426,543,969,426,543,0,0,0
148,Finger Lakes,14472,8808,5664,14137,8769,5368,335,39,296,6947,4873,2074,6908,4834,2074,39,39,0,6325,3384,2941,6100,3384,2716,225,0,225,1200,551,649,1129,551,578,71,0,71
149,Long Island,153383,89212,64171,149014,87372,61642,4369,1840,2529,64665,32227,32438,62873,31538,31335,1792,689,1103,64650,38173,26477,63208,37517,25691,1442,656,786,24068,18812,5256,22933,18317,4616,1135,495,640
150,Mid-Hudson,120179,64150,56029,115144,62047,53097,5035,2103,2932,40481,17978,22503,39206,17469,21737,1275,509,766,58593,31549,27044,55991,30568,25423,2602,981,1621,21105,14623,6482,19947,14010,5937,1158,613,545
151,Mohawk Valley,3960,2366,1594,3960,2366,1594,0,0,0,747,381,366,747,381,366,0,0,0,2537,1528,1009,2537,1528,1009,0,0,0,676,457,219,676,457,219,0,0,0
152,New York City,685978,377967,308011,658915,365229,293686,27063,12738,14325,270796,138109,132687,260871,133234,127637,9925,4875,5050,334089,185229,148860,320517,179630,140887,13572,5599,7973,81093,54629,26464,77527,52365,25162,3566,2264,1302
153,North Country,1751,625,1126,1478,625,853,273,0,273,1009,607,402,1009,607,402,0,0,0,669,18,651,396,18,378,273,0,273,73,0,73,73,0,73,0,0,0
154,Southern Tier,7184,3589,3595,6991,3459,3532,193,130,63,4903,2352,2551,4710,2222,2488,193,130,63,1838,1075,763,1838,1075,763,0,0,0,443,162,281,443,162,281,0,0,0
155,Western NY,12902,8096,4806,12696,8096,4600,206,0,206,7263,4465,2798,7179,4465,2714,84,0,84,4047,2775,1272,4026,2775,1251,21,0,21,1592,856,736,1491,856,635,101,0,101
