,puma,Total_geo,Total_geo_m,Total_geo_f,Total_NP_mf_t,Total_NP_m,Total_NP_f,Total_P_mf_t,Total_P_m,Total_P_f,Total_BABS,Total_BABS_m,Total_BABS_f,BABS_NP_mf_t,BABS_NP_m,BABS_NP_f,BABS_P_mf_t,BABS_P_m,BABS_P_f,Total_HS,Total_HS_m,Total_HS_f,HS_NP_mf_t,HS_NP_m,HS_NP_f,HS_P_mf_t,HS_P_m,HS_P_f,Total_HSINC,Total_HSINC_m,Total_HSINC_f,HSINC_NP_mf_t,HSINC_NP_m,HSINC_NP_f,HSINC_P_mf_t,HSINC_P_m,HSINC_P_f
0,Total Geo,862774,511759,351015,751888,442118,309770,110886,69641,41245,355964,188207,167757,335971,176980,158991,19993,11227,8766,393497,239850,153647,334055,204114,129941,59442,35736,23706,113313,83702,29611,81862,61024,20838,31451,22678,8773
1,Monroe County (Central)--Rochester City (East) PUMA,1269,981,288,1269,981,288,0,0,0,616,507,109,616,507,109,0,0,0,566,474,92,566,474,92,0,0,0,87,0,87,87,0,87,0,0,0
2,NYC-Brooklyn Community District 4--Bushwick PUMA,7921,5119,2802,6627,4463,2164,1294,656,638,1876,761,1115,1794,761,1033,82,0,82,4311,3065,1246,3556,2657,899,755,408,347,1734,1293,441,1277,1045,232,457,248,209
3,NYC-Manhattan Community District 10--Central Harlem PUMA,11090,7499,3591,8701,5966,2735,2389,1533,856,4278,3192,1086,4041,2955,1086,237,237,0,4880,2873,2007,3058,1742,1316,1822,1131,691,1932,1434,498,1602,1269,333,330,165,165
4,Ontario & Yates Counties PUMA,464,343,121,415,343,72,49,0,49,280,233,47,280,233,47,0,0,0,135,110,25,135,110,25,0,0,0,49,0,49,0,0,0,49,0,49
5,Albany County (Outside Albany City) PUMA,4389,3014,1375,4199,2948,1251,190,66,124,3491,2552,939,3425,2486,939,66,66,0,740,304,436,616,304,312,124,0,124,158,158,0,158,158,0,0,0,0
6,"Otsego, Schoharie, Oneida (South) & Herkimer (South) Counties PUMA",309,226,83,309,226,83,0,0,0,200,117,83,200,117,83,0,0,0,109,109,0,109,109,0,0,0,0,0,0,0,0,0,0,0,0,0
7,NYC-Brooklyn Community District 11--Bensonhurst & Bath Beach PUMA,18569,11395,7174,15830,9281,6549,2739,2114,625,8642,4983,3659,7676,4279,3397,966,704,262,7455,4421,3034,6620,3700,2920,835,721,114,2472,1991,481,1534,1302,232,938,689,249
8,"Rockland County (South)--Orangetown, Clarkstown (South) & Ramapo (Southeast) Towns PUMA",6575,3558,3017,5069,2636,2433,1506,922,584,3152,1009,2143,2568,1009,1559,584,0,584,1134,975,159,653,494,159,481,481,0,2289,1574,715,1848,1133,715,441,441,0
9,Warren & Washington Counties PUMA,195,132,63,186,123,63,9,9,0,132,132,0,123,123,0,9,9,0,63,0,63,63,0,63,0,0,0,0,0,0,0,0,0,0,0,0
10,Erie County (North Central) PUMA,3554,2367,1187,3232,2045,1187,322,322,0,2844,1785,1059,2622,1563,1059,222,222,0,459,331,128,459,331,128,0,0,0,251,251,0,151,151,0,100,100,0
11,"NYC-Manhattan Community District 4 & 5--Chelsea, Clinton & Midtown Business District PUMA",13105,8503,4602,12833,8368,4465,272,135,137,10630,6724,3906,10383,6614,3769,247,110,137,2389,1779,610,2364,1754,610,25,25,0,86,0,86,86,0,86,0,0,0
12,Nassau County (Southeast)--Oyster Bay Town (South) PUMA,751,509,242,643,401,242,108,108,0,291,291,0,291,291,0,0,0,0,352,110,242,352,110,242,0,0,0,108,108,0,0,0,0,108,108,0
13,Nassau County (Central)--Hempstead Town (Northeast) PUMA,8100,4460,3640,7256,3916,3340,844,544,300,5044,2090,2954,4956,2002,2954,88,88,0,1273,1187,86,1273,1187,86,0,0,0,1783,1183,600,1027,727,300,756,456,300
14,NYC-Brooklyn Community District 16--Brownsville & Ocean Hill PUMA,2845,1565,1280,2123,1251,872,722,314,408,458,334,124,389,334,55,69,0,69,2129,1231,898,1734,917,817,395,314,81,258,0,258,0,0,0,258,0,258
15,NYC-Brooklyn Community District 2--Brooklyn Heights & Fort Greene PUMA,5477,2655,2822,4847,2195,2652,630,460,170,3736,2052,1684,3458,1774,1684,278,278,0,837,177,660,681,105,576,156,72,84,904,426,478,708,316,392,196,110,86
16,Onondaga County (Central)--Syracuse City PUMA,2025,1110,915,1238,611,627,787,499,288,701,395,306,570,264,306,131,131,0,872,505,367,637,316,321,235,189,46,452,210,242,31,31,0,421,179,242
17,NYC-Staten Island Community District 2--New Springville & South Beach PUMA,6762,3229,3533,6710,3229,3481,52,0,52,3227,1281,1946,3227,1281,1946,0,0,0,3183,1862,1321,3131,1862,1269,52,0,52,352,86,266,352,86,266,0,0,0
18,Nassau County (West Central)--Hempstead Town (Northwest) PUMA,6363,3375,2988,6119,3208,2911,244,167,77,2216,912,1304,2216,912,1304,0,0,0,3676,2349,1327,3432,2182,1250,244,167,77,471,114,357,471,114,357,0,0,0
19,"NYC-Manhattan Community District 9--Hamilton Heights, Manhattanville & West Harlem PUMA",8408,4903,3505,7063,4250,2813,1345,653,692,4045,2457,1588,3739,2151,1588,306,306,0,3138,1221,1917,2446,1221,1225,692,0,692,1225,1225,0,878,878,0,347,347,0
20,Monroe County (Central)--Rochester City (West) PUMA,2173,1183,990,2173,1183,990,0,0,0,509,305,204,509,305,204,0,0,0,1250,720,530,1250,720,530,0,0,0,414,158,256,414,158,256,0,0,0
21,"Chenango, Delaware & Broome (East) Counties PUMA",383,230,153,378,225,153,5,5,0,128,128,0,128,128,0,0,0,0,218,102,116,213,97,116,5,5,0,37,0,37,37,0,37,0,0,0
22,Dutchess County (North & East) PUMA,1480,1001,479,1207,728,479,273,273,0,859,656,203,820,617,203,39,39,0,207,0,207,207,0,207,0,0,0,414,345,69,180,111,69,234,234,0
23,NYC-Brooklyn Community District 10--Bay Ridge & Dyker Heights PUMA,8654,5241,3413,8131,5131,3000,523,110,413,4031,2234,1797,3961,2164,1797,70,70,0,3875,2525,1350,3597,2485,1112,278,40,238,748,482,266,573,482,91,175,0,175
24,NYC-Brooklyn Community District 1--Greenpoint & Williamsburg PUMA,3774,1854,1920,3231,1362,1869,543,492,51,1909,733,1176,1909,733,1176,0,0,0,1175,740,435,735,351,384,440,389,51,690,381,309,587,278,309,103,103,0
25,NYC-Brooklyn Community District 18--Canarsie & Flatlands PUMA,12035,5582,6453,10978,5242,5736,1057,340,717,5410,2849,2561,5320,2849,2471,90,0,90,5932,2293,3639,5204,2192,3012,728,101,627,693,440,253,454,201,253,239,239,0
26,Westchester County (Southeast) PUMA,10950,7448,3502,10351,6849,3502,599,599,0,3738,1981,1757,3738,1981,1757,0,0,0,4265,2520,1745,4209,2464,1745,56,56,0,2947,2947,0,2404,2404,0,543,543,0
27,Nassau County (Central)--Hempstead Town (North Central)--Meadowbrook Corridor PUMA,10478,7045,3433,9253,6204,3049,1225,841,384,2553,1422,1131,2553,1422,1131,0,0,0,5509,3828,1681,4968,3461,1507,541,367,174,2416,1795,621,1732,1321,411,684,474,210
28,Westchester County (Northwest) PUMA,10876,6567,4309,7770,5159,2611,3106,1408,1698,2862,1237,1625,2526,1125,1401,336,112,224,5633,3631,2002,4409,3199,1210,1224,432,792,2381,1699,682,835,835,0,1546,864,682
29,Monroe County (South) PUMA,4078,2540,1538,3854,2369,1485,224,171,53,2836,1890,946,2836,1890,946,0,0,0,1242,650,592,1018,479,539,224,171,53,0,0,0,0,0,0,0,0,0
30,Rockland County (North)--New City & Congers PUMA,4561,2372,2189,3619,1894,1725,942,478,464,1731,793,938,1588,735,853,143,58,85,2478,1227,1251,1969,1097,872,509,130,379,352,352,0,62,62,0,290,290,0
31,"NYC-Bronx Community District 1 & 2--Hunts Point, Longwood & Melrose PUMA",9744,5594,4150,7054,4186,2868,2690,1408,1282,1526,514,1012,1143,439,704,383,75,308,6532,4040,2492,4637,3072,1565,1895,968,927,1686,1040,646,1274,675,599,412,365,47
32,Orange County (Southeast) PUMA,2154,703,1451,2093,642,1451,61,61,0,890,131,759,890,131,759,0,0,0,711,461,250,686,436,250,25,25,0,553,111,442,517,75,442,36,36,0
33,"NYC-Queens Community District 12--Jamaica, Hollis & St. Albans PUMA",17241,11536,5705,16248,10694,5554,993,842,151,6322,3698,2624,5823,3199,2624,499,499,0,9053,6405,2648,8644,6147,2497,409,258,151,1866,1433,433,1781,1348,433,85,85,0
34,Nassau County (Northeast)--Oyster Bay Town (North) & Glen Cove City PUMA,7037,3620,3417,6369,3240,3129,668,380,288,4122,1894,2228,4122,1894,2228,0,0,0,1817,685,1132,1310,466,844,507,219,288,1098,1041,57,937,880,57,161,161,0
35,"Rockland County (West)--Spring Valley, Suffern Villages & Monsey PUMA",5389,2956,2433,4508,2622,1886,881,334,547,1551,492,1059,1163,492,671,388,0,388,3014,1799,1215,3014,1799,1215,0,0,0,824,665,159,331,331,0,493,334,159
36,NYC-Queens Community District 2--Sunnyside & Woodside PUMA,22031,13870,8161,20269,12464,7805,1762,1406,356,10700,5715,4985,10326,5449,4877,374,266,108,10310,7516,2794,9101,6496,2605,1209,1020,189,1021,639,382,842,519,323,179,120,59
37,Suffolk County (Northwest)--Huntington Town (South) PUMA,3518,2336,1182,3261,2079,1182,257,257,0,2311,1531,780,2311,1531,780,0,0,0,924,607,317,667,350,317,257,257,0,283,198,85,283,198,85,0,0,0
38,Westchester County (Southwest)--Yonkers City PUMA,14068,7526,6542,11420,5899,5521,2648,1627,1021,4766,2324,2442,4573,2324,2249,193,0,193,7441,3647,3794,5694,2532,3162,1747,1115,632,1861,1555,306,1153,1043,110,708,512,196
39,"NYC-Manhattan Community District 1 & 2--Battery Park City, Greenwich Village & Soho PUMA",4630,2499,2131,4398,2499,1899,232,0,232,3945,1814,2131,3713,1814,1899,232,0,232,142,142,0,142,142,0,0,0,0,543,543,0,543,543,0,0,0,0
40,NYC-Brooklyn Community District 14--Flatbush & Midwood PUMA,9967,6080,3887,8256,4764,3492,1711,1316,395,3543,1972,1571,3303,1824,1479,240,148,92,5633,3672,1961,4670,2709,1961,963,963,0,791,436,355,283,231,52,508,205,303
41,NYC-Queens Community District 9--Richmond Hill & Woodhaven PUMA,16138,11198,4940,14390,9682,4708,1748,1516,232,6050,3531,2519,5426,3049,2377,624,482,142,7830,5764,2066,7363,5387,1976,467,377,90,2258,1903,355,1601,1246,355,657,657,0
42,Erie County (West Central)--Buffalo City (West) PUMA,2343,1349,994,1478,832,646,865,517,348,947,503,444,747,503,244,200,0,200,699,551,148,166,166,0,533,385,148,697,295,402,565,163,402,132,132,0
43,Fulton & Montgomery Counties PUMA,577,491,86,463,377,86,114,114,0,200,114,86,86,0,86,114,114,0,377,377,0,377,377,0,0,0,0,0,0,0,0,0,0,0,0,0
44,Westchester County (Central)--White Plains City PUMA,11765,6222,5543,10693,5904,4789,1072,318,754,5563,2121,3442,5044,2121,2923,519,0,519,3955,2350,1605,3873,2350,1523,82,0,82,2247,1751,496,1776,1433,343,471,318,153
45,St. Lawrence County PUMA,451,187,264,433,169,264,18,18,0,416,169,247,416,169,247,0,0,0,35,18,17,17,0,17,18,18,0,0,0,0,0,0,0,0,0,0
46,Saratoga County (South & Central) PUMA,2608,1643,965,2260,1295,965,348,348,0,2095,1364,731,2026,1295,731,69,69,0,355,121,234,234,0,234,121,121,0,158,158,0,0,0,0,158,158,0
47,Suffolk County (Central)--Brookhaven Town (West Central) PUMA,2631,1746,885,2631,1746,885,0,0,0,1369,822,547,1369,822,547,0,0,0,1102,857,245,1102,857,245,0,0,0,160,67,93,160,67,93,0,0,0
48,Suffolk County (North Central)--Brookhaven Town (North) PUMA,2283,1149,1134,2201,1067,1134,82,82,0,2004,1067,937,2004,1067,937,0,0,0,279,82,197,197,0,197,82,82,0,0,0,0,0,0,0,0,0,0
49,Niagara County (Southwest)--Greater Niagara Falls & North Tonawanda Area PUMA,98,98,0,98,98,0,0,0,0,0,0,0,0,0,0,0,0,0,98,98,0,98,98,0,0,0,0,0,0,0,0,0,0,0,0,0
50,Suffolk County (Central)--Islip Town (East) PUMA,1182,658,524,1182,658,524,0,0,0,776,345,431,776,345,431,0,0,0,181,88,93,181,88,93,0,0,0,225,225,0,225,225,0,0,0,0
51,"NYC-Brooklyn Community District 9--Crown Heights South, Prospect Lefferts & Wingate PUMA",5472,2351,3121,4657,2059,2598,815,292,523,863,715,148,863,715,148,0,0,0,4104,1345,2759,3289,1053,2236,815,292,523,505,291,214,505,291,214,0,0,0
52,Westchester County (Northeast) PUMA,4139,2694,1445,3322,2272,1050,817,422,395,2183,1082,1101,1788,1082,706,395,0,395,1708,1364,344,1534,1190,344,174,174,0,248,248,0,0,0,0,248,248,0
53,Chautauqua County PUMA,395,173,222,119,35,84,276,138,138,25,0,25,25,0,25,0,0,0,232,173,59,94,35,59,138,138,0,138,0,138,0,0,0,138,0,138
54,Erie County (West Central)--Buffalo City (East) PUMA,1628,1357,271,1190,1003,187,438,354,84,463,339,124,289,249,40,174,90,84,824,677,147,560,413,147,264,264,0,341,341,0,341,341,0,0,0,0
55,Cayuga & Onondaga (South) Counties PUMA,617,296,321,617,296,321,0,0,0,513,282,231,513,282,231,0,0,0,0,0,0,0,0,0,0,0,0,104,14,90,104,14,90,0,0,0
56,Oneida County (Central)--Greater Utica & Rome Cities PUMA,2164,1246,918,1393,700,693,771,546,225,150,150,0,150,150,0,0,0,0,1338,639,699,821,347,474,517,292,225,676,457,219,422,203,219,254,254,0
57,Suffolk County (Southwest)--Babylon Town (Southeast) PUMA,2530,1571,959,2530,1571,959,0,0,0,999,429,570,999,429,570,0,0,0,1151,814,337,1151,814,337,0,0,0,380,328,52,380,328,52,0,0,0
58,"NYC-Manhattan Community District 6--Murray Hill, Gramercy & Stuyvesant Town PUMA",6700,4100,2600,5751,3753,1998,949,347,602,5399,3626,1773,5152,3379,1773,247,247,0,1165,338,827,463,238,225,702,100,602,136,136,0,136,136,0,0,0,0
59,NYC-Manhattan Community District 11--East Harlem PUMA,6560,3485,3075,5654,2947,2707,906,538,368,2916,1483,1433,2817,1483,1334,99,0,99,2073,637,1436,1690,426,1264,383,211,172,1571,1365,206,1147,1038,109,424,327,97
60,Schenectady County--Schenectady City PUMA,959,907,52,832,780,52,127,127,0,715,663,52,692,640,52,23,23,0,244,244,0,140,140,0,104,104,0,0,0,0,0,0,0,0,0,0
61,"Clinton, Franklin, Essex & Hamilton Counties PUMA",251,124,127,251,124,127,0,0,0,178,124,54,178,124,54,0,0,0,0,0,0,0,0,0,0,0,0,73,0,73,73,0,73,0,0,0
62,Onondaga County (Central)--Syracuse City (Outer) PUMA,1182,627,555,1116,576,540,66,51,15,933,576,357,918,576,342,15,0,15,175,51,124,124,0,124,51,51,0,74,0,74,74,0,74,0,0,0
63,"NYC-Queens Community District 11--Bayside, Douglaston & Little Neck PUMA",9743,5168,4575,8803,4629,4174,940,539,401,4479,2324,2155,4169,2157,2012,310,167,143,4340,2283,2057,3841,2042,1799,499,241,258,924,561,363,793,430,363,131,131,0
64,"NYC-Staten Island Community District 3--Tottenville, Great Kills & Annadale PUMA",2683,1568,1115,2508,1568,940,175,0,175,1194,549,645,1194,549,645,0,0,0,998,528,470,823,528,295,175,0,175,491,491,0,491,491,0,0,0,0
65,Onondaga County (North) PUMA,916,253,663,609,148,461,307,105,202,147,81,66,147,81,66,0,0,0,603,67,536,401,67,334,202,0,202,166,105,61,61,0,61,105,105,0
66,Ulster County (East) PUMA,2513,1032,1481,2385,1032,1353,128,0,128,1044,383,661,1044,383,661,0,0,0,1228,524,704,1100,524,576,128,0,128,241,125,116,241,125,116,0,0,0
67,Oswego County PUMA,209,209,0,209,209,0,0,0,0,144,144,0,144,144,0,0,0,0,0,0,0,0,0,0,0,0,0,65,65,0,65,65,0,0,0,0
68,Niagara County (North & East) PUMA,257,168,89,205,116,89,52,52,0,150,150,0,98,98,0,52,52,0,107,18,89,107,18,89,0,0,0,0,0,0,0,0,0,0,0,0
69,Broome (Outer West) & Tioga Counties PUMA,169,82,87,169,82,87,0,0,0,169,82,87,169,82,87,0,0,0,0,0,0,0,0,0,0,0,0,0,0,0,0,0,0,0,0,0
70,"NYC-Bronx Community District 4--Concourse, Highbridge & Mount Eden PUMA",13362,7446,5916,9810,5833,3977,3552,1613,1939,3409,1583,1826,2326,952,1374,1083,631,452,7092,4367,2725,5661,4030,1631,1431,337,1094,2861,1496,1365,1823,851,972,1038,645,393
71,Suffolk County (Southwest)--Islip Town (South) PUMA,4439,2655,1784,4284,2655,1629,155,0,155,1693,1047,646,1693,1047,646,0,0,0,1973,1115,858,1973,1115,858,0,0,0,773,493,280,618,493,125,155,0,155
72,Erie County (Central) PUMA,713,484,229,551,322,229,162,162,0,254,125,129,254,125,129,0,0,0,412,359,53,250,197,53,162,162,0,47,0,47,47,0,47,0,0,0
73,"NYC-Bronx Community District 8--Riverdale, Fieldston & Kingsbridge PUMA",7751,4220,3531,6589,3861,2728,1162,359,803,3555,1537,2018,3379,1419,1960,176,118,58,3030,1517,1513,2285,1517,768,745,0,745,1166,1166,0,925,925,0,241,241,0
74,Chemung (South) & Steuben (East) Counties--Greater Elmira & Greater Corning Cities PUMA,1221,872,349,838,489,349,383,383,0,838,489,349,838,489,349,0,0,0,383,383,0,0,0,0,383,383,0,0,0,0,0,0,0,0,0,0
75,Nassau County (South Central)--Hempstead Town (Southeast) PUMA,4107,2465,1642,4107,2465,1642,0,0,0,1462,667,795,1462,667,795,0,0,0,1878,1222,656,1878,1222,656,0,0,0,767,576,191,767,576,191,0,0,0
76,"NYC-Queens Community District 13--Queens Village, Cambria Heights & Rosedale PUMA",18102,10246,7856,16541,8987,7554,1561,1259,302,6435,2400,4035,6286,2288,3998,149,112,37,9372,6169,3203,8400,5462,2938,972,707,265,2295,1677,618,1855,1237,618,440,440,0
77,Cattaraugus & Allegany Counties PUMA,153,126,27,27,0,27,126,126,0,27,0,27,27,0,27,0,0,0,0,0,0,0,0,0,0,0,0,126,126,0,0,0,0,126,126,0
78,"NYC-Queens Community District 7--Flushing, Murray Hill & Whitestone PUMA",28214,15878,12336,25933,14248,11685,2281,1630,651,12417,7117,5300,12378,7117,5261,39,0,39,13840,7513,6327,12370,6355,6015,1470,1158,312,1957,1248,709,1185,776,409,772,472,300
79,Jefferson & Lewis Counties PUMA,993,258,735,774,140,634,219,118,101,359,258,101,140,140,0,219,118,101,634,0,634,634,0,634,0,0,0,0,0,0,0,0,0,0,0,0
80,"NYC-Brooklyn Community District 6--Park Slope, Carroll Gardens & Red Hook PUMA",3230,2422,808,2958,2234,724,272,188,84,1886,1455,431,1741,1394,347,145,61,84,921,717,204,858,654,204,63,63,0,423,250,173,359,186,173,64,64,0
81,NYC-Queens Community District 1--Astoria & Long Island City PUMA,11867,6647,5220,10068,5618,4450,1799,1029,770,5867,2840,3027,5500,2640,2860,367,200,167,5342,3194,2148,4058,2513,1545,1284,681,603,658,613,45,510,465,45,148,148,0
82,Saratoga County (Outer) PUMA,531,480,51,531,480,51,0,0,0,327,276,51,327,276,51,0,0,0,53,53,0,53,53,0,0,0,0,151,151,0,151,151,0,0,0,0
83,Dutchess County (Southwest) PUMA,6078,3725,2353,5928,3575,2353,150,150,0,2339,1395,944,2339,1395,944,0,0,0,2993,1963,1030,2843,1813,1030,150,150,0,746,367,379,746,367,379,0,0,0
84,Erie County (Northwest) PUMA,500,500,0,500,500,0,0,0,0,500,500,0,500,500,0,0,0,0,0,0,0,0,0,0,0,0,0,0,0,0,0,0,0,0,0,0
85,Genesee & Orleans Counties PUMA,404,404,0,333,333,0,71,71,0,239,239,0,239,239,0,0,0,0,29,29,0,29,29,0,0,0,0,136,136,0,65,65,0,71,71,0
86,Erie County (Northeast) PUMA,109,109,0,109,109,0,0,0,0,109,109,0,109,109,0,0,0,0,0,0,0,0,0,0,0,0,0,0,0,0,0,0,0,0,0,0
87,"NYC-Queens Community District 5--Ridgewood, Glendale & Middle Village PUMA",13967,8957,5010,12358,7481,4877,1609,1476,133,4962,3254,1708,4838,3130,1708,124,124,0,7034,4268,2766,6223,3590,2633,811,678,133,1971,1435,536,1297,761,536,674,674,0
88,NYC-Brooklyn Community District 3--Bedford-Stuyvesant PUMA,3844,1956,1888,3192,1492,1700,652,464,188,1432,522,910,1432,522,910,0,0,0,1306,858,448,940,597,343,366,261,105,1106,576,530,820,373,447,286,203,83
89,Nassau County (West Central)--Hempstead Town (West Central) PUMA,8524,5210,3314,8434,5120,3314,90,90,0,4263,2118,2145,4263,2118,2145,0,0,0,3785,2723,1062,3785,2723,1062,0,0,0,476,369,107,386,279,107,90,90,0
90,Suffolk County (South Central)--Brookhaven Town (South) PUMA,3783,2590,1193,3418,2494,924,365,96,269,483,428,55,483,428,55,0,0,0,1965,1096,869,1869,1000,869,96,96,0,1335,1066,269,1066,1066,0,269,0,269
91,Orange County (Northeast)--Greater Newburgh City PUMA,4550,2472,2078,4412,2334,2078,138,138,0,1888,931,957,1824,867,957,64,64,0,1648,916,732,1574,842,732,74,74,0,1014,625,389,1014,625,389,0,0,0
92,Sullivan & Ulster (West) Counties PUMA,1580,880,700,1235,695,540,345,185,160,507,304,203,495,292,203,12,12,0,921,424,497,588,251,337,333,173,160,152,152,0,152,152,0,0,0,0
93,"NYC-Staten Island Community District 1--Port Richmond, Stapleton & Mariner's Harbor PUMA",8652,4731,3921,7995,4183,3812,657,548,109,3794,2090,1704,3590,1886,1704,204,204,0,3551,1924,1627,3194,1676,1518,357,248,109,1307,717,590,1211,621,590,96,96,0
94,Wayne & Seneca Counties PUMA,468,253,215,468,253,215,0,0,0,153,62,91,153,62,91,0,0,0,196,72,124,196,72,124,0,0,0,119,119,0,119,119,0,0,0,0
95,Albany County (East Central)--Albany City PUMA,2329,1210,1119,2135,1016,1119,194,194,0,1196,492,704,1102,398,704,94,94,0,1133,718,415,1033,618,415,100,100,0,0,0,0,0,0,0,0,0,0
96,Nassau County (Northwest)--North Hempstead Town (North) PUMA,4497,2775,1722,4408,2775,1633,89,0,89,3610,2158,1452,3521,2158,1363,89,0,89,679,501,178,679,501,178,0,0,0,208,116,92,208,116,92,0,0,0
97,Rensselaer County--Troy City PUMA,1437,854,583,1337,754,583,100,100,0,788,480,308,760,452,308,28,28,0,350,250,100,350,250,100,0,0,0,299,124,175,227,52,175,72,72,0
98,Tompkins County PUMA,1564,962,602,1456,854,602,108,108,0,1447,962,485,1339,854,485,108,108,0,61,0,61,61,0,61,0,0,0,56,0,56,56,0,56,0,0,0
99,Suffolk County (West Central)--Babylon Town (Northwest) PUMA,7330,4429,2901,6268,3614,2654,1062,815,247,2173,1086,1087,2005,918,1087,168,168,0,4073,2300,1773,3484,1958,1526,589,342,247,1084,1043,41,779,738,41,305,305,0
100,NYC-Queens Community District 3--Jackson Heights & North Corona PUMA,21304,14319,6985,17691,11353,6338,3613,2966,647,5164,2749,2415,4953,2749,2204,211,0,211,13396,9317,4079,11124,7481,3643,2272,1836,436,2744,2253,491,1614,1123,491,1130,1130,0
101,NYC-Queens Community District 4--Elmhurst & South Corona PUMA,22459,15096,7363,20466,13748,6718,1993,1348,645,8164,4643,3521,7620,4360,3260,544,283,261,12451,9157,3294,11534,8412,3122,917,745,172,1844,1296,548,1312,976,336,532,320,212
102,Columbia & Greene Counties PUMA,583,456,127,492,399,93,91,57,34,23,13,10,23,13,10,0,0,0,302,198,104,246,176,70,56,22,34,258,245,13,223,210,13,35,35,0
103,Madison & Cortland Counties PUMA,314,159,155,314,159,155,0,0,0,159,159,0,159,159,0,0,0,0,155,0,155,155,0,155,0,0,0,0,0,0,0,0,0,0,0,0
104,NYC-Queens Community District 6--Forest Hills & Rego Park PUMA,12339,5410,6929,11806,5109,6697,533,301,232,8748,4147,4601,8583,4147,4436,165,0,165,3204,967,2237,2903,733,2170,301,234,67,387,296,91,320,229,91,67,67,0
105,NYC-Brooklyn Community District 5--East New York & Starrett City PUMA,11942,8543,3399,9717,6900,2817,2225,1643,582,1780,1309,471,1780,1309,471,0,0,0,8914,6291,2623,7146,5105,2041,1768,1186,582,1248,943,305,791,486,305,457,457,0
106,"NYC-Bronx Community District 5--Morris Heights, Fordham South & Mount Hope PUMA",14031,8367,5664,11243,6082,5161,2788,2285,503,3954,1604,2350,3584,1387,2197,370,217,153,7813,4783,3030,6108,3428,2680,1705,1355,350,2264,1980,284,1551,1267,284,713,713,0
107,NYC-Brooklyn Community District 8--Crown Heights North & Prospect Heights PUMA,4105,1530,2575,3481,1312,2169,624,218,406,2203,506,1697,1900,506,1394,303,0,303,1438,907,531,1220,689,531,218,218,0,464,117,347,361,117,244,103,0,103
108,"Steuben (North & West), Schuyler & Chemung (North) Counties PUMA",406,313,93,181,88,93,225,225,0,93,0,93,93,0,93,0,0,0,282,282,0,57,57,0,225,225,0,31,31,0,31,31,0,0,0,0
109,Herkimer (North & Central) & Oneida (Outer) Counties PUMA,122,90,32,122,90,32,0,0,0,32,0,32,32,0,32,0,0,0,90,90,0,90,90,0,0,0,0,0,0,0,0,0,0,0,0,0
110,Livingston & Wyoming Counties PUMA,53,53,0,53,53,0,0,0,0,0,0,0,0,0,0,0,0,0,0,0,0,0,0,0,0,0,0,53,53,0,53,53,0,0,0,0
111,Putnam County PUMA,1629,852,777,1167,721,446,462,131,331,519,405,114,519,405,114,0,0,0,794,131,663,332,0,332,462,131,331,316,316,0,316,316,0,0,0,0
112,"NYC-Brooklyn Community District 17--East Flatbush, Farragut & Rugby PUMA",7071,3815,3256,6455,3445,3010,616,370,246,1931,735,1196,1931,735,1196,0,0,0,4756,2696,2060,4232,2418,1814,524,278,246,384,384,0,292,292,0,92,92,0
113,Suffolk County (Northwest)--Huntington Town (North) PUMA,3500,2713,787,2629,2122,507,871,591,280,932,874,58,932,874,58,0,0,0,1955,1298,657,1084,707,377,871,591,280,613,541,72,613,541,72,0,0,0
114,"NYC-Bronx Community District 12--Wakefield, Williamsbridge & Woodlawn PUMA",10751,6324,4427,9574,5695,3879,1177,629,548,2768,1393,1375,2517,1267,1250,251,126,125,6400,3563,2837,5884,3255,2629,516,308,208,1583,1368,215,1173,1173,0,410,195,215
115,NYC-Manhattan Community District 3--Chinatown & Lower East Side PUMA,7634,3962,3672,6090,3272,2818,1544,690,854,3860,1752,2108,3860,1752,2108,0,0,0,3334,1874,1460,2084,1374,710,1250,500,750,440,336,104,146,146,0,294,190,104
116,Nassau County (East Central)--Oyster Bay Town (Central) PUMA,7902,4680,3222,7121,4221,2900,781,459,322,5168,2581,2587,5040,2453,2587,128,128,0,2405,1995,410,2081,1768,313,324,227,97,329,104,225,0,0,0,329,104,225
117,Westchester County (South Central)--New Rochelle & Mount Vernon Cities PUMA,12342,6974,5368,10825,6008,4817,1517,966,551,3030,1530,1500,3030,1530,1500,0,0,0,7657,4513,3144,6547,3547,3000,1110,966,144,1655,931,724,1248,931,317,407,0,407
118,Orange County (Northwest) PUMA,3646,2077,1569,2982,1644,1338,664,433,231,450,244,206,450,244,206,0,0,0,2766,1528,1238,2269,1262,1007,497,266,231,430,305,125,263,138,125,167,167,0
119,Nassau County (Central)--Hempstead Town (East Central) PUMA,1557,707,850,1557,707,850,0,0,0,882,351,531,882,351,531,0,0,0,675,356,319,675,356,319,0,0,0,0,0,0,0,0,0,0,0,0
120,Monroe County (North & West) PUMA,0,0,0,0,0,0,0,0,0,0,0,0,0,0,0,0,0,0,0,0,0,0,0,0,0,0,0,0,0,0,0,0,0,0,0,0
121,Suffolk County (Northwest)--Smithtown Town PUMA,1870,829,1041,1870,829,1041,0,0,0,1584,543,1041,1584,543,1041,0,0,0,69,69,0,69,69,0,0,0,0,217,217,0,217,217,0,0,0,0
122,Broome County (West Central)--Greater Binghamton City & Greater Johnson City Village PUMA,1325,563,762,1281,519,762,44,44,0,619,280,339,619,280,339,0,0,0,388,103,285,344,59,285,44,44,0,318,180,138,318,180,138,0,0,0
123,"NYC-Brooklyn Community District 12--Borough Park, Kensington & Ocean Parkway PUMA",6167,4293,1874,5344,3747,1597,823,546,277,2181,1557,624,2114,1490,624,67,67,0,3094,2076,1018,2563,1822,741,531,254,277,892,660,232,667,435,232,225,225,0
124,Suffolk County (Central)--Brookhaven Town (Central) PUMA,5522,3757,1765,5344,3579,1765,178,178,0,1134,956,178,956,778,178,178,178,0,4242,2655,1587,4242,2655,1587,0,0,0,146,146,0,146,146,0,0,0,0
125,NYC-Queens Community District 10--Howard Beach & Ozone Park PUMA,7275,4724,2551,6409,3921,2488,866,803,63,2064,1335,729,2001,1335,666,63,0,63,3992,2683,1309,3571,2262,1309,421,421,0,1219,706,513,837,324,513,382,382,0
126,Erie County (South) PUMA,483,347,136,483,347,136,0,0,0,69,69,0,69,69,0,0,0,0,414,278,136,414,278,136,0,0,0,0,0,0,0,0,0,0,0,0
127,"NYC-Bronx Community District 11--Pelham Parkway, Morris Park & Laconia PUMA",6866,4142,2724,5424,3210,2214,1442,932,510,2442,1103,1339,2155,949,1206,287,154,133,3424,2469,955,2847,2013,834,577,456,121,1000,570,430,422,248,174,578,322,256
128,"NYC-Queens Community District 14--Far Rockaway, Breezy Point & Broad Channel PUMA",3722,2535,1187,3017,1830,1187,705,705,0,2031,1321,710,1621,911,710,410,410,0,1396,919,477,1396,919,477,0,0,0,295,295,0,0,0,0,295,295,0
129,"NYC-Bronx Community District 10--Co-op City, Pelham Bay & Schuylerville PUMA",5790,4128,1662,5343,3681,1662,447,447,0,2190,1467,723,2190,1467,723,0,0,0,2797,1858,939,2740,1801,939,57,57,0,803,803,0,413,413,0,390,390,0
130,Nassau County (West Central)--North Hempstead Town (South) PUMA,10597,6791,3806,9888,6082,3806,709,709,0,6251,2986,3265,6150,2885,3265,101,101,0,2763,2287,476,2615,2139,476,148,148,0,1583,1518,65,1123,1058,65,460,460,0
131,Monroe County (Central)--Greece & Gates Towns PUMA,1212,805,407,1072,665,407,140,140,0,572,437,135,572,437,135,0,0,0,640,368,272,500,228,272,140,140,0,0,0,0,0,0,0,0,0,0
132,"NYC-Manhattan Community District 12--Washington Heights, Inwood & Marble Hill PUMA",19767,11006,8761,17542,10568,6974,2225,438,1787,6127,1633,4494,5403,1633,3770,724,0,724,9077,6409,2668,8358,5971,2387,719,438,281,4563,2964,1599,3781,2964,817,782,0,782
133,"NYC-Brooklyn Community District 15--Sheepshead Bay, Gerritsen Beach & Homecrest PUMA",8636,4686,3950,7875,4179,3696,761,507,254,3826,1728,2098,3625,1728,1897,201,0,201,3703,2224,1479,3472,1993,1479,231,231,0,1107,734,373,778,458,320,329,276,53
134,"NYC-Bronx Community District 3 & 6--Belmont, Crotona Park East & East Tremont PUMA",13378,6691,6687,10464,5506,4958,2914,1185,1729,2625,1735,890,2168,1357,811,457,378,79,8781,3593,5188,7533,3386,4147,1248,207,1041,1972,1363,609,763,763,0,1209,600,609
135,Nassau County (Southwest)--Hempstead Town (Southwest) & Long Beach City PUMA,2296,1271,1025,2100,1075,1025,196,196,0,722,475,247,526,279,247,196,196,0,740,390,350,740,390,350,0,0,0,834,406,428,834,406,428,0,0,0
136,NYC-Brooklyn Community District 13--Brighton Beach & Coney Island PUMA,2210,1389,821,1480,877,603,730,512,218,830,487,343,729,386,343,101,101,0,737,437,300,500,297,203,237,140,97,643,465,178,251,194,57,392,271,121
137,NYC-Manhattan Community District 8--Upper East Side PUMA,8519,4989,3530,7740,4471,3269,779,518,261,7463,4554,2909,6874,4036,2838,589,518,71,1036,415,621,846,415,431,190,0,190,20,20,0,20,20,0,0,0,0
138,NYC-Brooklyn Community District 7--Sunset Park & Windsor Terrace PUMA,10603,6259,4344,7647,4742,2905,2956,1517,1439,2618,1092,1526,2352,1003,1349,266,89,177,5823,3617,2206,4134,2770,1364,1689,847,842,2162,1550,612,1161,969,192,1001,581,420
139,"NYC-Bronx Community District 7--Bedford Park, Fordham North & Norwood PUMA",15035,9457,5578,10246,5959,4287,4789,3498,1291,3013,962,2051,2169,412,1757,844,550,294,9830,6532,3298,6567,4086,2481,3263,2446,817,2192,1963,229,1510,1461,49,682,502,180
140,Monroe County (East) PUMA,1422,814,608,1422,814,608,0,0,0,687,435,252,687,435,252,0,0,0,650,294,356,650,294,356,0,0,0,85,85,0,85,85,0,0,0,0
141,Suffolk County (East) PUMA,5241,3100,2141,4126,2369,1757,1115,731,384,967,165,802,967,165,802,0,0,0,3426,2087,1339,3042,2087,955,384,0,384,848,848,0,117,117,0,731,731,0
142,"NYC-Queens Community District 8--Briarwood, Fresh Meadows & Hillcrest PUMA",18467,10304,8163,16276,8913,7363,2191,1391,800,10750,5880,4870,9669,5037,4632,1081,843,238,6996,3785,3211,5920,3271,2649,1076,514,562,721,639,82,687,605,82,34,34,0
143,"NYC-Bronx Community District 9--Castle Hill, Clason Point & Parkchester PUMA",12807,7732,5075,9035,5711,3324,3772,2021,1751,4478,2482,1996,4204,2298,1906,274,184,90,6592,3683,2909,3764,2407,1357,2828,1276,1552,1737,1567,170,1067,1006,61,670,561,109
144,Suffolk County (Central)--Islip Town (Northwest) PUMA,16247,10932,5315,15328,10440,4888,919,492,427,2234,1330,904,2234,1330,904,0,0,0,8866,5404,3462,8140,5105,3035,726,299,427,5147,4198,949,4954,4005,949,193,193,0
145,NYC-Manhattan Community District 7--Upper West Side & West Side PUMA,6773,2681,4092,6530,2438,4092,243,243,0,6030,1938,4092,6030,1938,4092,0,0,0,317,317,0,74,74,0,243,243,0,426,426,0,426,426,0,0,0,0
146,Capital Region,13031,8696,4335,11972,7795,4177,1059,901,158,8767,5972,2795,8478,5683,2795,289,289,0,3240,1888,1352,2735,1541,1194,505,347,158,1024,836,188,759,571,188,265,265,0
147,Central NY,5263,2654,2609,4103,1999,2104,1160,655,505,2597,1637,960,2451,1506,945,146,131,15,1805,623,1182,1317,383,934,488,240,248,861,394,467,335,110,225,526,284,242
148,Finger Lakes,11543,7376,4167,11059,6994,4065,484,382,102,5892,4108,1784,5892,4108,1784,0,0,0,4708,2717,1991,4344,2406,1938,364,311,53,943,551,392,823,480,343,120,71,49
149,Long Island,132285,81373,50912,122327,74637,47690,9958,6736,3222,55243,28568,26675,54295,27709,26586,948,859,89,55758,36105,19653,50989,33310,17679,4769,2795,1974,21284,16700,4584,17043,13618,3425,4241,3082,1159
150,Mid-Hudson,104295,59059,45236,88986,50614,38372,15309,8445,6864,37072,17018,20054,34399,16733,17666,2673,285,2388,48553,27973,20580,41501,23800,17701,7052,4173,2879,18670,14068,4602,13086,10081,3005,5584,3987,1597
151,Mohawk Valley,3172,2053,1119,2287,1393,894,885,660,225,582,381,201,468,267,201,114,114,0,1914,1215,699,1397,923,474,517,292,225,676,457,219,422,203,219,254,254,0
152,New York City,576189,339879,236310,497401,290589,206812,78788,49290,29498,236176,124451,111725,221328,115492,105836,14848,8959,5889,272273,165956,106317,228298,140002,88296,43975,25954,18021,67740,49472,18268,47775,35095,12680,19965,14377,5588
153,North Country,1695,569,1126,1458,433,1025,237,136,101,953,551,402,734,433,301,219,118,101,669,18,651,651,0,651,18,18,0,73,0,73,73,0,73,0,0,0
154,Southern Tier,5068,3022,2046,4303,2257,2046,765,765,0,3294,1941,1353,3186,1833,1353,108,108,0,1332,870,462,675,213,462,657,657,0,442,211,231,442,211,231,0,0,0
155,Western NY,10233,7078,3155,7992,5407,2585,2241,1671,570,5388,3580,1808,4740,3216,1524,648,364,284,3245,2485,760,2148,1536,612,1097,949,148,1600,1013,587,1104,655,449,496,358,138
