,puma,Total_geo,Total_geo_m,Total_geo_f,Total_FT_mf_t,Total_FT_m,Total_FT_f,Total_PT_mf_t,Total_PT_m,Total_PT_f,Total_BABS,Total_BABS_m,Total_BABS_f,BABS_FT_mf_t,BABS_FT_m,BABS_FT_f,BABS_PT_mf_t,BABS_PT_m,BABS_PT_f,Total_HS,Total_HS_m,Total_HS_f,HS_FT_mf_t,HS_FT_m,HS_FT_f,HS_PT_mf_t,HS_PT_m,HS_PT_f,Total_HSINC,Total_HSINC_m,Total_HSINC_f,HSINC_FT_mf_t,HSINC_FT_m,HSINC_FT_f,HSINC_PT_mf_t,HSINC_PT_m,HSINC_PT_f
0,Total Geo,319538,174757,144781,267365,158604,108761,52173,16153,36020,175637,88199,87438,154374,81366,73008,21263,6833,14430,124120,72923,51197,96805,64879,31926,27315,8044,19271,19781,13635,6146,16186,12359,3827,3595,1276,2319
1,"NYC-Manhattan Community District 6--Murray Hill, Gramercy & Stuyvesant Town PUMA",1749,494,1255,1224,494,730,525,0,525,1481,494,987,1224,494,730,257,0,257,0,0,0,0,0,0,0,0,0,268,0,268,0,0,0,268,0,268
2,Tompkins County PUMA,922,520,402,922,520,402,0,0,0,922,520,402,922,520,402,0,0,0,0,0,0,0,0,0,0,0,0,0,0,0,0,0,0,0,0,0
3,Westchester County (South Central)--New Rochelle & Mount Vernon Cities PUMA,3411,2170,1241,2640,2170,470,771,0,771,951,569,382,891,569,322,60,0,60,2299,1601,698,1661,1601,60,638,0,638,161,0,161,88,0,88,73,0,73
4,"NYC-Queens Community District 7--Flushing, Murray Hill & Whitestone PUMA",3357,2119,1238,2648,2066,582,709,53,656,879,679,200,826,626,200,53,53,0,1737,924,813,1220,924,296,517,0,517,741,516,225,602,516,86,139,0,139
5,Madison & Cortland Counties PUMA,401,191,210,383,173,210,18,18,0,315,191,124,297,173,124,18,18,0,86,0,86,86,0,86,0,0,0,0,0,0,0,0,0,0,0,0
6,NYC-Brooklyn Community District 5--East New York & Starrett City PUMA,303,194,109,34,34,0,269,160,109,109,0,109,0,0,0,109,0,109,194,194,0,34,34,0,160,160,0,0,0,0,0,0,0,0,0,0
7,Dutchess County (Southwest) PUMA,428,384,44,354,310,44,74,74,0,118,74,44,44,0,44,74,74,0,310,310,0,310,310,0,0,0,0,0,0,0,0,0,0,0,0,0
8,"NYC-Bronx Community District 3 & 6--Belmont, Crotona Park East & East Tremont PUMA",853,634,219,853,634,219,0,0,0,117,0,117,117,0,117,0,0,0,736,634,102,736,634,102,0,0,0,0,0,0,0,0,0,0,0,0
9,Dutchess County (North & East) PUMA,1052,474,578,795,424,371,257,50,207,213,112,101,62,62,0,151,50,101,839,362,477,733,362,371,106,0,106,0,0,0,0,0,0,0,0,0
10,Erie County (Central) PUMA,1742,631,1111,1463,507,956,279,124,155,491,0,491,401,0,401,90,0,90,1059,569,490,935,445,490,124,124,0,192,62,130,127,62,65,65,0,65
11,Suffolk County (West Central)--Babylon Town (Northwest) PUMA,1818,758,1060,1377,758,619,441,0,441,764,411,353,764,411,353,0,0,0,820,225,595,379,225,154,441,0,441,234,122,112,234,122,112,0,0,0
12,"Otsego, Schoharie, Oneida (South) & Herkimer (South) Counties PUMA",427,192,235,362,170,192,65,22,43,153,69,84,131,47,84,22,22,0,71,28,43,28,28,0,43,0,43,203,95,108,203,95,108,0,0,0
13,NYC-Brooklyn Community District 7--Sunset Park & Windsor Terrace PUMA,3637,2379,1258,2804,1836,968,833,543,290,2416,1637,779,1996,1421,575,420,216,204,1164,685,479,808,415,393,356,270,86,57,57,0,0,0,0,57,57,0
14,Westchester County (Northeast) PUMA,1940,1217,723,1740,1217,523,200,0,200,1285,762,523,1285,762,523,0,0,0,579,379,200,379,379,0,200,0,200,76,76,0,76,76,0,0,0,0
15,Nassau County (East Central)--Oyster Bay Town (Central) PUMA,1156,473,683,881,405,476,275,68,207,877,254,623,662,186,476,215,68,147,279,219,60,219,219,0,60,0,60,0,0,0,0,0,0,0,0,0
16,Niagara County (Southwest)--Greater Niagara Falls & North Tonawanda Area PUMA,0,0,0,0,0,0,0,0,0,0,0,0,0,0,0,0,0,0,0,0,0,0,0,0,0,0,0,0,0,0,0,0,0,0,0,0
17,Nassau County (Central)--Hempstead Town (East Central) PUMA,1218,787,431,1035,787,248,183,0,183,367,296,71,367,296,71,0,0,0,789,429,360,606,429,177,183,0,183,62,62,0,62,62,0,0,0,0
18,Niagara County (North & East) PUMA,0,0,0,0,0,0,0,0,0,0,0,0,0,0,0,0,0,0,0,0,0,0,0,0,0,0,0,0,0,0,0,0,0,0,0,0
19,"NYC-Queens Community District 13--Queens Village, Cambria Heights & Rosedale PUMA",1115,984,131,1115,984,131,0,0,0,426,353,73,426,353,73,0,0,0,455,455,0,455,455,0,0,0,0,234,176,58,234,176,58,0,0,0
20,"Chenango, Delaware & Broome (East) Counties PUMA",55,55,0,26,26,0,29,29,0,26,26,0,26,26,0,0,0,0,29,29,0,0,0,0,29,29,0,0,0,0,0,0,0,0,0,0
21,Oswego County PUMA,530,63,467,346,0,346,184,63,121,467,0,467,346,0,346,121,0,121,63,63,0,0,0,0,63,63,0,0,0,0,0,0,0,0,0,0
22,"NYC-Brooklyn Community District 9--Crown Heights South, Prospect Lefferts & Wingate PUMA",952,508,444,722,508,214,230,0,230,478,197,281,411,197,214,67,0,67,474,311,163,311,311,0,163,0,163,0,0,0,0,0,0,0,0,0
23,NYC-Queens Community District 10--Howard Beach & Ozone Park PUMA,3204,1971,1233,3204,1971,1233,0,0,0,2055,1232,823,2055,1232,823,0,0,0,951,577,374,951,577,374,0,0,0,198,162,36,198,162,36,0,0,0
24,Ontario & Yates Counties PUMA,265,177,88,265,177,88,0,0,0,177,177,0,177,177,0,0,0,0,0,0,0,0,0,0,0,0,0,88,0,88,88,0,88,0,0,0
25,"NYC-Bronx Community District 8--Riverdale, Fieldston & Kingsbridge PUMA",1453,1028,425,996,770,226,457,258,199,1041,741,300,772,546,226,269,195,74,412,287,125,224,224,0,188,63,125,0,0,0,0,0,0,0,0,0
26,Erie County (Northwest) PUMA,706,492,214,639,492,147,67,0,67,187,187,0,187,187,0,0,0,0,382,305,77,382,305,77,0,0,0,137,0,137,70,0,70,67,0,67
27,NYC-Brooklyn Community District 14--Flatbush & Midwood PUMA,8304,3870,4434,6262,3038,3224,2042,832,1210,4255,1375,2880,3253,1239,2014,1002,136,866,3595,2173,1422,2642,1564,1078,953,609,344,454,322,132,367,235,132,87,87,0
28,"Rockland County (West)--Spring Valley, Suffern Villages & Monsey PUMA",1778,1258,520,1434,1258,176,344,0,344,437,278,159,355,278,77,82,0,82,1045,783,262,783,783,0,262,0,262,296,197,99,296,197,99,0,0,0
29,"NYC-Manhattan Community District 1 & 2--Battery Park City, Greenwich Village & Soho PUMA",6759,4198,2561,6309,4001,2308,450,197,253,6513,4198,2315,6183,4001,2182,330,197,133,246,0,246,126,0,126,120,0,120,0,0,0,0,0,0,0,0,0
30,"NYC-Bronx Community District 4--Concourse, Highbridge & Mount Eden PUMA",194,194,0,194,194,0,0,0,0,0,0,0,0,0,0,0,0,0,194,194,0,194,194,0,0,0,0,0,0,0,0,0,0,0,0,0
31,NYC-Queens Community District 1--Astoria & Long Island City PUMA,11706,6160,5546,10420,6017,4403,1286,143,1143,5414,2302,3112,5090,2214,2876,324,88,236,5587,3376,2211,4848,3321,1527,739,55,684,705,482,223,482,482,0,223,0,223
32,Erie County (West Central)--Buffalo City (West) PUMA,626,296,330,626,296,330,0,0,0,405,75,330,405,75,330,0,0,0,221,221,0,221,221,0,0,0,0,0,0,0,0,0,0,0,0,0
33,Schenectady County--Schenectady City PUMA,1207,832,375,1153,832,321,54,0,54,620,409,211,620,409,211,0,0,0,587,423,164,533,423,110,54,0,54,0,0,0,0,0,0,0,0,0
34,NYC-Brooklyn Community District 2--Brooklyn Heights & Fort Greene PUMA,2061,1491,570,1625,1304,321,436,187,249,1861,1291,570,1425,1104,321,436,187,249,200,200,0,200,200,0,0,0,0,0,0,0,0,0,0,0,0,0
35,"Steuben (North & West), Schuyler & Chemung (North) Counties PUMA",31,0,31,31,0,31,0,0,0,0,0,0,0,0,0,0,0,0,31,0,31,31,0,31,0,0,0,0,0,0,0,0,0,0,0,0
36,NYC-Brooklyn Community District 1--Greenpoint & Williamsburg PUMA,5187,3253,1934,4026,2825,1201,1161,428,733,2505,1367,1138,1940,1027,913,565,340,225,2028,1273,755,1473,1185,288,555,88,467,654,613,41,613,613,0,41,0,41
37,Suffolk County (Northwest)--Huntington Town (North) PUMA,644,266,378,413,266,147,231,0,231,644,266,378,413,266,147,231,0,231,0,0,0,0,0,0,0,0,0,0,0,0,0,0,0,0,0,0
38,Erie County (Northeast) PUMA,380,214,166,214,214,0,166,0,166,105,63,42,63,63,0,42,0,42,275,151,124,151,151,0,124,0,124,0,0,0,0,0,0,0,0,0
39,Monroe County (North & West) PUMA,365,68,297,365,68,297,0,0,0,102,0,102,102,0,102,0,0,0,263,68,195,263,68,195,0,0,0,0,0,0,0,0,0,0,0,0
40,Oneida County (Central)--Greater Utica & Rome Cities PUMA,2543,1182,1361,2015,923,1092,528,259,269,813,279,534,730,279,451,83,0,83,1450,743,707,1046,525,521,404,218,186,280,160,120,239,119,120,41,41,0
41,"NYC-Brooklyn Community District 12--Borough Park, Kensington & Ocean Parkway PUMA",5134,3039,2095,3579,2164,1415,1555,875,680,2285,1200,1085,2023,1098,925,262,102,160,2344,1378,966,1134,688,446,1210,690,520,505,461,44,422,378,44,83,83,0
42,Erie County (West Central)--Buffalo City (East) PUMA,468,468,0,468,468,0,0,0,0,53,53,0,53,53,0,0,0,0,369,369,0,369,369,0,0,0,0,46,46,0,46,46,0,0,0,0
43,Suffolk County (Northwest)--Smithtown Town PUMA,404,228,176,301,228,73,103,0,103,111,50,61,74,50,24,37,0,37,293,178,115,227,178,49,66,0,66,0,0,0,0,0,0,0,0,0
44,Nassau County (Northeast)--Oyster Bay Town (North) & Glen Cove City PUMA,2748,1412,1336,2628,1325,1303,120,87,33,1591,737,854,1471,650,821,120,87,33,536,300,236,536,300,236,0,0,0,621,375,246,621,375,246,0,0,0
45,NYC-Manhattan Community District 8--Upper East Side PUMA,10406,4280,6126,8812,4280,4532,1594,0,1594,10270,4280,5990,8676,4280,4396,1594,0,1594,136,0,136,136,0,136,0,0,0,0,0,0,0,0,0,0,0,0
46,Suffolk County (Southwest)--Islip Town (South) PUMA,585,346,239,585,346,239,0,0,0,276,276,0,276,276,0,0,0,0,0,0,0,0,0,0,0,0,0,309,70,239,309,70,239,0,0,0
47,"NYC-Brooklyn Community District 6--Park Slope, Carroll Gardens & Red Hook PUMA",4384,2623,1761,4028,2579,1449,356,44,312,3589,2097,1492,3277,2097,1180,312,0,312,751,482,269,751,482,269,0,0,0,44,44,0,0,0,0,44,44,0
48,Erie County (South) PUMA,693,483,210,548,338,210,145,145,0,577,367,210,432,222,210,145,145,0,116,116,0,116,116,0,0,0,0,0,0,0,0,0,0,0,0,0
49,Albany County (Outside Albany City) PUMA,1568,934,634,1356,934,422,212,0,212,1019,535,484,890,535,355,129,0,129,423,273,150,340,273,67,83,0,83,126,126,0,126,126,0,0,0,0
50,NYC-Staten Island Community District 2--New Springville & South Beach PUMA,7744,4677,3067,6845,4370,2475,899,307,592,3596,2028,1568,3288,1933,1355,308,95,213,3492,2219,1273,2901,2007,894,591,212,379,656,430,226,656,430,226,0,0,0
51,Erie County (North Central) PUMA,1299,362,937,1197,362,835,102,0,102,1019,290,729,1019,290,729,0,0,0,280,72,208,178,72,106,102,0,102,0,0,0,0,0,0,0,0,0
52,"NYC-Staten Island Community District 3--Tottenville, Great Kills & Annadale PUMA",10490,6183,4307,9556,5702,3854,934,481,453,5394,2881,2513,5165,2793,2372,229,88,141,4950,3156,1794,4302,2820,1482,648,336,312,146,146,0,89,89,0,57,57,0
53,"NYC-Manhattan Community District 12--Washington Heights, Inwood & Marble Hill PUMA",2156,1077,1079,2016,953,1063,140,124,16,1580,650,930,1505,591,914,75,59,16,576,427,149,511,362,149,65,65,0,0,0,0,0,0,0,0,0,0
54,NYC-Manhattan Community District 7--Upper West Side & West Side PUMA,6245,3172,3073,5844,2903,2941,401,269,132,4642,2426,2216,4241,2157,2084,401,269,132,1488,631,857,1488,631,857,0,0,0,115,115,0,115,115,0,0,0,0
55,"NYC-Queens Community District 5--Ridgewood, Glendale & Middle Village PUMA",13635,8138,5497,12057,7651,4406,1578,487,1091,4483,1867,2616,4054,1591,2463,429,276,153,8302,5584,2718,7272,5409,1863,1030,175,855,850,687,163,731,651,80,119,36,83
56,"NYC-Brooklyn Community District 15--Sheepshead Bay, Gerritsen Beach & Homecrest PUMA",17178,8849,8329,14971,7614,7357,2207,1235,972,10770,5071,5699,9763,4428,5335,1007,643,364,5714,3176,2538,4778,2789,1989,936,387,549,694,602,92,430,397,33,264,205,59
57,"NYC-Queens Community District 12--Jamaica, Hollis & St. Albans PUMA",477,184,293,240,92,148,237,92,145,0,0,0,0,0,0,0,0,0,477,184,293,240,92,148,237,92,145,0,0,0,0,0,0,0,0,0
58,Suffolk County (North Central)--Brookhaven Town (North) PUMA,1785,918,867,1488,918,570,297,0,297,1542,918,624,1373,918,455,169,0,169,243,0,243,115,0,115,128,0,128,0,0,0,0,0,0,0,0,0
59,Albany County (East Central)--Albany City PUMA,551,213,338,388,50,338,163,163,0,242,163,79,79,0,79,163,163,0,309,50,259,309,50,259,0,0,0,0,0,0,0,0,0,0,0,0
60,NYC-Manhattan Community District 3--Chinatown & Lower East Side PUMA,2107,1131,976,1923,1028,895,184,103,81,1784,996,788,1600,893,707,184,103,81,323,135,188,323,135,188,0,0,0,0,0,0,0,0,0,0,0,0
61,Rensselaer County--Troy City PUMA,733,682,51,631,631,0,102,51,51,284,233,51,182,182,0,102,51,51,449,449,0,449,449,0,0,0,0,0,0,0,0,0,0,0,0,0
62,Warren & Washington Counties PUMA,612,283,329,530,256,274,82,27,55,290,117,173,290,117,173,0,0,0,258,102,156,176,75,101,82,27,55,64,64,0,64,64,0,0,0,0
63,Orange County (Northeast)--Greater Newburgh City PUMA,532,360,172,498,360,138,34,0,34,244,145,99,210,145,65,34,0,34,73,0,73,73,0,73,0,0,0,215,215,0,215,215,0,0,0,0
64,"Rockland County (South)--Orangetown, Clarkstown (South) & Ramapo (Southeast) Towns PUMA",618,79,539,445,79,366,173,0,173,179,0,179,179,0,179,0,0,0,360,0,360,187,0,187,173,0,173,79,79,0,79,79,0,0,0,0
65,Fulton & Montgomery Counties PUMA,174,0,174,127,0,127,47,0,47,0,0,0,0,0,0,0,0,0,174,0,174,127,0,127,47,0,47,0,0,0,0,0,0,0,0,0
66,NYC-Brooklyn Community District 11--Bensonhurst & Bath Beach PUMA,12136,6223,5913,10524,5705,4819,1612,518,1094,7283,3579,3704,6810,3488,3322,473,91,382,4103,2151,1952,3094,1724,1370,1009,427,582,750,493,257,620,493,127,130,0,130
67,Monroe County (Central)--Rochester City (East) PUMA,0,0,0,0,0,0,0,0,0,0,0,0,0,0,0,0,0,0,0,0,0,0,0,0,0,0,0,0,0,0,0,0,0,0,0,0
68,Chautauqua County PUMA,271,203,68,271,203,68,0,0,0,68,0,68,68,0,68,0,0,0,203,203,0,203,203,0,0,0,0,0,0,0,0,0,0,0,0,0
69,Nassau County (Northwest)--North Hempstead Town (North) PUMA,3581,1745,1836,2745,1495,1250,836,250,586,1872,709,1163,1396,602,794,476,107,369,1651,998,653,1291,855,436,360,143,217,58,38,20,58,38,20,0,0,0
70,"Clinton, Franklin, Essex & Hamilton Counties PUMA",348,107,241,272,107,165,76,0,76,68,38,30,63,38,25,5,0,5,141,24,117,117,24,93,24,0,24,139,45,94,92,45,47,47,0,47
71,NYC-Queens Community District 6--Forest Hills & Rego Park PUMA,7628,4020,3608,5931,3678,2253,1697,342,1355,4263,2310,1953,3531,2192,1339,732,118,614,2948,1400,1548,2090,1176,914,858,224,634,417,310,107,310,310,0,107,0,107
72,Monroe County (Central)--Rochester City (West) PUMA,0,0,0,0,0,0,0,0,0,0,0,0,0,0,0,0,0,0,0,0,0,0,0,0,0,0,0,0,0,0,0,0,0,0,0,0
73,Orange County (Southeast) PUMA,1137,655,482,904,581,323,233,74,159,426,351,75,390,351,39,36,0,36,534,191,343,475,191,284,59,0,59,177,113,64,39,39,0,138,74,64
74,Rockland County (North)--New City & Congers PUMA,561,301,260,383,301,82,178,0,178,365,105,260,187,105,82,178,0,178,196,196,0,196,196,0,0,0,0,0,0,0,0,0,0,0,0,0
75,Westchester County (Southeast) PUMA,3787,2504,1283,3492,2504,988,295,0,295,2860,2075,785,2860,2075,785,0,0,0,649,354,295,354,354,0,295,0,295,278,75,203,278,75,203,0,0,0
76,"NYC-Manhattan Community District 9--Hamilton Heights, Manhattanville & West Harlem PUMA",1900,575,1325,1769,575,1194,131,0,131,1104,199,905,973,199,774,131,0,131,796,376,420,796,376,420,0,0,0,0,0,0,0,0,0,0,0,0
77,Nassau County (Southwest)--Hempstead Town (Southwest) & Long Beach City PUMA,1088,336,752,886,336,550,202,0,202,575,178,397,568,178,390,7,0,7,498,143,355,303,143,160,195,0,195,15,15,0,15,15,0,0,0,0
78,NYC-Queens Community District 2--Sunnyside & Woodside PUMA,4831,3323,1508,4237,2811,1426,594,512,82,3332,2148,1184,3018,1834,1184,314,314,0,1190,1122,68,992,924,68,198,198,0,309,53,256,227,53,174,82,0,82
79,"NYC-Bronx Community District 11--Pelham Parkway, Morris Park & Laconia PUMA",4075,2074,2001,3289,1946,1343,786,128,658,1647,628,1019,1135,500,635,512,128,384,2204,1320,884,2028,1320,708,176,0,176,224,126,98,126,126,0,98,0,98
80,Onondaga County (Central)--Syracuse City (Outer) PUMA,1226,864,362,1059,794,265,167,70,97,609,359,250,442,289,153,167,70,97,474,434,40,474,434,40,0,0,0,143,71,72,143,71,72,0,0,0
81,Wayne & Seneca Counties PUMA,0,0,0,0,0,0,0,0,0,0,0,0,0,0,0,0,0,0,0,0,0,0,0,0,0,0,0,0,0,0,0,0,0,0,0,0
82,"NYC-Bronx Community District 7--Bedford Park, Fordham North & Norwood PUMA",1036,716,320,716,716,0,320,0,320,283,283,0,283,283,0,0,0,0,588,268,320,268,268,0,320,0,320,165,165,0,165,165,0,0,0,0
83,Nassau County (West Central)--Hempstead Town (Northwest) PUMA,1748,977,771,940,853,87,808,124,684,539,474,65,474,474,0,65,0,65,1209,503,706,466,379,87,743,124,619,0,0,0,0,0,0,0,0,0
84,NYC-Brooklyn Community District 18--Canarsie & Flatlands PUMA,3662,1622,2040,3216,1571,1645,446,51,395,1633,628,1005,1546,628,918,87,0,87,1728,994,734,1369,943,426,359,51,308,301,0,301,301,0,301,0,0,0
85,"NYC-Bronx Community District 12--Wakefield, Williamsbridge & Woodlawn PUMA",468,357,111,317,317,0,151,40,111,195,84,111,84,84,0,111,0,111,273,273,0,233,233,0,40,40,0,0,0,0,0,0,0,0,0,0
86,Suffolk County (South Central)--Brookhaven Town (South) PUMA,1268,947,321,1015,947,68,253,0,253,255,180,75,216,180,36,39,0,39,897,651,246,683,651,32,214,0,214,116,116,0,116,116,0,0,0,0
87,NYC-Queens Community District 4--Elmhurst & South Corona PUMA,1911,1051,860,1749,1051,698,162,0,162,880,267,613,880,267,613,0,0,0,1031,784,247,869,784,85,162,0,162,0,0,0,0,0,0,0,0,0
88,Livingston & Wyoming Counties PUMA,450,316,134,132,63,69,318,253,65,20,20,0,20,20,0,0,0,0,430,296,134,112,43,69,318,253,65,0,0,0,0,0,0,0,0,0
89,"NYC-Bronx Community District 10--Co-op City, Pelham Bay & Schuylerville PUMA",2306,1295,1011,2033,1295,738,273,0,273,685,159,526,685,159,526,0,0,0,1332,847,485,1059,847,212,273,0,273,289,289,0,289,289,0,0,0,0
90,Cattaraugus & Allegany Counties PUMA,26,0,26,26,0,26,0,0,0,26,0,26,26,0,26,0,0,0,0,0,0,0,0,0,0,0,0,0,0,0,0,0,0,0,0,0
91,Herkimer (North & Central) & Oneida (Outer) Counties PUMA,302,179,123,302,179,123,0,0,0,161,161,0,161,161,0,0,0,0,141,18,123,141,18,123,0,0,0,0,0,0,0,0,0,0,0,0
92,Orange County (Northwest) PUMA,949,627,322,949,627,322,0,0,0,417,169,248,417,169,248,0,0,0,388,314,74,388,314,74,0,0,0,144,144,0,144,144,0,0,0,0
93,Columbia & Greene Counties PUMA,91,91,0,91,91,0,0,0,0,64,64,0,64,64,0,0,0,0,27,27,0,27,27,0,0,0,0,0,0,0,0,0,0,0,0,0
94,Suffolk County (East) PUMA,2792,1183,1609,1728,1183,545,1064,0,1064,749,377,372,672,377,295,77,0,77,1965,806,1159,978,806,172,987,0,987,78,0,78,78,0,78,0,0,0
95,Monroe County (East) PUMA,1604,743,861,1410,743,667,194,0,194,523,328,195,523,328,195,0,0,0,860,302,558,774,302,472,86,0,86,221,113,108,113,113,0,108,0,108
96,Sullivan & Ulster (West) Counties PUMA,1424,798,626,1105,549,556,319,249,70,749,273,476,621,145,476,128,128,0,605,525,80,484,404,80,121,121,0,70,0,70,0,0,0,70,0,70
97,Cayuga & Onondaga (South) Counties PUMA,0,0,0,0,0,0,0,0,0,0,0,0,0,0,0,0,0,0,0,0,0,0,0,0,0,0,0,0,0,0,0,0,0,0,0,0
98,"NYC-Bronx Community District 1 & 2--Hunts Point, Longwood & Melrose PUMA",0,0,0,0,0,0,0,0,0,0,0,0,0,0,0,0,0,0,0,0,0,0,0,0,0,0,0,0,0,0,0,0,0,0,0,0
99,Suffolk County (Southwest)--Babylon Town (Southeast) PUMA,2147,934,1213,1616,855,761,531,79,452,679,280,399,679,280,399,0,0,0,1018,370,648,552,291,261,466,79,387,450,284,166,385,284,101,65,0,65
100,Onondaga County (Central)--Syracuse City PUMA,893,578,315,717,578,139,176,0,176,623,452,171,497,452,45,126,0,126,270,126,144,220,126,94,50,0,50,0,0,0,0,0,0,0,0,0
101,Ulster County (East) PUMA,292,292,0,292,292,0,0,0,0,41,41,0,41,41,0,0,0,0,251,251,0,251,251,0,0,0,0,0,0,0,0,0,0,0,0,0
102,NYC-Queens Community District 9--Richmond Hill & Woodhaven PUMA,2445,1433,1012,1924,1386,538,521,47,474,1002,516,486,691,516,175,311,0,311,1396,870,526,1233,870,363,163,0,163,47,47,0,0,0,0,47,47,0
103,NYC-Brooklyn Community District 13--Brighton Beach & Coney Island PUMA,10529,5343,5186,9386,5343,4043,1143,0,1143,5719,2609,3110,5449,2609,2840,270,0,270,3705,1825,1880,2947,1825,1122,758,0,758,1105,909,196,990,909,81,115,0,115
104,Broome County (West Central)--Greater Binghamton City & Greater Johnson City Village PUMA,1255,777,478,1040,777,263,215,0,215,745,319,426,530,319,211,215,0,215,409,357,52,409,357,52,0,0,0,101,101,0,101,101,0,0,0,0
105,Nassau County (South Central)--Hempstead Town (Southeast) PUMA,2021,1022,999,1455,848,607,566,174,392,1171,515,656,758,341,417,413,174,239,850,507,343,697,507,190,153,0,153,0,0,0,0,0,0,0,0,0
106,Saratoga County (Outer) PUMA,251,124,127,251,124,127,0,0,0,127,0,127,127,0,127,0,0,0,124,124,0,124,124,0,0,0,0,0,0,0,0,0,0,0,0,0
107,"NYC-Manhattan Community District 4 & 5--Chelsea, Clinton & Midtown Business District PUMA",6085,3951,2134,5102,3475,1627,983,476,507,5082,3008,2074,4226,2659,1567,856,349,507,1003,943,60,876,816,60,127,127,0,0,0,0,0,0,0,0,0,0
108,NYC-Brooklyn Community District 4--Bushwick PUMA,624,278,346,553,207,346,71,71,0,257,71,186,186,0,186,71,71,0,367,207,160,367,207,160,0,0,0,0,0,0,0,0,0,0,0,0
109,Suffolk County (Central)--Islip Town (East) PUMA,341,70,271,143,70,73,198,0,198,143,70,73,70,70,0,73,0,73,198,0,198,73,0,73,125,0,125,0,0,0,0,0,0,0,0,0
110,Westchester County (Southwest)--Yonkers City PUMA,5025,2256,2769,3769,1835,1934,1256,421,835,2459,992,1467,2082,992,1090,377,0,377,2238,1143,1095,1433,722,711,805,421,384,328,121,207,254,121,133,74,0,74
111,Nassau County (West Central)--North Hempstead Town (South) PUMA,2105,1003,1102,1893,909,984,212,94,118,1351,417,934,1233,417,816,118,0,118,319,151,168,319,151,168,0,0,0,435,435,0,341,341,0,94,94,0
112,"NYC-Queens Community District 8--Briarwood, Fresh Meadows & Hillcrest PUMA",5140,2773,2367,4251,2523,1728,889,250,639,2527,1126,1401,2065,1023,1042,462,103,359,2434,1535,899,2007,1388,619,427,147,280,179,112,67,179,112,67,0,0,0
113,Jefferson & Lewis Counties PUMA,292,0,292,163,0,163,129,0,129,108,0,108,0,0,0,108,0,108,184,0,184,163,0,163,21,0,21,0,0,0,0,0,0,0,0,0
114,Suffolk County (Central)--Brookhaven Town (West Central) PUMA,935,446,489,851,362,489,84,84,0,498,75,423,498,75,423,0,0,0,437,371,66,353,287,66,84,84,0,0,0,0,0,0,0,0,0,0
115,Suffolk County (Northwest)--Huntington Town (South) PUMA,983,648,335,679,539,140,304,109,195,256,176,80,147,67,80,109,109,0,654,399,255,459,399,60,195,0,195,73,73,0,73,73,0,0,0,0
116,NYC-Brooklyn Community District 16--Brownsville & Ocean Hill PUMA,61,29,32,0,0,0,61,29,32,0,0,0,0,0,0,0,0,0,61,29,32,0,0,0,61,29,32,0,0,0,0,0,0,0,0,0
117,"NYC-Staten Island Community District 1--Port Richmond, Stapleton & Mariner's Harbor PUMA",4008,2402,1606,3613,2402,1211,395,0,395,1940,1098,842,1677,1098,579,263,0,263,1858,1177,681,1726,1177,549,132,0,132,210,127,83,210,127,83,0,0,0
118,Chemung (South) & Steuben (East) Counties--Greater Elmira & Greater Corning Cities PUMA,173,124,49,173,124,49,0,0,0,59,59,0,59,59,0,0,0,0,114,65,49,114,65,49,0,0,0,0,0,0,0,0,0,0,0,0
119,Monroe County (Central)--Greece & Gates Towns PUMA,1795,1208,587,920,462,458,875,746,129,334,257,77,77,0,77,257,257,0,1089,708,381,690,309,381,399,399,0,372,243,129,153,153,0,219,90,129
120,NYC-Queens Community District 3--Jackson Heights & North Corona PUMA,2365,1573,792,2136,1573,563,229,0,229,1442,650,792,1213,650,563,229,0,229,466,466,0,466,466,0,0,0,0,457,457,0,457,457,0,0,0,0
121,"NYC-Queens Community District 14--Far Rockaway, Breezy Point & Broad Channel PUMA",571,242,329,525,242,283,46,0,46,411,82,329,365,82,283,46,0,46,160,160,0,160,160,0,0,0,0,0,0,0,0,0,0,0,0,0
122,NYC-Brooklyn Community District 10--Bay Ridge & Dyker Heights PUMA,9313,5785,3528,7236,4696,2540,2077,1089,988,4896,2866,2030,4082,2509,1573,814,357,457,3956,2458,1498,2788,1821,967,1168,637,531,461,461,0,366,366,0,95,95,0
123,Broome (Outer West) & Tioga Counties PUMA,456,353,103,271,168,103,185,185,0,78,78,0,78,78,0,0,0,0,378,275,103,193,90,103,185,185,0,0,0,0,0,0,0,0,0,0
124,Putnam County PUMA,1929,805,1124,1637,805,832,292,0,292,696,358,338,586,358,228,110,0,110,976,190,786,794,190,604,182,0,182,257,257,0,257,257,0,0,0,0
125,"NYC-Brooklyn Community District 17--East Flatbush, Farragut & Rugby PUMA",124,124,0,124,124,0,0,0,0,31,31,0,31,31,0,0,0,0,93,93,0,93,93,0,0,0,0,0,0,0,0,0,0,0,0,0
126,"NYC-Queens Community District 11--Bayside, Douglaston & Little Neck PUMA",3538,1628,1910,3041,1594,1447,497,34,463,1256,700,556,1162,700,462,94,0,94,2183,866,1317,1780,832,948,403,34,369,99,62,37,99,62,37,0,0,0
127,Nassau County (Central)--Hempstead Town (Northeast) PUMA,2017,942,1075,1747,884,863,270,58,212,756,417,339,756,417,339,0,0,0,681,467,214,681,467,214,0,0,0,580,58,522,310,0,310,270,58,212
128,Suffolk County (Central)--Brookhaven Town (Central) PUMA,2126,1085,1041,1666,1085,581,460,0,460,733,284,449,733,284,449,0,0,0,1011,419,592,551,419,132,460,0,460,382,382,0,382,382,0,0,0,0
129,NYC-Manhattan Community District 10--Central Harlem PUMA,1735,689,1046,1147,449,698,588,240,348,1442,533,909,1147,449,698,295,84,211,137,0,137,0,0,0,137,0,137,156,156,0,0,0,0,156,156,0
130,"NYC-Bronx Community District 5--Morris Heights, Fordham South & Mount Hope PUMA",0,0,0,0,0,0,0,0,0,0,0,0,0,0,0,0,0,0,0,0,0,0,0,0,0,0,0,0,0,0,0,0,0,0,0,0
131,NYC-Manhattan Community District 11--East Harlem PUMA,1646,754,892,1096,567,529,550,187,363,1205,702,503,964,567,397,241,135,106,389,0,389,132,0,132,257,0,257,52,52,0,0,0,0,52,52,0
132,Westchester County (Northwest) PUMA,2762,1509,1253,2208,1234,974,554,275,279,1868,1036,832,1456,834,622,412,202,210,894,473,421,752,400,352,142,73,69,0,0,0,0,0,0,0,0,0
133,Onondaga County (North) PUMA,1313,646,667,858,646,212,455,0,455,713,501,212,713,501,212,0,0,0,536,81,455,81,81,0,455,0,455,64,64,0,64,64,0,0,0,0
134,NYC-Brooklyn Community District 8--Crown Heights North & Prospect Heights PUMA,1296,699,597,1037,608,429,259,91,168,741,234,507,663,234,429,78,0,78,392,302,90,211,211,0,181,91,90,163,163,0,163,163,0,0,0,0
135,NYC-Brooklyn Community District 3--Bedford-Stuyvesant PUMA,2007,1799,208,1559,1396,163,448,403,45,766,558,208,721,558,163,45,0,45,1152,1152,0,749,749,0,403,403,0,89,89,0,89,89,0,0,0,0
136,Genesee & Orleans Counties PUMA,27,0,27,27,0,27,0,0,0,27,0,27,27,0,27,0,0,0,0,0,0,0,0,0,0,0,0,0,0,0,0,0,0,0,0,0
137,Westchester County (Central)--White Plains City PUMA,2818,1392,1426,2288,1081,1207,530,311,219,2286,1208,1078,1835,897,938,451,311,140,532,184,348,453,184,269,79,0,79,0,0,0,0,0,0,0,0,0
138,Saratoga County (South & Central) PUMA,1441,227,1214,1024,227,797,417,0,417,788,116,672,788,116,672,0,0,0,653,111,542,236,111,125,417,0,417,0,0,0,0,0,0,0,0,0
139,Monroe County (South) PUMA,1458,1093,365,1398,1093,305,60,0,60,755,520,235,695,520,175,60,0,60,703,573,130,703,573,130,0,0,0,0,0,0,0,0,0,0,0,0
140,Suffolk County (Central)--Islip Town (Northwest) PUMA,411,189,222,411,189,222,0,0,0,279,189,90,279,189,90,0,0,0,132,0,132,132,0,132,0,0,0,0,0,0,0,0,0,0,0,0
141,St. Lawrence County PUMA,1107,299,808,1016,208,808,91,91,0,934,160,774,934,160,774,0,0,0,125,91,34,34,0,34,91,91,0,48,48,0,48,48,0,0,0,0
142,Nassau County (West Central)--Hempstead Town (West Central) PUMA,996,453,543,884,453,431,112,0,112,665,297,368,665,297,368,0,0,0,268,156,112,156,156,0,112,0,112,63,0,63,63,0,63,0,0,0
143,Nassau County (Central)--Hempstead Town (North Central)--Meadowbrook Corridor PUMA,180,101,79,101,101,0,79,0,79,180,101,79,101,101,0,79,0,79,0,0,0,0,0,0,0,0,0,0,0,0,0,0,0,0,0,0
144,"NYC-Bronx Community District 9--Castle Hill, Clason Point & Parkchester PUMA",470,396,74,449,396,53,21,0,21,21,0,21,0,0,0,21,0,21,243,190,53,243,190,53,0,0,0,206,206,0,206,206,0,0,0,0
145,Nassau County (Southeast)--Oyster Bay Town (South) PUMA,221,153,68,221,153,68,0,0,0,87,87,0,87,87,0,0,0,0,134,66,68,134,66,68,0,0,0,0,0,0,0,0,0,0,0,0
146,Capital Region,6454,3386,3068,5424,3145,2279,1030,241,789,3434,1637,1797,3040,1423,1617,394,214,180,2830,1559,1271,2194,1532,662,636,27,609,190,190,0,190,190,0,0,0,0
147,Central NY,4363,2342,2021,3363,2191,1172,1000,151,849,2727,1503,1224,2295,1415,880,432,88,344,1429,704,725,861,641,220,568,63,505,207,135,72,207,135,72,0,0,0
148,Finger Lakes,5964,3605,2359,4517,2606,1911,1447,999,448,1938,1302,636,1621,1045,576,317,257,60,3345,1947,1398,2542,1295,1247,803,652,151,681,356,325,354,266,88,327,90,237
149,Long Island,35318,17422,17896,27689,16295,11394,7629,1127,6502,16960,8034,8926,14732,7489,7243,2228,545,1683,14882,7358,7524,9910,6928,2982,4972,430,4542,3476,2030,1446,3047,1878,1169,429,152,277
150,Mid-Hudson,30443,17081,13362,24933,15627,9306,5510,1454,4056,15594,8548,7046,13501,7783,5718,2093,765,1328,12768,7256,5512,9706,6641,3065,3062,615,2447,2081,1277,804,1726,1203,523,355,74,281
151,Mohawk Valley,3446,1553,1893,2806,1272,1534,640,281,359,1127,509,618,1022,487,535,105,22,83,1836,789,1047,1342,571,771,494,218,276,483,255,228,442,214,228,41,41,0
152,New York City,222700,123984,98716,189267,112658,76609,33433,11326,22107,127986,64431,63555,112897,59634,53263,15089,4797,10292,82714,50463,32251,66634,44853,21781,16080,5610,10470,12000,9090,2910,9736,8171,1565,2264,919,1345
153,North Country,1747,406,1341,1451,315,1136,296,91,205,1110,198,912,997,198,799,113,0,113,450,115,335,314,24,290,136,91,45,187,93,94,140,93,47,47,0,47
154,Southern Tier,2892,1829,1063,2463,1615,848,429,214,215,1830,1002,828,1615,1002,613,215,0,215,961,726,235,747,512,235,214,214,0,101,101,0,101,101,0,0,0,0
155,Western NY,6211,3149,3062,5452,2880,2572,759,269,490,2931,1035,1896,2654,890,1764,277,145,132,2905,2006,899,2555,1882,673,350,124,226,375,108,267,243,108,135,132,0,132
