,puma,Total_geo,Total_geo_m,Total_geo_f,Total_NP_mf_t,Total_NP_m,Total_NP_f,Total_P_mf_t,Total_P_m,Total_P_f,Total_BABS,Total_BABS_m,Total_BABS_f,BABS_NP_mf_t,BABS_NP_m,BABS_NP_f,BABS_P_mf_t,BABS_P_m,BABS_P_f,Total_HS,Total_HS_m,Total_HS_f,HS_NP_mf_t,HS_NP_m,HS_NP_f,HS_P_mf_t,HS_P_m,HS_P_f,Total_HSINC,Total_HSINC_m,Total_HSINC_f,HSINC_NP_mf_t,HSINC_NP_m,HSINC_NP_f,HSINC_P_mf_t,HSINC_P_m,HSINC_P_f
0,Total Geo,392487,192574,199913,327582,161401,166181,64905,31173,33732,202622,95213,107409,180149,85704,94445,22473,9509,12964,160356,81640,78716,125765,64424,61341,34591,17216,17375,29509,15721,13788,21668,11273,10395,7841,4448,3393
1,"NYC-Manhattan Community District 6--Murray Hill, Gramercy & Stuyvesant Town PUMA",2377,569,1808,2120,569,1551,257,0,257,1826,494,1332,1569,494,1075,257,0,257,283,75,208,283,75,208,0,0,0,268,0,268,268,0,268,0,0,0
2,Tompkins County PUMA,1047,520,527,934,520,414,113,0,113,1047,520,527,934,520,414,113,0,113,0,0,0,0,0,0,0,0,0,0,0,0,0,0,0,0,0,0
3,Westchester County (South Central)--New Rochelle & Mount Vernon Cities PUMA,4857,2224,2633,3807,2018,1789,1050,206,844,1335,623,712,1335,623,712,0,0,0,2738,1601,1137,1761,1395,366,977,206,771,784,0,784,711,0,711,73,0,73
4,"NYC-Queens Community District 7--Flushing, Murray Hill & Whitestone PUMA",4586,2340,2246,4140,2139,2001,446,201,245,1223,725,498,1044,725,319,179,0,179,2299,972,1327,2111,850,1261,188,122,66,1064,643,421,985,564,421,79,79,0
5,Madison & Cortland Counties PUMA,534,324,210,531,321,210,3,3,0,315,191,124,315,191,124,0,0,0,219,133,86,216,130,86,3,3,0,0,0,0,0,0,0,0,0,0
6,NYC-Brooklyn Community District 5--East New York & Starrett City PUMA,483,194,289,346,194,152,137,0,137,246,0,246,109,0,109,137,0,137,237,194,43,237,194,43,0,0,0,0,0,0,0,0,0,0,0,0
7,Dutchess County (Southwest) PUMA,638,443,195,562,443,119,76,0,76,253,133,120,177,133,44,76,0,76,310,310,0,310,310,0,0,0,0,75,0,75,75,0,75,0,0,0
8,"NYC-Bronx Community District 3 & 6--Belmont, Crotona Park East & East Tremont PUMA",1003,784,219,1003,784,219,0,0,0,117,0,117,117,0,117,0,0,0,736,634,102,736,634,102,0,0,0,150,150,0,150,150,0,0,0,0
9,Dutchess County (North & East) PUMA,1052,474,578,1052,474,578,0,0,0,213,112,101,213,112,101,0,0,0,839,362,477,839,362,477,0,0,0,0,0,0,0,0,0,0,0,0
10,Erie County (Central) PUMA,2072,631,1441,1288,274,1014,784,357,427,491,0,491,491,0,491,0,0,0,1389,569,820,605,212,393,784,357,427,192,62,130,192,62,130,0,0,0
11,Suffolk County (West Central)--Babylon Town (Northwest) PUMA,2033,973,1060,2033,973,1060,0,0,0,764,411,353,764,411,353,0,0,0,1035,440,595,1035,440,595,0,0,0,234,122,112,234,122,112,0,0,0
12,"Otsego, Schoharie, Oneida (South) & Herkimer (South) Counties PUMA",486,192,294,436,164,272,50,28,22,199,69,130,177,69,108,22,0,22,71,28,43,43,0,43,28,28,0,216,95,121,216,95,121,0,0,0
13,NYC-Brooklyn Community District 7--Sunset Park & Windsor Terrace PUMA,4551,2469,2082,3988,2157,1831,563,312,251,2613,1637,976,2613,1637,976,0,0,0,1437,685,752,1206,463,743,231,222,9,501,147,354,169,57,112,332,90,242
14,Westchester County (Northeast) PUMA,2277,1217,1060,1788,1075,713,489,142,347,1285,762,523,1285,762,523,0,0,0,916,379,537,427,237,190,489,142,347,76,76,0,76,76,0,0,0,0
15,Nassau County (East Central)--Oyster Bay Town (Central) PUMA,1221,473,748,1221,473,748,0,0,0,877,254,623,877,254,623,0,0,0,279,219,60,279,219,60,0,0,0,65,0,65,65,0,65,0,0,0
16,Niagara County (Southwest)--Greater Niagara Falls & North Tonawanda Area PUMA,118,0,118,118,0,118,0,0,0,118,0,118,118,0,118,0,0,0,0,0,0,0,0,0,0,0,0,0,0,0,0,0,0,0,0,0
17,Nassau County (Central)--Hempstead Town (East Central) PUMA,1563,848,715,1428,786,642,135,62,73,440,296,144,367,296,71,73,0,73,991,490,501,991,490,501,0,0,0,132,62,70,70,0,70,62,62,0
18,Niagara County (North & East) PUMA,0,0,0,0,0,0,0,0,0,0,0,0,0,0,0,0,0,0,0,0,0,0,0,0,0,0,0,0,0,0,0,0,0,0,0,0
19,"NYC-Queens Community District 13--Queens Village, Cambria Heights & Rosedale PUMA",1275,984,291,1275,984,291,0,0,0,426,353,73,426,353,73,0,0,0,572,455,117,572,455,117,0,0,0,277,176,101,277,176,101,0,0,0
20,"Chenango, Delaware & Broome (East) Counties PUMA",178,80,98,124,26,98,54,54,0,58,26,32,58,26,32,0,0,0,120,54,66,66,0,66,54,54,0,0,0,0,0,0,0,0,0,0
21,Oswego County PUMA,551,63,488,551,63,488,0,0,0,467,0,467,467,0,467,0,0,0,84,63,21,84,63,21,0,0,0,0,0,0,0,0,0,0,0,0
22,"NYC-Brooklyn Community District 9--Crown Heights South, Prospect Lefferts & Wingate PUMA",1352,516,836,557,208,349,795,308,487,486,205,281,409,128,281,77,77,0,866,311,555,148,80,68,718,231,487,0,0,0,0,0,0,0,0,0
23,NYC-Queens Community District 10--Howard Beach & Ozone Park PUMA,3261,1971,1290,2866,1791,1075,395,180,215,2055,1232,823,1897,1232,665,158,0,158,1008,577,431,771,397,374,237,180,57,198,162,36,198,162,36,0,0,0
24,Ontario & Yates Counties PUMA,265,177,88,265,177,88,0,0,0,177,177,0,177,177,0,0,0,0,0,0,0,0,0,0,0,0,0,88,0,88,88,0,88,0,0,0
25,"NYC-Bronx Community District 8--Riverdale, Fieldston & Kingsbridge PUMA",1503,1028,475,1371,899,472,132,129,3,1088,741,347,959,612,347,129,129,0,415,287,128,412,287,125,3,0,3,0,0,0,0,0,0,0,0,0
26,Erie County (Northwest) PUMA,706,492,214,706,492,214,0,0,0,187,187,0,187,187,0,0,0,0,382,305,77,382,305,77,0,0,0,137,0,137,137,0,137,0,0,0
27,NYC-Brooklyn Community District 14--Flatbush & Midwood PUMA,9852,4125,5727,6744,2571,4173,3108,1554,1554,4924,1570,3354,3943,1171,2772,981,399,582,4275,2228,2047,2354,1165,1189,1921,1063,858,653,327,326,447,235,212,206,92,114
28,"Rockland County (West)--Spring Valley, Suffern Villages & Monsey PUMA",2181,1293,888,1225,779,446,956,514,442,510,278,232,333,174,159,177,104,73,1253,783,470,547,446,101,706,337,369,418,232,186,345,159,186,73,73,0
29,"NYC-Manhattan Community District 1 & 2--Battery Park City, Greenwich Village & Soho PUMA",7558,4297,3261,7459,4198,3261,99,99,0,7019,4297,2722,6920,4198,2722,99,99,0,539,0,539,539,0,539,0,0,0,0,0,0,0,0,0,0,0,0
30,"NYC-Bronx Community District 4--Concourse, Highbridge & Mount Eden PUMA",311,194,117,117,0,117,194,194,0,0,0,0,0,0,0,0,0,0,252,194,58,58,0,58,194,194,0,59,0,59,59,0,59,0,0,0
31,NYC-Queens Community District 1--Astoria & Long Island City PUMA,14087,7033,7054,11346,5618,5728,2741,1415,1326,6293,2632,3661,5408,2323,3085,885,309,576,6465,3698,2767,5316,3007,2309,1149,691,458,1329,703,626,622,288,334,707,415,292
32,Erie County (West Central)--Buffalo City (West) PUMA,921,296,625,711,221,490,210,75,135,529,75,454,330,0,330,199,75,124,392,221,171,381,221,160,11,0,11,0,0,0,0,0,0,0,0,0
33,Schenectady County--Schenectady City PUMA,1379,832,547,1287,832,455,92,0,92,792,409,383,700,409,291,92,0,92,587,423,164,587,423,164,0,0,0,0,0,0,0,0,0,0,0,0
34,NYC-Brooklyn Community District 2--Brooklyn Heights & Fort Greene PUMA,2313,1544,769,1899,1350,549,414,194,220,2006,1344,662,1699,1150,549,307,194,113,307,200,107,200,200,0,107,0,107,0,0,0,0,0,0,0,0,0
35,"Steuben (North & West), Schuyler & Chemung (North) Counties PUMA",168,65,103,31,0,31,137,65,72,0,0,0,0,0,0,0,0,0,168,65,103,31,0,31,137,65,72,0,0,0,0,0,0,0,0,0
36,NYC-Brooklyn Community District 1--Greenpoint & Williamsburg PUMA,7985,4277,3708,5776,2837,2939,2209,1440,769,3904,1846,2058,2934,1307,1627,970,539,431,3131,1818,1313,2019,959,1060,1112,859,253,950,613,337,823,571,252,127,42,85
37,Suffolk County (Northwest)--Huntington Town (North) PUMA,938,493,445,773,328,445,165,165,0,728,350,378,644,266,378,84,84,0,210,143,67,129,62,67,81,81,0,0,0,0,0,0,0,0,0,0
38,Erie County (Northeast) PUMA,438,214,224,396,214,182,42,0,42,163,63,100,121,63,58,42,0,42,275,151,124,275,151,124,0,0,0,0,0,0,0,0,0,0,0,0
39,Monroe County (North & West) PUMA,485,188,297,485,188,297,0,0,0,102,0,102,102,0,102,0,0,0,383,188,195,383,188,195,0,0,0,0,0,0,0,0,0,0,0,0
40,Oneida County (Central)--Greater Utica & Rome Cities PUMA,2936,1264,1672,2315,1074,1241,621,190,431,813,279,534,738,279,459,75,0,75,1843,825,1018,1338,676,662,505,149,356,280,160,120,239,119,120,41,41,0
41,"NYC-Brooklyn Community District 12--Borough Park, Kensington & Ocean Parkway PUMA",7113,3344,3769,4094,1975,2119,3019,1369,1650,2581,1239,1342,1856,1180,676,725,59,666,3885,1633,2252,1816,417,1399,2069,1216,853,647,472,175,422,378,44,225,94,131
42,Erie County (West Central)--Buffalo City (East) PUMA,468,468,0,308,308,0,160,160,0,53,53,0,53,53,0,0,0,0,369,369,0,209,209,0,160,160,0,46,46,0,46,46,0,0,0,0
43,Suffolk County (Northwest)--Smithtown Town PUMA,609,359,250,545,295,250,64,64,0,185,50,135,185,50,135,0,0,0,424,309,115,360,245,115,64,64,0,0,0,0,0,0,0,0,0,0
44,Nassau County (Northeast)--Oyster Bay Town (North) & Glen Cove City PUMA,3446,1484,1962,3446,1484,1962,0,0,0,2134,737,1397,2134,737,1397,0,0,0,691,372,319,691,372,319,0,0,0,621,375,246,621,375,246,0,0,0
45,NYC-Manhattan Community District 8--Upper East Side PUMA,12777,5027,7750,10605,4686,5919,2172,341,1831,11789,4936,6853,9752,4595,5157,2037,341,1696,988,91,897,853,91,762,135,0,135,0,0,0,0,0,0,0,0,0
46,Suffolk County (Southwest)--Islip Town (South) PUMA,585,346,239,585,346,239,0,0,0,276,276,0,276,276,0,0,0,0,0,0,0,0,0,0,0,0,0,309,70,239,309,70,239,0,0,0
47,"NYC-Brooklyn Community District 6--Park Slope, Carroll Gardens & Red Hook PUMA",5040,2623,2417,4997,2623,2374,43,0,43,3698,2097,1601,3655,2097,1558,43,0,43,1211,482,729,1211,482,729,0,0,0,131,44,87,131,44,87,0,0,0
48,Erie County (South) PUMA,917,483,434,917,483,434,0,0,0,577,367,210,577,367,210,0,0,0,340,116,224,340,116,224,0,0,0,0,0,0,0,0,0,0,0,0
49,Albany County (Outside Albany City) PUMA,2252,996,1256,1911,870,1041,341,126,215,1120,535,585,1120,535,585,0,0,0,867,335,532,791,335,456,76,0,76,265,126,139,0,0,0,265,126,139
50,NYC-Staten Island Community District 2--New Springville & South Beach PUMA,9909,4906,5003,8741,4609,4132,1168,297,871,4054,2028,2026,3691,2028,1663,363,0,363,4985,2448,2537,4180,2151,2029,805,297,508,870,430,440,870,430,440,0,0,0
51,Erie County (North Central) PUMA,1603,480,1123,1001,272,729,602,208,394,1137,408,729,929,200,729,208,208,0,466,72,394,72,72,0,394,0,394,0,0,0,0,0,0,0,0,0
52,"NYC-Staten Island Community District 3--Tottenville, Great Kills & Annadale PUMA",11486,6365,5121,10305,6019,4286,1181,346,835,6040,2881,3159,5162,2592,2570,878,289,589,5113,3241,1872,4867,3241,1626,246,0,246,333,243,90,276,186,90,57,57,0
53,"NYC-Manhattan Community District 12--Washington Heights, Inwood & Marble Hill PUMA",2802,1193,1609,2105,886,1219,697,307,390,2226,766,1460,1529,459,1070,697,307,390,576,427,149,576,427,149,0,0,0,0,0,0,0,0,0,0,0,0
54,NYC-Manhattan Community District 7--Upper West Side & West Side PUMA,6913,3263,3650,6913,3263,3650,0,0,0,5069,2517,2552,5069,2517,2552,0,0,0,1729,631,1098,1729,631,1098,0,0,0,115,115,0,115,115,0,0,0,0
55,"NYC-Queens Community District 5--Ridgewood, Glendale & Middle Village PUMA",17660,9099,8561,15583,8569,7014,2077,530,1547,5978,2277,3701,5482,2023,3459,496,254,242,10488,6095,4393,8907,5819,3088,1581,276,1305,1194,727,467,1194,727,467,0,0,0
56,"NYC-Brooklyn Community District 15--Sheepshead Bay, Gerritsen Beach & Homecrest PUMA",21402,9637,11765,17809,7828,9981,3593,1809,1784,12702,5437,7265,11246,4599,6647,1456,838,618,7750,3598,4152,5931,2888,3043,1819,710,1109,950,602,348,632,341,291,318,261,57
57,"NYC-Queens Community District 12--Jamaica, Hollis & St. Albans PUMA",540,184,356,392,184,208,148,0,148,63,0,63,63,0,63,0,0,0,477,184,293,329,184,145,148,0,148,0,0,0,0,0,0,0,0,0
58,Suffolk County (North Central)--Brookhaven Town (North) PUMA,1656,831,825,1656,831,825,0,0,0,1413,831,582,1413,831,582,0,0,0,243,0,243,243,0,243,0,0,0,0,0,0,0,0,0,0,0,0
59,Albany County (East Central)--Albany City PUMA,1063,473,590,704,244,460,359,229,130,494,163,331,364,163,201,130,0,130,309,50,259,259,0,259,50,50,0,260,260,0,81,81,0,179,179,0
60,NYC-Manhattan Community District 3--Chinatown & Lower East Side PUMA,2301,1131,1170,2301,1131,1170,0,0,0,1978,996,982,1978,996,982,0,0,0,323,135,188,323,135,188,0,0,0,0,0,0,0,0,0,0,0,0
61,Rensselaer County--Troy City PUMA,984,682,302,594,543,51,390,139,251,463,233,230,145,94,51,318,139,179,521,449,72,449,449,0,72,0,72,0,0,0,0,0,0,0,0,0
62,Warren & Washington Counties PUMA,745,321,424,623,294,329,122,27,95,290,117,173,290,117,173,0,0,0,391,140,251,269,113,156,122,27,95,64,64,0,64,64,0,0,0,0
63,Orange County (Northeast)--Greater Newburgh City PUMA,603,360,243,603,360,243,0,0,0,315,145,170,315,145,170,0,0,0,73,0,73,73,0,73,0,0,0,215,215,0,215,215,0,0,0,0
64,"Rockland County (South)--Orangetown, Clarkstown (South) & Ramapo (Southeast) Towns PUMA",706,79,627,533,79,454,173,0,173,267,0,267,267,0,267,0,0,0,360,0,360,187,0,187,173,0,173,79,79,0,79,79,0,0,0,0
65,Fulton & Montgomery Counties PUMA,174,0,174,174,0,174,0,0,0,0,0,0,0,0,0,0,0,0,174,0,174,174,0,174,0,0,0,0,0,0,0,0,0,0,0,0
66,NYC-Brooklyn Community District 11--Bensonhurst & Bath Beach PUMA,15372,7383,7989,12157,5235,6922,3215,2148,1067,8462,4208,4254,7126,3171,3955,1336,1037,299,5612,2411,3201,4032,1409,2623,1580,1002,578,1298,764,534,999,655,344,299,109,190
67,Monroe County (Central)--Rochester City (East) PUMA,105,105,0,0,0,0,105,105,0,0,0,0,0,0,0,0,0,0,105,105,0,0,0,0,105,105,0,0,0,0,0,0,0,0,0,0
68,Chautauqua County PUMA,271,203,68,271,203,68,0,0,0,68,0,68,68,0,68,0,0,0,203,203,0,203,203,0,0,0,0,0,0,0,0,0,0,0,0,0
69,Nassau County (Northwest)--North Hempstead Town (North) PUMA,5161,2018,3143,4283,1656,2627,878,362,516,2589,837,1752,2260,620,1640,329,217,112,2280,1143,1137,1965,998,967,315,145,170,292,38,254,58,38,20,234,0,234
70,"Clinton, Franklin, Essex & Hamilton Counties PUMA",383,107,276,319,107,212,64,0,64,68,38,30,63,38,25,5,0,5,176,24,152,117,24,93,59,0,59,139,45,94,139,45,94,0,0,0
71,NYC-Queens Community District 6--Forest Hills & Rego Park PUMA,8356,4277,4079,7042,3547,3495,1314,730,584,4715,2567,2148,4129,2310,1819,586,257,329,3224,1400,1824,2496,927,1569,728,473,255,417,310,107,417,310,107,0,0,0
72,Monroe County (Central)--Rochester City (West) PUMA,0,0,0,0,0,0,0,0,0,0,0,0,0,0,0,0,0,0,0,0,0,0,0,0,0,0,0,0,0,0,0,0,0,0,0,0
73,Orange County (Southeast) PUMA,1723,748,975,1496,581,915,227,167,60,714,351,363,714,351,363,0,0,0,662,284,378,569,191,378,93,93,0,347,113,234,213,39,174,134,74,60
74,Rockland County (North)--New City & Congers PUMA,1121,655,466,663,375,288,458,280,178,792,385,407,408,179,229,384,206,178,329,270,59,255,196,59,74,74,0,0,0,0,0,0,0,0,0,0
75,Westchester County (Southeast) PUMA,4377,2576,1801,4305,2504,1801,72,72,0,3238,2147,1091,3166,2075,1091,72,72,0,788,354,434,788,354,434,0,0,0,351,75,276,351,75,276,0,0,0
76,"NYC-Manhattan Community District 9--Hamilton Heights, Manhattanville & West Harlem PUMA",2597,1043,1554,2039,681,1358,558,362,196,1485,461,1024,1296,305,991,189,156,33,1112,582,530,743,376,367,369,206,163,0,0,0,0,0,0,0,0,0
77,Nassau County (Southwest)--Hempstead Town (Southwest) & Long Beach City PUMA,1109,336,773,1109,336,773,0,0,0,596,178,418,596,178,418,0,0,0,498,143,355,498,143,355,0,0,0,15,15,0,15,15,0,0,0,0
78,NYC-Queens Community District 2--Sunnyside & Woodside PUMA,6152,3645,2507,5571,3064,2507,581,581,0,3768,2148,1620,3518,1898,1620,250,250,0,2075,1444,631,1797,1166,631,278,278,0,309,53,256,256,0,256,53,53,0
79,"NYC-Bronx Community District 11--Pelham Parkway, Morris Park & Laconia PUMA",5170,2237,2933,4892,2153,2739,278,84,194,1946,684,1262,1856,684,1172,90,0,90,2831,1427,1404,2727,1427,1300,104,0,104,393,126,267,309,42,267,84,84,0
80,Onondaga County (Central)--Syracuse City (Outer) PUMA,1226,864,362,1153,791,362,73,73,0,609,359,250,536,286,250,73,73,0,474,434,40,474,434,40,0,0,0,143,71,72,143,71,72,0,0,0
81,Wayne & Seneca Counties PUMA,0,0,0,0,0,0,0,0,0,0,0,0,0,0,0,0,0,0,0,0,0,0,0,0,0,0,0,0,0,0,0,0,0,0,0,0
82,"NYC-Bronx Community District 7--Bedford Park, Fordham North & Norwood PUMA",1036,716,320,283,283,0,753,433,320,283,283,0,283,283,0,0,0,0,588,268,320,0,0,0,588,268,320,165,165,0,0,0,0,165,165,0
83,Nassau County (West Central)--Hempstead Town (Northwest) PUMA,2310,1109,1201,2226,1109,1117,84,0,84,715,474,241,715,474,241,0,0,0,1454,635,819,1454,635,819,0,0,0,141,0,141,57,0,57,84,0,84
84,NYC-Brooklyn Community District 18--Canarsie & Flatlands PUMA,4801,2524,2277,4459,2393,2066,342,131,211,1955,950,1005,1955,950,1005,0,0,0,2531,1560,971,2203,1443,760,328,117,211,315,14,301,301,0,301,14,14,0
85,"NYC-Bronx Community District 12--Wakefield, Williamsbridge & Woodlawn PUMA",472,357,115,317,317,0,155,40,115,195,84,111,84,84,0,111,0,111,277,273,4,233,233,0,44,40,4,0,0,0,0,0,0,0,0,0
86,Suffolk County (South Central)--Brookhaven Town (South) PUMA,1515,1055,460,1424,1055,369,91,0,91,255,180,75,255,180,75,0,0,0,1144,759,385,1053,759,294,91,0,91,116,116,0,116,116,0,0,0,0
87,NYC-Queens Community District 4--Elmhurst & South Corona PUMA,1911,1051,860,1444,584,860,467,467,0,880,267,613,613,0,613,267,267,0,1031,784,247,831,584,247,200,200,0,0,0,0,0,0,0,0,0,0
88,Livingston & Wyoming Counties PUMA,450,316,134,450,316,134,0,0,0,20,20,0,20,20,0,0,0,0,430,296,134,430,296,134,0,0,0,0,0,0,0,0,0,0,0,0
89,"NYC-Bronx Community District 10--Co-op City, Pelham Bay & Schuylerville PUMA",3222,1636,1586,2805,1424,1381,417,212,205,685,159,526,685,159,526,0,0,0,2137,1188,949,1932,1188,744,205,0,205,400,289,111,188,77,111,212,212,0
90,Cattaraugus & Allegany Counties PUMA,61,35,26,61,35,26,0,0,0,61,35,26,61,35,26,0,0,0,0,0,0,0,0,0,0,0,0,0,0,0,0,0,0,0,0,0
91,Herkimer (North & Central) & Oneida (Outer) Counties PUMA,416,256,160,339,179,160,77,77,0,161,161,0,161,161,0,0,0,0,255,95,160,178,18,160,77,77,0,0,0,0,0,0,0,0,0,0
92,Orange County (Northwest) PUMA,1305,627,678,1305,627,678,0,0,0,417,169,248,417,169,248,0,0,0,676,314,362,676,314,362,0,0,0,212,144,68,212,144,68,0,0,0
93,Columbia & Greene Counties PUMA,204,133,71,64,64,0,140,69,71,64,64,0,64,64,0,0,0,0,140,69,71,0,0,0,140,69,71,0,0,0,0,0,0,0,0,0
94,Suffolk County (East) PUMA,2819,1183,1636,2819,1183,1636,0,0,0,749,377,372,749,377,372,0,0,0,1992,806,1186,1992,806,1186,0,0,0,78,0,78,78,0,78,0,0,0
95,Monroe County (East) PUMA,2004,743,1261,1886,743,1143,118,0,118,807,328,479,689,328,361,118,0,118,976,302,674,976,302,674,0,0,0,221,113,108,221,113,108,0,0,0
96,Sullivan & Ulster (West) Counties PUMA,1874,922,952,1080,497,583,794,425,369,749,273,476,579,183,396,170,90,80,957,551,406,431,314,117,526,237,289,168,98,70,70,0,70,98,98,0
97,Cayuga & Onondaga (South) Counties PUMA,0,0,0,0,0,0,0,0,0,0,0,0,0,0,0,0,0,0,0,0,0,0,0,0,0,0,0,0,0,0,0,0,0,0,0,0
98,"NYC-Bronx Community District 1 & 2--Hunts Point, Longwood & Melrose PUMA",74,0,74,0,0,0,74,0,74,0,0,0,0,0,0,0,0,0,74,0,74,0,0,0,74,0,74,0,0,0,0,0,0,0,0,0
99,Suffolk County (Southwest)--Babylon Town (Southeast) PUMA,2661,1210,1451,1964,959,1005,697,251,446,830,358,472,679,280,399,151,78,73,1306,493,813,760,320,440,546,173,373,525,359,166,525,359,166,0,0,0
100,Onondaga County (Central)--Syracuse City PUMA,1253,578,675,870,452,418,383,126,257,677,452,225,677,452,225,0,0,0,405,126,279,144,0,144,261,126,135,171,0,171,49,0,49,122,0,122
101,Ulster County (East) PUMA,406,406,0,150,150,0,256,256,0,41,41,0,41,41,0,0,0,0,365,365,0,109,109,0,256,256,0,0,0,0,0,0,0,0,0,0
102,NYC-Queens Community District 9--Richmond Hill & Woodhaven PUMA,3290,1772,1518,1785,890,895,1505,882,623,1171,615,556,988,432,556,183,183,0,2015,1110,905,750,411,339,1265,699,566,104,47,57,47,47,0,57,0,57
103,NYC-Brooklyn Community District 13--Brighton Beach & Coney Island PUMA,12205,5996,6209,9745,4605,5140,2460,1391,1069,6157,2766,3391,5549,2286,3263,608,480,128,4724,2321,2403,3621,1825,1796,1103,496,607,1324,909,415,575,494,81,749,415,334
104,Broome County (West Central)--Greater Binghamton City & Greater Johnson City Village PUMA,1738,921,817,917,587,330,821,334,487,948,399,549,729,399,330,219,0,219,473,421,52,87,87,0,386,334,52,317,101,216,101,101,0,216,0,216
105,Nassau County (South Central)--Hempstead Town (Southeast) PUMA,2309,1022,1287,2229,1022,1207,80,0,80,1171,515,656,1171,515,656,0,0,0,1138,507,631,1058,507,551,80,0,80,0,0,0,0,0,0,0,0,0
106,Saratoga County (Outer) PUMA,383,256,127,383,256,127,0,0,0,127,0,127,127,0,127,0,0,0,256,256,0,256,256,0,0,0,0,0,0,0,0,0,0,0,0,0
107,"NYC-Manhattan Community District 4 & 5--Chelsea, Clinton & Midtown Business District PUMA",7231,4550,2681,5913,3963,1950,1318,587,731,6077,3571,2506,4844,3048,1796,1233,523,710,1060,979,81,975,915,60,85,64,21,94,0,94,94,0,94,0,0,0
108,NYC-Brooklyn Community District 4--Bushwick PUMA,624,278,346,624,278,346,0,0,0,257,71,186,257,71,186,0,0,0,367,207,160,367,207,160,0,0,0,0,0,0,0,0,0,0,0,0
109,Suffolk County (Central)--Islip Town (East) PUMA,778,70,708,778,70,708,0,0,0,387,70,317,387,70,317,0,0,0,391,0,391,391,0,391,0,0,0,0,0,0,0,0,0,0,0,0
110,Westchester County (Southwest)--Yonkers City PUMA,5829,2522,3307,4492,1980,2512,1337,542,795,2615,992,1623,2105,843,1262,510,149,361,2419,1259,1160,1905,1098,807,514,161,353,795,271,524,482,39,443,313,232,81
111,Nassau County (West Central)--North Hempstead Town (South) PUMA,2229,1067,1162,2074,973,1101,155,94,61,1351,417,934,1290,417,873,61,0,61,443,215,228,443,215,228,0,0,0,435,435,0,341,341,0,94,94,0
112,"NYC-Queens Community District 8--Briarwood, Fresh Meadows & Hillcrest PUMA",7229,3171,4058,6151,2708,3443,1078,463,615,2691,1290,1401,2463,1126,1337,228,164,64,4169,1645,2524,3509,1470,2039,660,175,485,369,236,133,179,112,67,190,124,66
113,Jefferson & Lewis Counties PUMA,341,0,341,293,0,293,48,0,48,108,0,108,108,0,108,0,0,0,233,0,233,185,0,185,48,0,48,0,0,0,0,0,0,0,0,0
114,Suffolk County (Central)--Brookhaven Town (West Central) PUMA,1280,610,670,966,362,604,314,248,66,498,75,423,498,75,423,0,0,0,686,439,247,468,287,181,218,152,66,96,96,0,0,0,0,96,96,0
115,Suffolk County (Northwest)--Huntington Town (South) PUMA,1022,648,374,1022,648,374,0,0,0,256,176,80,256,176,80,0,0,0,693,399,294,693,399,294,0,0,0,73,73,0,73,73,0,0,0,0
116,NYC-Brooklyn Community District 16--Brownsville & Ocean Hill PUMA,61,29,32,32,0,32,29,29,0,0,0,0,0,0,0,0,0,0,61,29,32,32,0,32,29,29,0,0,0,0,0,0,0,0,0,0
117,"NYC-Staten Island Community District 1--Port Richmond, Stapleton & Mariner's Harbor PUMA",4852,2764,2088,3954,2449,1505,898,315,583,2582,1373,1209,1877,1095,782,705,278,427,2060,1264,796,1867,1227,640,193,37,156,210,127,83,210,127,83,0,0,0
118,Chemung (South) & Steuben (East) Counties--Greater Elmira & Greater Corning Cities PUMA,291,124,167,173,124,49,118,0,118,59,59,0,59,59,0,0,0,0,232,65,167,114,65,49,118,0,118,0,0,0,0,0,0,0,0,0
119,Monroe County (Central)--Greece & Gates Towns PUMA,2608,1506,1102,2065,1107,958,543,399,144,478,257,221,334,257,77,144,0,144,1641,1006,635,1242,607,635,399,399,0,489,243,246,489,243,246,0,0,0
120,NYC-Queens Community District 3--Jackson Heights & North Corona PUMA,2955,1683,1272,2241,1182,1059,714,501,213,1973,760,1213,1709,650,1059,264,110,154,525,466,59,466,466,0,59,0,59,457,457,0,66,66,0,391,391,0
121,"NYC-Queens Community District 14--Far Rockaway, Breezy Point & Broad Channel PUMA",680,242,438,680,242,438,0,0,0,411,82,329,411,82,329,0,0,0,269,160,109,269,160,109,0,0,0,0,0,0,0,0,0,0,0,0
122,NYC-Brooklyn Community District 10--Bay Ridge & Dyker Heights PUMA,11269,5921,5348,8242,4099,4143,3027,1822,1205,5406,3002,2404,4764,2772,1992,642,230,412,4594,2458,2136,2857,999,1858,1737,1459,278,1269,461,808,621,328,293,648,133,515
123,Broome (Outer West) & Tioga Counties PUMA,456,353,103,251,251,0,205,102,103,78,78,0,78,78,0,0,0,0,378,275,103,173,173,0,205,102,103,0,0,0,0,0,0,0,0,0
124,Putnam County PUMA,3070,1014,2056,2794,1014,1780,276,0,276,762,424,338,762,424,338,0,0,0,1889,333,1556,1613,333,1280,276,0,276,419,257,162,419,257,162,0,0,0
125,"NYC-Brooklyn Community District 17--East Flatbush, Farragut & Rugby PUMA",155,124,31,124,124,0,31,0,31,31,31,0,31,31,0,0,0,0,124,93,31,93,93,0,31,0,31,0,0,0,0,0,0,0,0,0
126,"NYC-Queens Community District 11--Bayside, Douglaston & Little Neck PUMA",3992,1691,2301,3780,1605,2175,212,86,126,1256,700,556,1204,648,556,52,52,0,2479,866,1613,2319,832,1487,160,34,126,257,125,132,257,125,132,0,0,0
127,Nassau County (Central)--Hempstead Town (Northeast) PUMA,2441,942,1499,2441,942,1499,0,0,0,1051,417,634,1051,417,634,0,0,0,810,467,343,810,467,343,0,0,0,580,58,522,580,58,522,0,0,0
128,Suffolk County (Central)--Brookhaven Town (Central) PUMA,3200,1101,2099,2150,666,1484,1050,435,615,1333,284,1049,1176,284,892,157,0,157,1469,419,1050,592,0,592,877,419,458,398,398,0,382,382,0,16,16,0
129,NYC-Manhattan Community District 10--Central Harlem PUMA,1921,689,1232,1579,533,1046,342,156,186,1628,533,1095,1442,533,909,186,0,186,137,0,137,137,0,137,0,0,0,156,156,0,0,0,0,156,156,0
130,"NYC-Bronx Community District 5--Morris Heights, Fordham South & Mount Hope PUMA",64,0,64,0,0,0,64,0,64,0,0,0,0,0,0,0,0,0,64,0,64,0,0,0,64,0,64,0,0,0,0,0,0,0,0,0
131,NYC-Manhattan Community District 11--East Harlem PUMA,1646,754,892,1353,567,786,293,187,106,1205,702,503,964,567,397,241,135,106,389,0,389,389,0,389,0,0,0,52,52,0,0,0,0,52,52,0
132,Westchester County (Northwest) PUMA,3131,1509,1622,2897,1509,1388,234,0,234,1868,1036,832,1868,1036,832,0,0,0,1029,473,556,1029,473,556,0,0,0,234,0,234,0,0,0,234,0,234
133,Onondaga County (North) PUMA,1313,646,667,1313,646,667,0,0,0,713,501,212,713,501,212,0,0,0,536,81,455,536,81,455,0,0,0,64,64,0,64,64,0,0,0,0
134,NYC-Brooklyn Community District 8--Crown Heights North & Prospect Heights PUMA,1602,757,845,1076,406,670,526,351,175,799,292,507,741,234,507,58,58,0,640,302,338,335,172,163,305,130,175,163,163,0,0,0,0,163,163,0
135,NYC-Brooklyn Community District 3--Bedford-Stuyvesant PUMA,2292,1874,418,1535,1372,163,757,502,255,766,558,208,721,558,163,45,0,45,1370,1227,143,725,725,0,645,502,143,156,89,67,89,89,0,67,0,67
136,Genesee & Orleans Counties PUMA,98,71,27,98,71,27,0,0,0,27,0,27,27,0,27,0,0,0,0,0,0,0,0,0,0,0,0,71,71,0,71,71,0,0,0,0
137,Westchester County (Central)--White Plains City PUMA,3141,1392,1749,3029,1392,1637,112,0,112,2506,1208,1298,2436,1208,1228,70,0,70,635,184,451,593,184,409,42,0,42,0,0,0,0,0,0,0,0,0
138,Saratoga County (South & Central) PUMA,1582,227,1355,1504,227,1277,78,0,78,929,116,813,851,116,735,78,0,78,653,111,542,653,111,542,0,0,0,0,0,0,0,0,0,0,0,0
139,Monroe County (South) PUMA,1899,1248,651,1761,1110,651,138,138,0,995,591,404,995,591,404,0,0,0,904,657,247,766,519,247,138,138,0,0,0,0,0,0,0,0,0,0
140,Suffolk County (Central)--Islip Town (Northwest) PUMA,411,189,222,411,189,222,0,0,0,279,189,90,279,189,90,0,0,0,132,0,132,132,0,132,0,0,0,0,0,0,0,0,0,0,0,0
141,St. Lawrence County PUMA,1185,377,808,1032,238,794,153,139,14,934,160,774,934,160,774,0,0,0,203,169,34,98,78,20,105,91,14,48,48,0,0,0,0,48,48,0
142,Nassau County (West Central)--Hempstead Town (West Central) PUMA,1309,453,856,1122,453,669,187,0,187,791,297,494,791,297,494,0,0,0,455,156,299,268,156,112,187,0,187,63,0,63,63,0,63,0,0,0
143,Nassau County (Central)--Hempstead Town (North Central)--Meadowbrook Corridor PUMA,180,101,79,101,101,0,79,0,79,180,101,79,101,101,0,79,0,79,0,0,0,0,0,0,0,0,0,0,0,0,0,0,0,0,0,0
144,"NYC-Bronx Community District 9--Castle Hill, Clason Point & Parkchester PUMA",470,396,74,269,216,53,201,180,21,21,0,21,0,0,0,21,0,21,243,190,53,171,118,53,72,72,0,206,206,0,98,98,0,108,108,0
145,Nassau County (Southeast)--Oyster Bay Town (South) PUMA,513,225,288,438,225,213,75,0,75,162,87,75,87,87,0,75,0,75,202,66,136,202,66,136,0,0,0,149,72,77,149,72,77,0,0,0
146,Capital Region,8592,3920,4672,7070,3330,3740,1522,590,932,4279,1637,2642,3661,1498,2163,618,139,479,3724,1833,1891,3264,1687,1577,460,146,314,589,450,139,145,145,0,444,305,139
147,Central NY,4877,2475,2402,4418,2273,2145,459,202,257,2781,1503,1278,2708,1430,1278,73,73,0,1718,837,881,1454,708,746,264,129,135,378,135,243,256,135,121,122,0,122
148,Finger Lakes,7914,4354,3560,7010,3712,3298,904,642,262,2606,1373,1233,2344,1373,971,262,0,262,4439,2554,1885,3797,1912,1885,642,642,0,869,427,442,869,427,442,0,0,0
149,Long Island,43298,19146,24152,39244,17465,21779,4054,1681,2373,20010,8237,11773,19001,7858,11143,1009,379,630,18966,8620,10346,16507,7586,8921,2459,1034,1425,4322,2289,2033,3736,2021,1715,586,268,318
150,Mid-Hudson,38291,18461,19830,31781,15857,15924,6510,2604,3906,17880,9079,8801,16421,8458,7963,1459,621,838,16238,7822,8416,12112,6316,5796,4126,1506,2620,4173,1560,2613,3248,1083,2165,925,477,448
151,Mohawk Valley,4012,1712,2300,3264,1417,1847,748,295,453,1173,509,664,1076,509,567,97,0,97,2343,948,1395,1733,694,1039,610,254,356,496,255,241,455,214,241,41,41,0
152,New York City,272141,136657,135484,224944,112992,111952,47197,23665,23532,147209,70407,76802,129040,62393,66647,18169,8014,10155,107129,55947,51182,83560,43605,39955,23569,12342,11227,17803,10303,7500,12344,6994,5350,5459,3309,2150
153,North Country,1909,484,1425,1644,345,1299,265,139,126,1110,198,912,1105,198,907,5,0,5,612,193,419,400,102,298,212,91,121,187,93,94,139,45,94,48,48,0
154,Southern Tier,3878,2063,1815,2430,1508,922,1448,555,893,2190,1082,1108,1858,1082,776,332,0,332,1371,880,491,471,325,146,900,555,345,317,101,216,101,101,0,216,0,216
155,Western NY,7575,3302,4273,5777,2502,3275,1798,800,998,3384,1188,2196,2935,905,2030,449,283,166,3816,2006,1810,2467,1489,978,1349,517,832,375,108,267,375,108,267,0,0,0
