,puma,Total_geo,Total_geo_m,Total_geo_f,Total_Emp_mf_t,Total_emp_m,Total_emp_f,Total_UnEmp_mf_t,Total_UnEmp_m,Total_UnEmp_f,Total_BABS,Total_BABS_m,Total_BABS_f,BABS_Emp_mf_t,BABS_emp_m,BABS_emp_f,BABS_UnEmp_mf_t,BABS_UnEmp_m,BABS_UnEmp_f,Total_HS,Total_HS_m,Total_HS_f,HS_Emp_mf_t,HS_emp_m,HS_emp_f,HS_UnEmp_mf_t,HS_UnEmp_m,HS_UnEmp_f,Total_HSINC,Total_HSINC_m,Total_HSINC_f,HSINC_Emp_mf_t,HSINC_emp_m,HSINC_emp_f,HSINC_UnEmp_mf_t,HSINC_UnEmp_m,HSINC_UnEmp_f
0,Total Geo,318557,174618,143939,300137,165121,135016,18420,9497,8923,173151,87512,85639,163917,83055,80862,9234,4457,4777,125089,73228,51861,117232,69035,48197,7857,4193,3664,20317,13878,6439,18988,13031,5957,1329,847,482
1,"NYC-Manhattan Community District 6--Murray Hill, Gramercy & Stuyvesant Town PUMA",1984,521,1463,1315,60,1255,669,461,208,1433,446,987,1047,60,987,386,386,0,283,75,208,0,0,0,283,75,208,268,0,268,268,0,268,0,0,0
2,Tompkins County PUMA,922,520,402,922,520,402,0,0,0,922,520,402,922,520,402,0,0,0,0,0,0,0,0,0,0,0,0,0,0,0,0,0,0,0,0,0
3,Westchester County (South Central)--New Rochelle & Mount Vernon Cities PUMA,3661,2224,1437,3351,2170,1181,310,54,256,1044,623,421,951,569,382,93,54,39,2456,1601,855,2239,1601,638,217,0,217,161,0,161,161,0,161,0,0,0
4,"NYC-Queens Community District 7--Flushing, Murray Hill & Whitestone PUMA",3360,2029,1331,3267,2029,1238,93,0,93,879,679,200,879,679,200,0,0,0,1740,834,906,1647,834,813,93,0,93,741,516,225,741,516,225,0,0,0
5,Madison & Cortland Counties PUMA,315,191,124,315,191,124,0,0,0,315,191,124,315,191,124,0,0,0,0,0,0,0,0,0,0,0,0,0,0,0,0,0,0,0,0,0
6,NYC-Brooklyn Community District 5--East New York & Starrett City PUMA,303,194,109,303,194,109,0,0,0,109,0,109,109,0,109,0,0,0,194,194,0,194,194,0,0,0,0,0,0,0,0,0,0,0,0,0
7,Dutchess County (Southwest) PUMA,504,384,120,428,384,44,76,0,76,194,74,120,118,74,44,76,0,76,310,310,0,310,310,0,0,0,0,0,0,0,0,0,0,0,0,0
8,"NYC-Bronx Community District 3 & 6--Belmont, Crotona Park East & East Tremont PUMA",922,703,219,853,634,219,69,69,0,117,0,117,117,0,117,0,0,0,736,634,102,736,634,102,0,0,0,69,69,0,0,0,0,69,69,0
9,Dutchess County (North & East) PUMA,1052,474,578,1006,474,532,46,0,46,213,112,101,213,112,101,0,0,0,839,362,477,793,362,431,46,0,46,0,0,0,0,0,0,0,0,0
10,Erie County (Central) PUMA,1742,631,1111,1615,569,1046,127,62,65,491,0,491,491,0,491,0,0,0,1059,569,490,1059,569,490,0,0,0,192,62,130,65,0,65,127,62,65
11,Suffolk County (West Central)--Babylon Town (Northwest) PUMA,1818,758,1060,1818,758,1060,0,0,0,764,411,353,764,411,353,0,0,0,820,225,595,820,225,595,0,0,0,234,122,112,234,122,112,0,0,0
12,"Otsego, Schoharie, Oneida (South) & Herkimer (South) Counties PUMA",427,192,235,337,145,192,90,47,43,153,69,84,106,22,84,47,47,0,71,28,43,28,28,0,43,0,43,203,95,108,203,95,108,0,0,0
13,NYC-Brooklyn Community District 7--Sunset Park & Windsor Terrace PUMA,3382,2137,1245,3178,2137,1041,204,0,204,2094,1395,699,1957,1395,562,137,0,137,1231,685,546,1164,685,479,67,0,67,57,57,0,57,57,0,0,0,0
14,Westchester County (Northeast) PUMA,1940,1217,723,1805,1082,723,135,135,0,1285,762,523,1285,762,523,0,0,0,579,379,200,444,244,200,135,135,0,76,76,0,76,76,0,0,0,0
15,Nassau County (East Central)--Oyster Bay Town (Central) PUMA,1156,473,683,1156,473,683,0,0,0,877,254,623,877,254,623,0,0,0,279,219,60,279,219,60,0,0,0,0,0,0,0,0,0,0,0,0
16,Niagara County (Southwest)--Greater Niagara Falls & North Tonawanda Area PUMA,0,0,0,0,0,0,0,0,0,0,0,0,0,0,0,0,0,0,0,0,0,0,0,0,0,0,0,0,0,0,0,0,0,0,0,0
17,Nassau County (Central)--Hempstead Town (East Central) PUMA,1294,787,507,1218,787,431,76,0,76,367,296,71,367,296,71,0,0,0,865,429,436,789,429,360,76,0,76,62,62,0,62,62,0,0,0,0
18,Niagara County (North & East) PUMA,0,0,0,0,0,0,0,0,0,0,0,0,0,0,0,0,0,0,0,0,0,0,0,0,0,0,0,0,0,0,0,0,0,0,0,0
19,"NYC-Queens Community District 13--Queens Village, Cambria Heights & Rosedale PUMA",1115,984,131,1115,984,131,0,0,0,426,353,73,426,353,73,0,0,0,455,455,0,455,455,0,0,0,0,234,176,58,234,176,58,0,0,0
20,"Chenango, Delaware & Broome (East) Counties PUMA",55,55,0,55,55,0,0,0,0,26,26,0,26,26,0,0,0,0,29,29,0,29,29,0,0,0,0,0,0,0,0,0,0,0,0,0
21,Oswego County PUMA,409,63,346,409,63,346,0,0,0,346,0,346,346,0,346,0,0,0,63,63,0,63,63,0,0,0,0,0,0,0,0,0,0,0,0,0
22,"NYC-Brooklyn Community District 9--Crown Heights South, Prospect Lefferts & Wingate PUMA",1016,508,508,952,508,444,64,0,64,478,197,281,478,197,281,0,0,0,538,311,227,474,311,163,64,0,64,0,0,0,0,0,0,0,0,0
23,NYC-Queens Community District 10--Howard Beach & Ozone Park PUMA,3204,1971,1233,3024,1791,1233,180,180,0,2055,1232,823,2055,1232,823,0,0,0,951,577,374,771,397,374,180,180,0,198,162,36,198,162,36,0,0,0
24,Ontario & Yates Counties PUMA,265,177,88,265,177,88,0,0,0,177,177,0,177,177,0,0,0,0,0,0,0,0,0,0,0,0,0,88,0,88,88,0,88,0,0,0
25,"NYC-Bronx Community District 8--Riverdale, Fieldston & Kingsbridge PUMA",1359,1028,331,1359,1028,331,0,0,0,1041,741,300,1041,741,300,0,0,0,318,287,31,318,287,31,0,0,0,0,0,0,0,0,0,0,0,0
26,Erie County (Northwest) PUMA,706,492,214,535,321,214,171,171,0,187,187,0,16,16,0,171,171,0,382,305,77,382,305,77,0,0,0,137,0,137,137,0,137,0,0,0
27,NYC-Brooklyn Community District 14--Flatbush & Midwood PUMA,7839,3994,3845,7056,3681,3375,783,313,470,3977,1499,2478,3194,1186,2008,783,313,470,3408,2173,1235,3408,2173,1235,0,0,0,454,322,132,454,322,132,0,0,0
28,"Rockland County (West)--Spring Valley, Suffern Villages & Monsey PUMA",1778,1258,520,1778,1258,520,0,0,0,437,278,159,437,278,159,0,0,0,1045,783,262,1045,783,262,0,0,0,296,197,99,296,197,99,0,0,0
29,"NYC-Manhattan Community District 1 & 2--Battery Park City, Greenwich Village & Soho PUMA",6368,4060,2308,5993,3685,2308,375,375,0,6242,4060,2182,5867,3685,2182,375,375,0,126,0,126,126,0,126,0,0,0,0,0,0,0,0,0,0,0,0
30,"NYC-Bronx Community District 4--Concourse, Highbridge & Mount Eden PUMA",194,194,0,194,194,0,0,0,0,0,0,0,0,0,0,0,0,0,194,194,0,194,194,0,0,0,0,0,0,0,0,0,0,0,0,0
31,NYC-Queens Community District 1--Astoria & Long Island City PUMA,12061,6403,5658,11334,6072,5262,727,331,396,5613,2502,3111,5042,2214,2828,571,288,283,5743,3419,2324,5587,3376,2211,156,43,113,705,482,223,705,482,223,0,0,0
32,Erie County (West Central)--Buffalo City (West) PUMA,626,296,330,551,221,330,75,75,0,405,75,330,330,0,330,75,75,0,221,221,0,221,221,0,0,0,0,0,0,0,0,0,0,0,0,0
33,Schenectady County--Schenectady City PUMA,1207,832,375,1097,832,265,110,0,110,620,409,211,620,409,211,0,0,0,587,423,164,477,423,54,110,0,110,0,0,0,0,0,0,0,0,0
34,NYC-Brooklyn Community District 2--Brooklyn Heights & Fort Greene PUMA,1805,1304,501,1727,1226,501,78,78,0,1605,1104,501,1605,1104,501,0,0,0,200,200,0,122,122,0,78,78,0,0,0,0,0,0,0,0,0,0
35,"Steuben (North & West), Schuyler & Chemung (North) Counties PUMA",31,0,31,31,0,31,0,0,0,0,0,0,0,0,0,0,0,0,31,0,31,31,0,31,0,0,0,0,0,0,0,0,0,0,0,0
36,NYC-Brooklyn Community District 1--Greenpoint & Williamsburg PUMA,5865,3332,2533,4974,3176,1798,891,156,735,3095,1367,1728,2428,1290,1138,667,77,590,2116,1352,764,1933,1273,660,183,79,104,654,613,41,613,613,0,41,0,41
37,Suffolk County (Northwest)--Huntington Town (North) PUMA,644,266,378,644,266,378,0,0,0,644,266,378,644,266,378,0,0,0,0,0,0,0,0,0,0,0,0,0,0,0,0,0,0,0,0,0
38,Erie County (Northeast) PUMA,338,214,124,338,214,124,0,0,0,63,63,0,63,63,0,0,0,0,275,151,124,275,151,124,0,0,0,0,0,0,0,0,0,0,0,0
39,Monroe County (North & West) PUMA,297,68,229,297,68,229,0,0,0,102,0,102,102,0,102,0,0,0,195,68,127,195,68,127,0,0,0,0,0,0,0,0,0,0,0,0
40,Oneida County (Central)--Greater Utica & Rome Cities PUMA,2510,1149,1361,2351,1067,1284,159,82,77,813,279,534,813,279,534,0,0,0,1417,710,707,1258,628,630,159,82,77,280,160,120,280,160,120,0,0,0
41,"NYC-Brooklyn Community District 12--Borough Park, Kensington & Ocean Parkway PUMA",4704,2898,1806,4547,2805,1742,157,93,64,1852,1120,732,1809,1077,732,43,43,0,2347,1317,1030,2233,1267,966,114,50,64,505,461,44,505,461,44,0,0,0
42,Erie County (West Central)--Buffalo City (East) PUMA,468,468,0,468,468,0,0,0,0,53,53,0,53,53,0,0,0,0,369,369,0,369,369,0,0,0,0,46,46,0,46,46,0,0,0,0
43,Suffolk County (Northwest)--Smithtown Town PUMA,404,228,176,404,228,176,0,0,0,111,50,61,111,50,61,0,0,0,293,178,115,293,178,115,0,0,0,0,0,0,0,0,0,0,0,0
44,Nassau County (Northeast)--Oyster Bay Town (North) & Glen Cove City PUMA,2637,1412,1225,2637,1412,1225,0,0,0,1515,737,778,1515,737,778,0,0,0,501,300,201,501,300,201,0,0,0,621,375,246,621,375,246,0,0,0
45,NYC-Manhattan Community District 8--Upper East Side PUMA,9928,4280,5648,9928,4280,5648,0,0,0,9928,4280,5648,9928,4280,5648,0,0,0,0,0,0,0,0,0,0,0,0,0,0,0,0,0,0,0,0,0
46,Suffolk County (Southwest)--Islip Town (South) PUMA,585,346,239,585,346,239,0,0,0,276,276,0,276,276,0,0,0,0,0,0,0,0,0,0,0,0,0,309,70,239,309,70,239,0,0,0
47,"NYC-Brooklyn Community District 6--Park Slope, Carroll Gardens & Red Hook PUMA",4266,2579,1687,4080,2579,1501,186,0,186,3515,2097,1418,3329,2097,1232,186,0,186,751,482,269,751,482,269,0,0,0,0,0,0,0,0,0,0,0,0
48,Erie County (South) PUMA,693,483,210,693,483,210,0,0,0,577,367,210,577,367,210,0,0,0,116,116,0,116,116,0,0,0,0,0,0,0,0,0,0,0,0,0
49,Albany County (Outside Albany City) PUMA,1568,934,634,1439,934,505,129,0,129,1019,535,484,890,535,355,129,0,129,423,273,150,423,273,150,0,0,0,126,126,0,126,126,0,0,0,0
50,NYC-Staten Island Community District 2--New Springville & South Beach PUMA,7746,4679,3067,7286,4219,3067,460,460,0,3596,2028,1568,3435,1867,1568,161,161,0,3494,2221,1273,3195,1922,1273,299,299,0,656,430,226,656,430,226,0,0,0
51,Erie County (North Central) PUMA,1417,480,937,1299,362,937,118,118,0,1137,408,729,1019,290,729,118,118,0,280,72,208,280,72,208,0,0,0,0,0,0,0,0,0,0,0,0
52,"NYC-Staten Island Community District 3--Tottenville, Great Kills & Annadale PUMA",10490,6183,4307,9838,5531,4307,652,652,0,5394,2881,2513,5312,2799,2513,82,82,0,4950,3156,1794,4380,2586,1794,570,570,0,146,146,0,146,146,0,0,0,0
53,"NYC-Manhattan Community District 12--Washington Heights, Inwood & Marble Hill PUMA",2262,1077,1185,2156,1077,1079,106,0,106,1686,650,1036,1580,650,930,106,0,106,576,427,149,576,427,149,0,0,0,0,0,0,0,0,0,0,0,0
54,NYC-Manhattan Community District 7--Upper West Side & West Side PUMA,6245,3172,3073,6158,3172,2986,87,0,87,4642,2426,2216,4555,2426,2129,87,0,87,1488,631,857,1488,631,857,0,0,0,115,115,0,115,115,0,0,0,0
55,"NYC-Queens Community District 5--Ridgewood, Glendale & Middle Village PUMA",13884,8240,5644,13098,7881,5217,786,359,427,4501,1842,2659,4097,1717,2380,404,125,279,8569,5747,2822,8187,5513,2674,382,234,148,814,651,163,814,651,163,0,0,0
56,"NYC-Brooklyn Community District 15--Sheepshead Bay, Gerritsen Beach & Homecrest PUMA",17128,8627,8501,16103,8357,7746,1025,270,755,10723,4991,5732,10285,4928,5357,438,63,375,5749,3072,2677,5249,2952,2297,500,120,380,656,564,92,569,477,92,87,87,0
57,"NYC-Queens Community District 12--Jamaica, Hollis & St. Albans PUMA",477,184,293,477,184,293,0,0,0,0,0,0,0,0,0,0,0,0,477,184,293,477,184,293,0,0,0,0,0,0,0,0,0,0,0,0
58,Suffolk County (North Central)--Brookhaven Town (North) PUMA,1766,918,848,1766,918,848,0,0,0,1523,918,605,1523,918,605,0,0,0,243,0,243,243,0,243,0,0,0,0,0,0,0,0,0,0,0,0
59,Albany County (East Central)--Albany City PUMA,551,213,338,551,213,338,0,0,0,242,163,79,242,163,79,0,0,0,309,50,259,309,50,259,0,0,0,0,0,0,0,0,0,0,0,0
60,NYC-Manhattan Community District 3--Chinatown & Lower East Side PUMA,2107,1131,976,2107,1131,976,0,0,0,1784,996,788,1784,996,788,0,0,0,323,135,188,323,135,188,0,0,0,0,0,0,0,0,0,0,0,0
61,Rensselaer County--Troy City PUMA,733,682,51,733,682,51,0,0,0,284,233,51,284,233,51,0,0,0,449,449,0,449,449,0,0,0,0,0,0,0,0,0,0,0,0,0
62,Warren & Washington Counties PUMA,375,219,156,375,219,156,0,0,0,117,117,0,117,117,0,0,0,0,258,102,156,258,102,156,0,0,0,0,0,0,0,0,0,0,0,0
63,Orange County (Northeast)--Greater Newburgh City PUMA,532,360,172,317,145,172,215,215,0,244,145,99,244,145,99,0,0,0,73,0,73,73,0,73,0,0,0,215,215,0,0,0,0,215,215,0
64,"Rockland County (South)--Orangetown, Clarkstown (South) & Ramapo (Southeast) Towns PUMA",445,79,366,445,79,366,0,0,0,179,0,179,179,0,179,0,0,0,187,0,187,187,0,187,0,0,0,79,79,0,79,79,0,0,0,0
65,Fulton & Montgomery Counties PUMA,174,0,174,174,0,174,0,0,0,0,0,0,0,0,0,0,0,0,174,0,174,174,0,174,0,0,0,0,0,0,0,0,0,0,0,0
66,NYC-Brooklyn Community District 11--Bensonhurst & Bath Beach PUMA,12724,6537,6187,11907,6060,5847,817,477,340,7356,3652,3704,7192,3488,3704,164,164,0,4536,2310,2226,3965,2079,1886,571,231,340,832,575,257,750,493,257,82,82,0
67,Monroe County (Central)--Rochester City (East) PUMA,0,0,0,0,0,0,0,0,0,0,0,0,0,0,0,0,0,0,0,0,0,0,0,0,0,0,0,0,0,0,0,0,0,0,0,0
68,Chautauqua County PUMA,271,203,68,271,203,68,0,0,0,68,0,68,68,0,68,0,0,0,203,203,0,203,203,0,0,0,0,0,0,0,0,0,0,0,0,0
69,Nassau County (Northwest)--North Hempstead Town (North) PUMA,3452,1745,1707,3415,1728,1687,37,17,20,1743,709,1034,1726,692,1034,17,17,0,1651,998,653,1651,998,653,0,0,0,58,38,20,38,38,0,20,0,20
70,"Clinton, Franklin, Essex & Hamilton Counties PUMA",319,107,212,319,107,212,0,0,0,63,38,25,63,38,25,0,0,0,117,24,93,117,24,93,0,0,0,139,45,94,139,45,94,0,0,0
71,NYC-Queens Community District 6--Forest Hills & Rego Park PUMA,7186,3920,3266,6582,3802,2780,604,118,486,3821,2210,1611,3217,2092,1125,604,118,486,2948,1400,1548,2948,1400,1548,0,0,0,417,310,107,417,310,107,0,0,0
72,Monroe County (Central)--Rochester City (West) PUMA,0,0,0,0,0,0,0,0,0,0,0,0,0,0,0,0,0,0,0,0,0,0,0,0,0,0,0,0,0,0,0,0,0,0,0,0
73,Orange County (Southeast) PUMA,1222,655,567,1137,655,482,85,0,85,511,351,160,426,351,75,85,0,85,534,191,343,534,191,343,0,0,0,177,113,64,177,113,64,0,0,0
74,Rockland County (North)--New City & Congers PUMA,561,301,260,561,301,260,0,0,0,365,105,260,365,105,260,0,0,0,196,196,0,196,196,0,0,0,0,0,0,0,0,0,0,0,0,0
75,Westchester County (Southeast) PUMA,3563,2504,1059,3563,2504,1059,0,0,0,2860,2075,785,2860,2075,785,0,0,0,425,354,71,425,354,71,0,0,0,278,75,203,278,75,203,0,0,0
76,"NYC-Manhattan Community District 9--Hamilton Heights, Manhattanville & West Harlem PUMA",1900,575,1325,1802,575,1227,98,0,98,1104,199,905,1006,199,807,98,0,98,796,376,420,796,376,420,0,0,0,0,0,0,0,0,0,0,0,0
77,Nassau County (Southwest)--Hempstead Town (Southwest) & Long Beach City PUMA,1088,336,752,1088,336,752,0,0,0,575,178,397,575,178,397,0,0,0,498,143,355,498,143,355,0,0,0,15,15,0,15,15,0,0,0,0
78,NYC-Queens Community District 2--Sunnyside & Woodside PUMA,4641,3255,1386,4471,3085,1386,170,170,0,3142,2080,1062,2972,1910,1062,170,170,0,1190,1122,68,1190,1122,68,0,0,0,309,53,256,309,53,256,0,0,0
79,"NYC-Bronx Community District 11--Pelham Parkway, Morris Park & Laconia PUMA",4336,2130,2206,3731,2011,1720,605,119,486,1686,684,1002,1432,628,804,254,56,198,2426,1320,1106,2075,1257,818,351,63,288,224,126,98,224,126,98,0,0,0
80,Onondaga County (Central)--Syracuse City (Outer) PUMA,1226,864,362,1042,791,251,184,73,111,609,359,250,425,286,139,184,73,111,474,434,40,474,434,40,0,0,0,143,71,72,143,71,72,0,0,0
81,Wayne & Seneca Counties PUMA,0,0,0,0,0,0,0,0,0,0,0,0,0,0,0,0,0,0,0,0,0,0,0,0,0,0,0,0,0,0,0,0,0,0,0,0
82,"NYC-Bronx Community District 7--Bedford Park, Fordham North & Norwood PUMA",1036,716,320,753,433,320,283,283,0,283,283,0,0,0,0,283,283,0,588,268,320,588,268,320,0,0,0,165,165,0,165,165,0,0,0,0
83,Nassau County (West Central)--Hempstead Town (Northwest) PUMA,1748,977,771,1685,914,771,63,63,0,539,474,65,539,474,65,0,0,0,1209,503,706,1146,440,706,63,63,0,0,0,0,0,0,0,0,0,0
84,NYC-Brooklyn Community District 18--Canarsie & Flatlands PUMA,3681,1622,2059,3528,1569,1959,153,53,100,1589,628,961,1536,575,961,53,53,0,1791,994,797,1691,994,697,100,0,100,301,0,301,301,0,301,0,0,0
85,"NYC-Bronx Community District 12--Wakefield, Williamsbridge & Woodlawn PUMA",357,357,0,357,357,0,0,0,0,84,84,0,84,84,0,0,0,0,273,273,0,273,273,0,0,0,0,0,0,0,0,0,0,0,0,0
86,Suffolk County (South Central)--Brookhaven Town (South) PUMA,1236,980,256,1092,875,217,144,105,39,255,180,75,216,180,36,39,0,39,865,684,181,760,579,181,105,105,0,116,116,0,116,116,0,0,0,0
87,NYC-Queens Community District 4--Elmhurst & South Corona PUMA,1911,1051,860,1911,1051,860,0,0,0,880,267,613,880,267,613,0,0,0,1031,784,247,1031,784,247,0,0,0,0,0,0,0,0,0,0,0,0
88,Livingston & Wyoming Counties PUMA,450,316,134,450,316,134,0,0,0,20,20,0,20,20,0,0,0,0,430,296,134,430,296,134,0,0,0,0,0,0,0,0,0,0,0,0
89,"NYC-Bronx Community District 10--Co-op City, Pelham Bay & Schuylerville PUMA",2306,1295,1011,2306,1295,1011,0,0,0,685,159,526,685,159,526,0,0,0,1332,847,485,1332,847,485,0,0,0,289,289,0,289,289,0,0,0,0
90,Cattaraugus & Allegany Counties PUMA,26,0,26,26,0,26,0,0,0,26,0,26,26,0,26,0,0,0,0,0,0,0,0,0,0,0,0,0,0,0,0,0,0,0,0,0
91,Herkimer (North & Central) & Oneida (Outer) Counties PUMA,302,179,123,302,179,123,0,0,0,161,161,0,161,161,0,0,0,0,141,18,123,141,18,123,0,0,0,0,0,0,0,0,0,0,0,0
92,Orange County (Northwest) PUMA,949,627,322,949,627,322,0,0,0,417,169,248,417,169,248,0,0,0,388,314,74,388,314,74,0,0,0,144,144,0,144,144,0,0,0,0
93,Columbia & Greene Counties PUMA,64,64,0,64,64,0,0,0,0,64,64,0,64,64,0,0,0,0,0,0,0,0,0,0,0,0,0,0,0,0,0,0,0,0,0,0
94,Suffolk County (East) PUMA,2792,1183,1609,2646,1183,1463,146,0,146,749,377,372,749,377,372,0,0,0,1965,806,1159,1819,806,1013,146,0,146,78,0,78,78,0,78,0,0,0
95,Monroe County (East) PUMA,1722,743,979,1393,743,650,329,0,329,641,328,313,398,328,70,243,0,243,860,302,558,774,302,472,86,0,86,221,113,108,221,113,108,0,0,0
96,Sullivan & Ulster (West) Counties PUMA,1424,798,626,1424,798,626,0,0,0,749,273,476,749,273,476,0,0,0,605,525,80,605,525,80,0,0,0,70,0,70,70,0,70,0,0,0
97,Cayuga & Onondaga (South) Counties PUMA,0,0,0,0,0,0,0,0,0,0,0,0,0,0,0,0,0,0,0,0,0,0,0,0,0,0,0,0,0,0,0,0,0,0,0,0
98,"NYC-Bronx Community District 1 & 2--Hunts Point, Longwood & Melrose PUMA",0,0,0,0,0,0,0,0,0,0,0,0,0,0,0,0,0,0,0,0,0,0,0,0,0,0,0,0,0,0,0,0,0,0,0,0
99,Suffolk County (Southwest)--Babylon Town (Southeast) PUMA,2206,934,1272,2147,934,1213,59,0,59,679,280,399,679,280,399,0,0,0,1077,370,707,1018,370,648,59,0,59,450,284,166,450,284,166,0,0,0
100,Onondaga County (Central)--Syracuse City PUMA,1015,578,437,893,578,315,122,0,122,623,452,171,623,452,171,0,0,0,270,126,144,270,126,144,0,0,0,122,0,122,0,0,0,122,0,122
101,Ulster County (East) PUMA,292,292,0,292,292,0,0,0,0,41,41,0,41,41,0,0,0,0,251,251,0,251,251,0,0,0,0,0,0,0,0,0,0,0,0,0
102,NYC-Queens Community District 9--Richmond Hill & Woodhaven PUMA,2301,1433,868,2301,1433,868,0,0,0,858,516,342,858,516,342,0,0,0,1396,870,526,1396,870,526,0,0,0,47,47,0,47,47,0,0,0,0
103,NYC-Brooklyn Community District 13--Brighton Beach & Coney Island PUMA,10653,5343,5310,10050,4973,5077,603,370,233,5719,2609,3110,5349,2239,3110,370,370,0,3892,1825,2067,3659,1825,1834,233,0,233,1042,909,133,1042,909,133,0,0,0
104,Broome County (West Central)--Greater Binghamton City & Greater Johnson City Village PUMA,1353,841,512,1166,777,389,187,64,123,779,319,460,656,319,337,123,0,123,473,421,52,409,357,52,64,64,0,101,101,0,101,101,0,0,0,0
105,Nassau County (South Central)--Hempstead Town (Southeast) PUMA,2021,1022,999,2021,1022,999,0,0,0,1171,515,656,1171,515,656,0,0,0,850,507,343,850,507,343,0,0,0,0,0,0,0,0,0,0,0,0
106,Saratoga County (Outer) PUMA,383,256,127,251,124,127,132,132,0,127,0,127,127,0,127,0,0,0,256,256,0,124,124,0,132,132,0,0,0,0,0,0,0,0,0,0
107,"NYC-Manhattan Community District 4 & 5--Chelsea, Clinton & Midtown Business District PUMA",6159,3917,2242,5831,3801,2030,328,116,212,5220,3038,2182,4892,2922,1970,328,116,212,939,879,60,939,879,60,0,0,0,0,0,0,0,0,0,0,0,0
108,NYC-Brooklyn Community District 4--Bushwick PUMA,624,278,346,624,278,346,0,0,0,257,71,186,257,71,186,0,0,0,367,207,160,367,207,160,0,0,0,0,0,0,0,0,0,0,0,0
109,Suffolk County (Central)--Islip Town (East) PUMA,341,70,271,341,70,271,0,0,0,143,70,73,143,70,73,0,0,0,198,0,198,198,0,198,0,0,0,0,0,0,0,0,0,0,0,0
110,Westchester County (Southwest)--Yonkers City PUMA,5291,2522,2769,4864,2256,2608,427,266,161,2459,992,1467,2459,992,1467,0,0,0,2354,1259,1095,2077,1143,934,277,116,161,478,271,207,328,121,207,150,150,0
111,Nassau County (West Central)--North Hempstead Town (South) PUMA,2105,1003,1102,2105,1003,1102,0,0,0,1351,417,934,1351,417,934,0,0,0,319,151,168,319,151,168,0,0,0,435,435,0,435,435,0,0,0,0
112,"NYC-Queens Community District 8--Briarwood, Fresh Meadows & Hillcrest PUMA",5428,3061,2367,5140,2773,2367,288,288,0,2691,1290,1401,2527,1126,1401,164,164,0,2434,1535,899,2434,1535,899,0,0,0,303,236,67,179,112,67,124,124,0
113,Jefferson & Lewis Counties PUMA,292,0,292,244,0,244,48,0,48,108,0,108,108,0,108,0,0,0,184,0,184,136,0,136,48,0,48,0,0,0,0,0,0,0,0,0
114,Suffolk County (Central)--Brookhaven Town (West Central) PUMA,935,446,489,851,362,489,84,84,0,498,75,423,498,75,423,0,0,0,437,371,66,353,287,66,84,84,0,0,0,0,0,0,0,0,0,0
115,Suffolk County (Northwest)--Huntington Town (South) PUMA,908,648,260,755,495,260,153,153,0,256,176,80,256,176,80,0,0,0,579,399,180,426,246,180,153,153,0,73,73,0,73,73,0,0,0,0
116,NYC-Brooklyn Community District 16--Brownsville & Ocean Hill PUMA,61,29,32,32,0,32,29,29,0,0,0,0,0,0,0,0,0,0,61,29,32,32,0,32,29,29,0,0,0,0,0,0,0,0,0,0
117,"NYC-Staten Island Community District 1--Port Richmond, Stapleton & Mariner's Harbor PUMA",3967,2402,1565,3815,2250,1565,152,152,0,1940,1098,842,1901,1059,842,39,39,0,1817,1177,640,1704,1064,640,113,113,0,210,127,83,210,127,83,0,0,0
118,Chemung (South) & Steuben (East) Counties--Greater Elmira & Greater Corning Cities PUMA,173,124,49,173,124,49,0,0,0,59,59,0,59,59,0,0,0,0,114,65,49,114,65,49,0,0,0,0,0,0,0,0,0,0,0,0
119,Monroe County (Central)--Greece & Gates Towns PUMA,1795,1208,587,1396,809,587,399,399,0,334,257,77,334,257,77,0,0,0,1089,708,381,690,309,381,399,399,0,372,243,129,372,243,129,0,0,0
120,NYC-Queens Community District 3--Jackson Heights & North Corona PUMA,2424,1573,851,2278,1573,705,146,0,146,1442,650,792,1355,650,705,87,0,87,525,466,59,466,466,0,59,0,59,457,457,0,457,457,0,0,0,0
121,"NYC-Queens Community District 14--Far Rockaway, Breezy Point & Broad Channel PUMA",525,242,283,525,242,283,0,0,0,365,82,283,365,82,283,0,0,0,160,160,0,160,160,0,0,0,0,0,0,0,0,0,0,0,0,0
122,NYC-Brooklyn Community District 10--Bay Ridge & Dyker Heights PUMA,8849,5370,3479,8351,5075,3276,498,295,203,4780,2709,2071,4586,2636,1950,194,73,121,3608,2200,1408,3304,1978,1326,304,222,82,461,461,0,461,461,0,0,0,0
123,Broome (Outer West) & Tioga Counties PUMA,373,270,103,373,270,103,0,0,0,78,78,0,78,78,0,0,0,0,295,192,103,295,192,103,0,0,0,0,0,0,0,0,0,0,0,0
124,Putnam County PUMA,2181,805,1376,1929,805,1124,252,0,252,696,358,338,696,358,338,0,0,0,1228,190,1038,976,190,786,252,0,252,257,257,0,257,257,0,0,0,0
125,"NYC-Brooklyn Community District 17--East Flatbush, Farragut & Rugby PUMA",124,124,0,124,124,0,0,0,0,31,31,0,31,31,0,0,0,0,93,93,0,93,93,0,0,0,0,0,0,0,0,0,0,0,0,0
126,"NYC-Queens Community District 11--Bayside, Douglaston & Little Neck PUMA",3478,1628,1850,3478,1628,1850,0,0,0,1256,700,556,1256,700,556,0,0,0,2123,866,1257,2123,866,1257,0,0,0,99,62,37,99,62,37,0,0,0
127,Nassau County (Central)--Hempstead Town (Northeast) PUMA,1811,942,869,1753,884,869,58,58,0,550,417,133,550,417,133,0,0,0,681,467,214,681,467,214,0,0,0,580,58,522,522,0,522,58,58,0
128,Suffolk County (Central)--Brookhaven Town (Central) PUMA,2126,1085,1041,2126,1085,1041,0,0,0,733,284,449,733,284,449,0,0,0,1011,419,592,1011,419,592,0,0,0,382,382,0,382,382,0,0,0,0
129,NYC-Manhattan Community District 10--Central Harlem PUMA,1735,689,1046,1573,593,980,162,96,66,1442,533,909,1280,437,843,162,96,66,137,0,137,137,0,137,0,0,0,156,156,0,156,156,0,0,0,0
130,"NYC-Bronx Community District 5--Morris Heights, Fordham South & Mount Hope PUMA",0,0,0,0,0,0,0,0,0,0,0,0,0,0,0,0,0,0,0,0,0,0,0,0,0,0,0,0,0,0,0,0,0,0,0,0
131,NYC-Manhattan Community District 11--East Harlem PUMA,1511,619,892,1511,619,892,0,0,0,1070,567,503,1070,567,503,0,0,0,389,0,389,389,0,389,0,0,0,52,52,0,52,52,0,0,0,0
132,Westchester County (Northwest) PUMA,2918,1509,1409,2400,1225,1175,518,284,234,1790,1036,754,1574,820,754,216,216,0,894,473,421,826,405,421,68,68,0,234,0,234,0,0,0,234,0,234
133,Onondaga County (North) PUMA,1313,646,667,1313,646,667,0,0,0,713,501,212,713,501,212,0,0,0,536,81,455,536,81,455,0,0,0,64,64,0,64,64,0,0,0,0
134,NYC-Brooklyn Community District 8--Crown Heights North & Prospect Heights PUMA,1296,699,597,1296,699,597,0,0,0,741,234,507,741,234,507,0,0,0,392,302,90,392,302,90,0,0,0,163,163,0,163,163,0,0,0,0
135,NYC-Brooklyn Community District 3--Bedford-Stuyvesant PUMA,1765,1557,208,1443,1235,208,322,322,0,449,241,208,449,241,208,0,0,0,1227,1227,0,905,905,0,322,322,0,89,89,0,89,89,0,0,0,0
136,Genesee & Orleans Counties PUMA,27,0,27,27,0,27,0,0,0,27,0,27,27,0,27,0,0,0,0,0,0,0,0,0,0,0,0,0,0,0,0,0,0,0,0,0
137,Westchester County (Central)--White Plains City PUMA,2821,1392,1429,2745,1392,1353,76,0,76,2289,1208,1081,2213,1208,1005,76,0,76,532,184,348,532,184,348,0,0,0,0,0,0,0,0,0,0,0,0
138,Saratoga County (South & Central) PUMA,1441,227,1214,1441,227,1214,0,0,0,788,116,672,788,116,672,0,0,0,653,111,542,653,111,542,0,0,0,0,0,0,0,0,0,0,0,0
139,Monroe County (South) PUMA,1613,1248,365,1458,1093,365,155,155,0,826,591,235,755,520,235,71,71,0,787,657,130,703,573,130,84,84,0,0,0,0,0,0,0,0,0,0
140,Suffolk County (Central)--Islip Town (Northwest) PUMA,411,189,222,411,189,222,0,0,0,279,189,90,279,189,90,0,0,0,132,0,132,132,0,132,0,0,0,0,0,0,0,0,0,0,0,0
141,St. Lawrence County PUMA,1107,299,808,1107,299,808,0,0,0,934,160,774,934,160,774,0,0,0,125,91,34,125,91,34,0,0,0,48,48,0,48,48,0,0,0,0
142,Nassau County (West Central)--Hempstead Town (West Central) PUMA,996,453,543,996,453,543,0,0,0,665,297,368,665,297,368,0,0,0,268,156,112,268,156,112,0,0,0,63,0,63,63,0,63,0,0,0
143,Nassau County (Central)--Hempstead Town (North Central)--Meadowbrook Corridor PUMA,180,101,79,180,101,79,0,0,0,180,101,79,180,101,79,0,0,0,0,0,0,0,0,0,0,0,0,0,0,0,0,0,0,0,0,0
144,"NYC-Bronx Community District 9--Castle Hill, Clason Point & Parkchester PUMA",449,396,53,449,396,53,0,0,0,0,0,0,0,0,0,0,0,0,243,190,53,243,190,53,0,0,0,206,206,0,206,206,0,0,0,0
145,Nassau County (Southeast)--Oyster Bay Town (South) PUMA,228,153,75,153,153,0,75,0,75,162,87,75,87,87,0,75,0,75,66,66,0,66,66,0,0,0,0,0,0,0,0,0,0,0,0,0
146,Capital Region,6322,3427,2895,5951,3295,2656,371,132,239,3261,1637,1624,3132,1637,1495,129,0,129,2935,1664,1271,2693,1532,1161,242,132,110,126,126,0,126,126,0,0,0,0
147,Central NY,4278,2342,1936,3972,2269,1703,306,73,233,2606,1503,1103,2422,1430,992,184,73,111,1343,704,639,1343,704,639,0,0,0,329,135,194,207,135,72,122,0,122
148,Finger Lakes,6169,3760,2409,5286,3206,2080,883,554,329,2127,1373,754,1813,1302,511,314,71,243,3361,2031,1330,2792,1548,1244,569,483,86,681,356,325,681,356,325,0,0,0
149,Long Island,34888,17455,17433,33993,16975,17018,895,480,415,16605,8034,8571,16474,8017,8457,131,17,114,14807,7391,7416,14121,6986,7135,686,405,281,3476,2030,1446,3398,1972,1426,78,58,20
150,Mid-Hudson,31134,17401,13733,28994,16447,12547,2140,954,1186,15773,8602,7171,15227,8332,6895,546,270,276,12896,7372,5524,11901,7053,4848,995,319,676,2465,1427,1038,1866,1062,804,599,365,234
151,Mohawk Valley,3413,1520,1893,3164,1391,1773,249,129,120,1127,509,618,1080,462,618,47,47,0,1803,756,1047,1601,674,927,202,82,120,483,255,228,483,255,228,0,0,0
152,New York City,221441,123230,98211,208591,116545,92046,12850,6685,6165,125676,63501,62175,118280,59886,58394,7396,3615,3781,83671,50482,33189,78620,47774,30846,5051,2708,2343,12094,9247,2847,11691,8885,2806,403,362,41
153,North Country,1718,406,1312,1670,406,1264,48,0,48,1105,198,907,1105,198,907,0,0,0,426,115,311,378,115,263,48,0,48,187,93,94,187,93,94,0,0,0
154,Southern Tier,2907,1810,1097,2720,1746,974,187,64,123,1864,1002,862,1741,1002,739,123,0,123,942,707,235,878,643,235,64,64,0,101,101,0,101,101,0,0,0,0
155,Western NY,6287,3267,3020,5796,2841,2955,491,426,65,3007,1153,1854,2643,789,1854,364,364,0,2905,2006,899,2905,2006,899,0,0,0,375,108,267,248,46,202,127,62,65
