,puma,Total_geo,Total_geo_m,Total_geo_f,Total_NP_mf_t,Total_NP_m,Total_NP_f,Total_P_mf_t,Total_P_m,Total_P_f,Total_BABS,Total_BABS_m,Total_BABS_f,BABS_NP_mf_t,BABS_NP_m,BABS_NP_f,BABS_P_mf_t,BABS_P_m,BABS_P_f,Total_HS,Total_HS_m,Total_HS_f,HS_NP_mf_t,HS_NP_m,HS_NP_f,HS_P_mf_t,HS_P_m,HS_P_f,Total_HSINC,Total_HSINC_m,Total_HSINC_f,HSINC_NP_mf_t,HSINC_NP_m,HSINC_NP_f,HSINC_P_mf_t,HSINC_P_m,HSINC_P_f
0,Total Geo,267069,158373,108696,243743,141225,102518,23326,17148,6178,154150,81207,72943,146928,77627,69301,7222,3580,3642,96733,64807,31926,83344,53954,29390,13389,10853,2536,16186,12359,3827,13471,9644,3827,2715,2715,0
1,"NYC-Manhattan Community District 6--Murray Hill, Gramercy & Stuyvesant Town PUMA",1224,494,730,1224,494,730,0,0,0,1224,494,730,1224,494,730,0,0,0,0,0,0,0,0,0,0,0,0,0,0,0,0,0,0,0,0,0
2,Tompkins County PUMA,922,520,402,809,520,289,113,0,113,922,520,402,809,520,289,113,0,113,0,0,0,0,0,0,0,0,0,0,0,0,0,0,0,0,0,0
3,Westchester County (South Central)--New Rochelle & Mount Vernon Cities PUMA,2640,2170,470,2374,1964,410,266,206,60,891,569,322,891,569,322,0,0,0,1661,1601,60,1395,1395,0,266,206,60,88,0,88,88,0,88,0,0,0
4,"NYC-Queens Community District 7--Flushing, Murray Hill & Whitestone PUMA",2648,2066,582,2574,1992,582,74,74,0,826,626,200,826,626,200,0,0,0,1220,924,296,1146,850,296,74,74,0,602,516,86,602,516,86,0,0,0
5,Madison & Cortland Counties PUMA,383,173,210,383,173,210,0,0,0,297,173,124,297,173,124,0,0,0,86,0,86,86,0,86,0,0,0,0,0,0,0,0,0,0,0,0
6,NYC-Brooklyn Community District 5--East New York & Starrett City PUMA,34,34,0,34,34,0,0,0,0,0,0,0,0,0,0,0,0,0,34,34,0,34,34,0,0,0,0,0,0,0,0,0,0,0,0,0
7,Dutchess County (Southwest) PUMA,354,310,44,354,310,44,0,0,0,44,0,44,44,0,44,0,0,0,310,310,0,310,310,0,0,0,0,0,0,0,0,0,0,0,0,0
8,"NYC-Bronx Community District 3 & 6--Belmont, Crotona Park East & East Tremont PUMA",853,634,219,853,634,219,0,0,0,117,0,117,117,0,117,0,0,0,736,634,102,736,634,102,0,0,0,0,0,0,0,0,0,0,0,0
9,Dutchess County (North & East) PUMA,795,424,371,795,424,371,0,0,0,62,62,0,62,62,0,0,0,0,733,362,371,733,362,371,0,0,0,0,0,0,0,0,0,0,0,0
10,Erie County (Central) PUMA,1463,507,956,1049,274,775,414,233,181,401,0,401,401,0,401,0,0,0,935,445,490,521,212,309,414,233,181,127,62,65,127,62,65,0,0,0
11,Suffolk County (West Central)--Babylon Town (Northwest) PUMA,1377,758,619,1377,758,619,0,0,0,764,411,353,764,411,353,0,0,0,379,225,154,379,225,154,0,0,0,234,122,112,234,122,112,0,0,0
12,"Otsego, Schoharie, Oneida (South) & Herkimer (South) Counties PUMA",362,170,192,334,142,192,28,28,0,131,47,84,131,47,84,0,0,0,28,28,0,0,0,0,28,28,0,203,95,108,203,95,108,0,0,0
13,NYC-Brooklyn Community District 7--Sunset Park & Windsor Terrace PUMA,2804,1836,968,2582,1614,968,222,222,0,1996,1421,575,1996,1421,575,0,0,0,808,415,393,586,193,393,222,222,0,0,0,0,0,0,0,0,0,0
14,Westchester County (Northeast) PUMA,1740,1217,523,1598,1075,523,142,142,0,1285,762,523,1285,762,523,0,0,0,379,379,0,237,237,0,142,142,0,76,76,0,76,76,0,0,0,0
15,Nassau County (East Central)--Oyster Bay Town (Central) PUMA,881,405,476,881,405,476,0,0,0,662,186,476,662,186,476,0,0,0,219,219,0,219,219,0,0,0,0,0,0,0,0,0,0,0,0,0
16,Niagara County (Southwest)--Greater Niagara Falls & North Tonawanda Area PUMA,0,0,0,0,0,0,0,0,0,0,0,0,0,0,0,0,0,0,0,0,0,0,0,0,0,0,0,0,0,0,0,0,0,0,0,0
17,Nassau County (Central)--Hempstead Town (East Central) PUMA,1035,787,248,973,725,248,62,62,0,367,296,71,367,296,71,0,0,0,606,429,177,606,429,177,0,0,0,62,62,0,0,0,0,62,62,0
18,Niagara County (North & East) PUMA,0,0,0,0,0,0,0,0,0,0,0,0,0,0,0,0,0,0,0,0,0,0,0,0,0,0,0,0,0,0,0,0,0,0,0,0
19,"NYC-Queens Community District 13--Queens Village, Cambria Heights & Rosedale PUMA",1115,984,131,1115,984,131,0,0,0,426,353,73,426,353,73,0,0,0,455,455,0,455,455,0,0,0,0,234,176,58,234,176,58,0,0,0
20,"Chenango, Delaware & Broome (East) Counties PUMA",26,26,0,26,26,0,0,0,0,26,26,0,26,26,0,0,0,0,0,0,0,0,0,0,0,0,0,0,0,0,0,0,0,0,0,0
21,Oswego County PUMA,346,0,346,346,0,346,0,0,0,346,0,346,346,0,346,0,0,0,0,0,0,0,0,0,0,0,0,0,0,0,0,0,0,0,0,0
22,"NYC-Brooklyn Community District 9--Crown Heights South, Prospect Lefferts & Wingate PUMA",722,508,214,422,208,214,300,300,0,411,197,214,342,128,214,69,69,0,311,311,0,80,80,0,231,231,0,0,0,0,0,0,0,0,0,0
23,NYC-Queens Community District 10--Howard Beach & Ozone Park PUMA,3204,1971,1233,2866,1791,1075,338,180,158,2055,1232,823,1897,1232,665,158,0,158,951,577,374,771,397,374,180,180,0,198,162,36,198,162,36,0,0,0
24,Ontario & Yates Counties PUMA,265,177,88,265,177,88,0,0,0,177,177,0,177,177,0,0,0,0,0,0,0,0,0,0,0,0,0,88,0,88,88,0,88,0,0,0
25,"NYC-Bronx Community District 8--Riverdale, Fieldston & Kingsbridge PUMA",996,770,226,996,770,226,0,0,0,772,546,226,772,546,226,0,0,0,224,224,0,224,224,0,0,0,0,0,0,0,0,0,0,0,0,0
26,Erie County (Northwest) PUMA,639,492,147,639,492,147,0,0,0,187,187,0,187,187,0,0,0,0,382,305,77,382,305,77,0,0,0,70,0,70,70,0,70,0,0,0
27,NYC-Brooklyn Community District 14--Flatbush & Midwood PUMA,6262,3038,3224,5314,2461,2853,948,577,371,3253,1239,2014,3028,1099,1929,225,140,85,2642,1564,1078,1919,1127,792,723,437,286,367,235,132,367,235,132,0,0,0
28,"Rockland County (West)--Spring Valley, Suffern Villages & Monsey PUMA",1434,1258,176,955,779,176,479,479,0,355,278,77,251,174,77,104,104,0,783,783,0,446,446,0,337,337,0,296,197,99,258,159,99,38,38,0
29,"NYC-Manhattan Community District 1 & 2--Battery Park City, Greenwich Village & Soho PUMA",6244,4001,2243,6244,4001,2243,0,0,0,6118,4001,2117,6118,4001,2117,0,0,0,126,0,126,126,0,126,0,0,0,0,0,0,0,0,0,0,0,0
30,"NYC-Bronx Community District 4--Concourse, Highbridge & Mount Eden PUMA",194,194,0,0,0,0,194,194,0,0,0,0,0,0,0,0,0,0,194,194,0,0,0,0,194,194,0,0,0,0,0,0,0,0,0,0
31,NYC-Queens Community District 1--Astoria & Long Island City PUMA,10420,6017,4403,8932,4952,3980,1488,1065,423,5090,2214,2876,4642,2105,2537,448,109,339,4848,3321,1527,4073,2630,1443,775,691,84,482,482,0,217,217,0,265,265,0
32,Erie County (West Central)--Buffalo City (West) PUMA,626,296,330,551,221,330,75,75,0,405,75,330,330,0,330,75,75,0,221,221,0,221,221,0,0,0,0,0,0,0,0,0,0,0,0,0
33,Schenectady County--Schenectady City PUMA,1153,832,321,1061,832,229,92,0,92,620,409,211,528,409,119,92,0,92,533,423,110,533,423,110,0,0,0,0,0,0,0,0,0,0,0,0
34,NYC-Brooklyn Community District 2--Brooklyn Heights & Fort Greene PUMA,1553,1232,321,1509,1232,277,44,0,44,1353,1032,321,1309,1032,277,44,0,44,200,200,0,200,200,0,0,0,0,0,0,0,0,0,0,0,0,0
35,"Steuben (North & West), Schuyler & Chemung (North) Counties PUMA",31,0,31,31,0,31,0,0,0,0,0,0,0,0,0,0,0,0,31,0,31,31,0,31,0,0,0,0,0,0,0,0,0,0,0,0
36,NYC-Brooklyn Community District 1--Greenpoint & Williamsburg PUMA,4026,2825,1201,3504,2303,1201,522,522,0,1940,1027,913,1880,967,913,60,60,0,1473,1185,288,1053,765,288,420,420,0,613,613,0,571,571,0,42,42,0
37,Suffolk County (Northwest)--Huntington Town (North) PUMA,413,266,147,413,266,147,0,0,0,413,266,147,413,266,147,0,0,0,0,0,0,0,0,0,0,0,0,0,0,0,0,0,0,0,0,0
38,Erie County (Northeast) PUMA,214,214,0,214,214,0,0,0,0,63,63,0,63,63,0,0,0,0,151,151,0,151,151,0,0,0,0,0,0,0,0,0,0,0,0,0
39,Monroe County (North & West) PUMA,365,68,297,365,68,297,0,0,0,102,0,102,102,0,102,0,0,0,263,68,195,263,68,195,0,0,0,0,0,0,0,0,0,0,0,0
40,Oneida County (Central)--Greater Utica & Rome Cities PUMA,2015,923,1092,1828,856,972,187,67,120,730,279,451,655,279,376,75,0,75,1046,525,521,934,458,476,112,67,45,239,119,120,239,119,120,0,0,0
41,"NYC-Brooklyn Community District 12--Borough Park, Kensington & Ocean Parkway PUMA",3579,2164,1415,2661,1569,1092,918,595,323,2023,1098,925,1700,1098,602,323,0,323,1134,688,446,539,93,446,595,595,0,422,378,44,422,378,44,0,0,0
42,Erie County (West Central)--Buffalo City (East) PUMA,468,468,0,308,308,0,160,160,0,53,53,0,53,53,0,0,0,0,369,369,0,209,209,0,160,160,0,46,46,0,46,46,0,0,0,0
43,Suffolk County (Northwest)--Smithtown Town PUMA,301,228,73,301,228,73,0,0,0,74,50,24,74,50,24,0,0,0,227,178,49,227,178,49,0,0,0,0,0,0,0,0,0,0,0,0
44,Nassau County (Northeast)--Oyster Bay Town (North) & Glen Cove City PUMA,2628,1325,1303,2628,1325,1303,0,0,0,1471,650,821,1471,650,821,0,0,0,536,300,236,536,300,236,0,0,0,621,375,246,621,375,246,0,0,0
45,NYC-Manhattan Community District 8--Upper East Side PUMA,8812,4280,4532,7902,3939,3963,910,341,569,8676,4280,4396,7766,3939,3827,910,341,569,136,0,136,136,0,136,0,0,0,0,0,0,0,0,0,0,0,0
46,Suffolk County (Southwest)--Islip Town (South) PUMA,585,346,239,585,346,239,0,0,0,276,276,0,276,276,0,0,0,0,0,0,0,0,0,0,0,0,0,309,70,239,309,70,239,0,0,0
47,"NYC-Brooklyn Community District 6--Park Slope, Carroll Gardens & Red Hook PUMA",4028,2579,1449,4028,2579,1449,0,0,0,3277,2097,1180,3277,2097,1180,0,0,0,751,482,269,751,482,269,0,0,0,0,0,0,0,0,0,0,0,0
48,Erie County (South) PUMA,548,338,210,548,338,210,0,0,0,432,222,210,432,222,210,0,0,0,116,116,0,116,116,0,0,0,0,0,0,0,0,0,0,0,0,0
49,Albany County (Outside Albany City) PUMA,1356,934,422,1230,808,422,126,126,0,890,535,355,890,535,355,0,0,0,340,273,67,340,273,67,0,0,0,126,126,0,0,0,0,126,126,0
50,NYC-Staten Island Community District 2--New Springville & South Beach PUMA,6845,4370,2475,6031,4073,1958,814,297,517,3288,1933,1355,3012,1933,1079,276,0,276,2901,2007,894,2363,1710,653,538,297,241,656,430,226,656,430,226,0,0,0
51,Erie County (North Central) PUMA,1197,362,835,1001,272,729,196,90,106,1019,290,729,929,200,729,90,90,0,178,72,106,72,72,0,106,0,106,0,0,0,0,0,0,0,0,0
52,"NYC-Staten Island Community District 3--Tottenville, Great Kills & Annadale PUMA",9556,5702,3854,8952,5413,3539,604,289,315,5165,2793,2372,4561,2504,2057,604,289,315,4302,2820,1482,4302,2820,1482,0,0,0,89,89,0,89,89,0,0,0,0
53,"NYC-Manhattan Community District 12--Washington Heights, Inwood & Marble Hill PUMA",2016,953,1063,1884,821,1063,132,132,0,1505,591,914,1373,459,914,132,132,0,511,362,149,511,362,149,0,0,0,0,0,0,0,0,0,0,0,0
54,NYC-Manhattan Community District 7--Upper West Side & West Side PUMA,5844,2903,2941,5844,2903,2941,0,0,0,4241,2157,2084,4241,2157,2084,0,0,0,1488,631,857,1488,631,857,0,0,0,115,115,0,115,115,0,0,0,0
55,"NYC-Queens Community District 5--Ridgewood, Glendale & Middle Village PUMA",12057,7651,4406,11614,7465,4149,443,186,257,4054,1591,2463,3871,1518,2353,183,73,110,7272,5409,1863,7012,5296,1716,260,113,147,731,651,80,731,651,80,0,0,0
56,"NYC-Brooklyn Community District 15--Sheepshead Bay, Gerritsen Beach & Homecrest PUMA",14971,7614,7357,13829,6715,7114,1142,899,243,9763,4428,5335,9503,4230,5273,260,198,62,4778,2789,1989,4115,2307,1808,663,482,181,430,397,33,211,178,33,219,219,0
57,"NYC-Queens Community District 12--Jamaica, Hollis & St. Albans PUMA",240,92,148,92,92,0,148,0,148,0,0,0,0,0,0,0,0,0,240,92,148,92,92,0,148,0,148,0,0,0,0,0,0,0,0,0
58,Suffolk County (North Central)--Brookhaven Town (North) PUMA,1401,831,570,1401,831,570,0,0,0,1286,831,455,1286,831,455,0,0,0,115,0,115,115,0,115,0,0,0,0,0,0,0,0,0,0,0,0
59,Albany County (East Central)--Albany City PUMA,388,50,338,338,0,338,50,50,0,79,0,79,79,0,79,0,0,0,309,50,259,259,0,259,50,50,0,0,0,0,0,0,0,0,0,0
60,NYC-Manhattan Community District 3--Chinatown & Lower East Side PUMA,1923,1028,895,1923,1028,895,0,0,0,1600,893,707,1600,893,707,0,0,0,323,135,188,323,135,188,0,0,0,0,0,0,0,0,0,0,0,0
61,Rensselaer County--Troy City PUMA,631,631,0,543,543,0,88,88,0,182,182,0,94,94,0,88,88,0,449,449,0,449,449,0,0,0,0,0,0,0,0,0,0,0,0,0
62,Warren & Washington Counties PUMA,530,256,274,530,256,274,0,0,0,290,117,173,290,117,173,0,0,0,176,75,101,176,75,101,0,0,0,64,64,0,64,64,0,0,0,0
63,Orange County (Northeast)--Greater Newburgh City PUMA,498,360,138,498,360,138,0,0,0,210,145,65,210,145,65,0,0,0,73,0,73,73,0,73,0,0,0,215,215,0,215,215,0,0,0,0
64,"Rockland County (South)--Orangetown, Clarkstown (South) & Ramapo (Southeast) Towns PUMA",445,79,366,445,79,366,0,0,0,179,0,179,179,0,179,0,0,0,187,0,187,187,0,187,0,0,0,79,79,0,79,79,0,0,0,0
65,Fulton & Montgomery Counties PUMA,127,0,127,127,0,127,0,0,0,0,0,0,0,0,0,0,0,0,127,0,127,127,0,127,0,0,0,0,0,0,0,0,0,0,0,0
66,NYC-Brooklyn Community District 11--Bensonhurst & Bath Beach PUMA,10524,5705,4819,8515,4313,4202,2009,1392,617,6810,3488,3322,5828,2805,3023,982,683,299,3094,1724,1370,2176,1124,1052,918,600,318,620,493,127,511,384,127,109,109,0
67,Monroe County (Central)--Rochester City (East) PUMA,0,0,0,0,0,0,0,0,0,0,0,0,0,0,0,0,0,0,0,0,0,0,0,0,0,0,0,0,0,0,0,0,0,0,0,0
68,Chautauqua County PUMA,271,203,68,271,203,68,0,0,0,68,0,68,68,0,68,0,0,0,203,203,0,203,203,0,0,0,0,0,0,0,0,0,0,0,0,0
69,Nassau County (Northwest)--North Hempstead Town (North) PUMA,2745,1495,1250,2499,1288,1211,246,207,39,1396,602,794,1295,540,755,101,62,39,1291,855,436,1146,710,436,145,145,0,58,38,20,58,38,20,0,0,0
70,"Clinton, Franklin, Essex & Hamilton Counties PUMA",272,107,165,272,107,165,0,0,0,63,38,25,63,38,25,0,0,0,117,24,93,117,24,93,0,0,0,92,45,47,92,45,47,0,0,0
71,NYC-Queens Community District 6--Forest Hills & Rego Park PUMA,5931,3678,2253,5458,3205,2253,473,473,0,3531,2192,1339,3531,2192,1339,0,0,0,2090,1176,914,1617,703,914,473,473,0,310,310,0,310,310,0,0,0,0
72,Monroe County (Central)--Rochester City (West) PUMA,0,0,0,0,0,0,0,0,0,0,0,0,0,0,0,0,0,0,0,0,0,0,0,0,0,0,0,0,0,0,0,0,0,0,0,0
73,Orange County (Southeast) PUMA,904,581,323,904,581,323,0,0,0,390,351,39,390,351,39,0,0,0,475,191,284,475,191,284,0,0,0,39,39,0,39,39,0,0,0,0
74,Rockland County (North)--New City & Congers PUMA,383,301,82,383,301,82,0,0,0,187,105,82,187,105,82,0,0,0,196,196,0,196,196,0,0,0,0,0,0,0,0,0,0,0,0,0
75,Westchester County (Southeast) PUMA,3492,2504,988,3492,2504,988,0,0,0,2860,2075,785,2860,2075,785,0,0,0,354,354,0,354,354,0,0,0,0,278,75,203,278,75,203,0,0,0
76,"NYC-Manhattan Community District 9--Hamilton Heights, Manhattanville & West Harlem PUMA",1769,575,1194,1716,575,1141,53,0,53,973,199,774,973,199,774,0,0,0,796,376,420,743,376,367,53,0,53,0,0,0,0,0,0,0,0,0
77,Nassau County (Southwest)--Hempstead Town (Southwest) & Long Beach City PUMA,886,336,550,886,336,550,0,0,0,568,178,390,568,178,390,0,0,0,303,143,160,303,143,160,0,0,0,15,15,0,15,15,0,0,0,0
78,NYC-Queens Community District 2--Sunnyside & Woodside PUMA,4237,2811,1426,4029,2603,1426,208,208,0,3018,1834,1184,2938,1754,1184,80,80,0,992,924,68,917,849,68,75,75,0,227,53,174,174,0,174,53,53,0
79,"NYC-Bronx Community District 11--Pelham Parkway, Morris Park & Laconia PUMA",3289,1946,1343,3205,1862,1343,84,84,0,1135,500,635,1135,500,635,0,0,0,2028,1320,708,2028,1320,708,0,0,0,126,126,0,42,42,0,84,84,0
80,Onondaga County (Central)--Syracuse City (Outer) PUMA,1059,794,265,986,721,265,73,73,0,442,289,153,369,216,153,73,73,0,474,434,40,474,434,40,0,0,0,143,71,72,143,71,72,0,0,0
81,Wayne & Seneca Counties PUMA,0,0,0,0,0,0,0,0,0,0,0,0,0,0,0,0,0,0,0,0,0,0,0,0,0,0,0,0,0,0,0,0,0,0,0,0
82,"NYC-Bronx Community District 7--Bedford Park, Fordham North & Norwood PUMA",716,716,0,283,283,0,433,433,0,283,283,0,283,283,0,0,0,0,268,268,0,0,0,0,268,268,0,165,165,0,0,0,0,165,165,0
83,Nassau County (West Central)--Hempstead Town (Northwest) PUMA,940,853,87,940,853,87,0,0,0,474,474,0,474,474,0,0,0,0,466,379,87,466,379,87,0,0,0,0,0,0,0,0,0,0,0,0
84,NYC-Brooklyn Community District 18--Canarsie & Flatlands PUMA,3216,1571,1645,3216,1571,1645,0,0,0,1546,628,918,1546,628,918,0,0,0,1369,943,426,1369,943,426,0,0,0,301,0,301,301,0,301,0,0,0
85,"NYC-Bronx Community District 12--Wakefield, Williamsbridge & Woodlawn PUMA",317,317,0,317,317,0,0,0,0,84,84,0,84,84,0,0,0,0,233,233,0,233,233,0,0,0,0,0,0,0,0,0,0,0,0,0
86,Suffolk County (South Central)--Brookhaven Town (South) PUMA,943,875,68,943,875,68,0,0,0,216,180,36,216,180,36,0,0,0,611,579,32,611,579,32,0,0,0,116,116,0,116,116,0,0,0,0
87,NYC-Queens Community District 4--Elmhurst & South Corona PUMA,1749,1051,698,1282,584,698,467,467,0,880,267,613,613,0,613,267,267,0,869,784,85,669,584,85,200,200,0,0,0,0,0,0,0,0,0,0
88,Livingston & Wyoming Counties PUMA,132,63,69,132,63,69,0,0,0,20,20,0,20,20,0,0,0,0,112,43,69,112,43,69,0,0,0,0,0,0,0,0,0,0,0,0
89,"NYC-Bronx Community District 10--Co-op City, Pelham Bay & Schuylerville PUMA",2033,1295,738,1821,1083,738,212,212,0,685,159,526,685,159,526,0,0,0,1059,847,212,1059,847,212,0,0,0,289,289,0,77,77,0,212,212,0
90,Cattaraugus & Allegany Counties PUMA,26,0,26,26,0,26,0,0,0,26,0,26,26,0,26,0,0,0,0,0,0,0,0,0,0,0,0,0,0,0,0,0,0,0,0,0
91,Herkimer (North & Central) & Oneida (Outer) Counties PUMA,302,179,123,302,179,123,0,0,0,161,161,0,161,161,0,0,0,0,141,18,123,141,18,123,0,0,0,0,0,0,0,0,0,0,0,0
92,Orange County (Northwest) PUMA,949,627,322,949,627,322,0,0,0,417,169,248,417,169,248,0,0,0,388,314,74,388,314,74,0,0,0,144,144,0,144,144,0,0,0,0
93,Columbia & Greene Counties PUMA,91,91,0,64,64,0,27,27,0,64,64,0,64,64,0,0,0,0,27,27,0,0,0,0,27,27,0,0,0,0,0,0,0,0,0,0
94,Suffolk County (East) PUMA,1728,1183,545,1728,1183,545,0,0,0,672,377,295,672,377,295,0,0,0,978,806,172,978,806,172,0,0,0,78,0,78,78,0,78,0,0,0
95,Monroe County (East) PUMA,1410,743,667,1410,743,667,0,0,0,523,328,195,523,328,195,0,0,0,774,302,472,774,302,472,0,0,0,113,113,0,113,113,0,0,0,0
96,Sullivan & Ulster (West) Counties PUMA,1105,549,556,814,338,476,291,211,80,621,145,476,541,145,396,80,0,80,484,404,80,273,193,80,211,211,0,0,0,0,0,0,0,0,0,0
97,Cayuga & Onondaga (South) Counties PUMA,0,0,0,0,0,0,0,0,0,0,0,0,0,0,0,0,0,0,0,0,0,0,0,0,0,0,0,0,0,0,0,0,0,0,0,0
98,"NYC-Bronx Community District 1 & 2--Hunts Point, Longwood & Melrose PUMA",0,0,0,0,0,0,0,0,0,0,0,0,0,0,0,0,0,0,0,0,0,0,0,0,0,0,0,0,0,0,0,0,0,0,0,0
99,Suffolk County (Southwest)--Babylon Town (Southeast) PUMA,1616,855,761,1443,682,761,173,173,0,679,280,399,679,280,399,0,0,0,552,291,261,379,118,261,173,173,0,385,284,101,385,284,101,0,0,0
100,Onondaga County (Central)--Syracuse City PUMA,717,578,139,591,452,139,126,126,0,497,452,45,497,452,45,0,0,0,220,126,94,94,0,94,126,126,0,0,0,0,0,0,0,0,0,0
101,Ulster County (East) PUMA,292,292,0,150,150,0,142,142,0,41,41,0,41,41,0,0,0,0,251,251,0,109,109,0,142,142,0,0,0,0,0,0,0,0,0,0
102,NYC-Queens Community District 9--Richmond Hill & Woodhaven PUMA,1924,1386,538,1290,843,447,634,543,91,691,516,175,607,432,175,84,84,0,1233,870,363,683,411,272,550,459,91,0,0,0,0,0,0,0,0,0
103,NYC-Brooklyn Community District 13--Brighton Beach & Coney Island PUMA,9386,5343,4043,8564,4605,3959,822,738,84,5449,2609,2840,5126,2286,2840,323,323,0,2947,1825,1122,2863,1825,1038,84,0,84,990,909,81,575,494,81,415,415,0
104,Broome County (West Central)--Greater Binghamton City & Greater Johnson City Village PUMA,1040,777,263,718,507,211,322,270,52,530,319,211,530,319,211,0,0,0,409,357,52,87,87,0,322,270,52,101,101,0,101,101,0,0,0,0
105,Nassau County (South Central)--Hempstead Town (Southeast) PUMA,1455,848,607,1455,848,607,0,0,0,758,341,417,758,341,417,0,0,0,697,507,190,697,507,190,0,0,0,0,0,0,0,0,0,0,0,0
106,Saratoga County (Outer) PUMA,251,124,127,251,124,127,0,0,0,127,0,127,127,0,127,0,0,0,124,124,0,124,124,0,0,0,0,0,0,0,0,0,0,0,0,0
107,"NYC-Manhattan Community District 4 & 5--Chelsea, Clinton & Midtown Business District PUMA",5102,3475,1627,5038,3411,1627,64,64,0,4226,2659,1567,4226,2659,1567,0,0,0,876,816,60,812,752,60,64,64,0,0,0,0,0,0,0,0,0,0
108,NYC-Brooklyn Community District 4--Bushwick PUMA,553,207,346,553,207,346,0,0,0,186,0,186,186,0,186,0,0,0,367,207,160,367,207,160,0,0,0,0,0,0,0,0,0,0,0,0
109,Suffolk County (Central)--Islip Town (East) PUMA,143,70,73,143,70,73,0,0,0,70,70,0,70,70,0,0,0,0,73,0,73,73,0,73,0,0,0,0,0,0,0,0,0,0,0,0
110,Westchester County (Southwest)--Yonkers City PUMA,3769,1835,1934,3438,1604,1834,331,231,100,2082,992,1090,1933,843,1090,149,149,0,1433,722,711,1333,722,611,100,0,100,254,121,133,172,39,133,82,82,0
111,Nassau County (West Central)--North Hempstead Town (South) PUMA,1893,909,984,1893,909,984,0,0,0,1233,417,816,1233,417,816,0,0,0,319,151,168,319,151,168,0,0,0,341,341,0,341,341,0,0,0,0
112,"NYC-Queens Community District 8--Briarwood, Fresh Meadows & Hillcrest PUMA",4251,2523,1728,4008,2348,1660,243,175,68,2065,1023,1042,2065,1023,1042,0,0,0,2007,1388,619,1764,1213,551,243,175,68,179,112,67,179,112,67,0,0,0
113,Jefferson & Lewis Counties PUMA,163,0,163,115,0,115,48,0,48,0,0,0,0,0,0,0,0,0,163,0,163,115,0,115,48,0,48,0,0,0,0,0,0,0,0,0
114,Suffolk County (Central)--Brookhaven Town (West Central) PUMA,851,362,489,785,362,423,66,0,66,498,75,423,498,75,423,0,0,0,353,287,66,287,287,0,66,0,66,0,0,0,0,0,0,0,0,0
115,Suffolk County (Northwest)--Huntington Town (South) PUMA,679,539,140,679,539,140,0,0,0,147,67,80,147,67,80,0,0,0,459,399,60,459,399,60,0,0,0,73,73,0,73,73,0,0,0,0
116,NYC-Brooklyn Community District 16--Brownsville & Ocean Hill PUMA,0,0,0,0,0,0,0,0,0,0,0,0,0,0,0,0,0,0,0,0,0,0,0,0,0,0,0,0,0,0,0,0,0,0,0,0
117,"NYC-Staten Island Community District 1--Port Richmond, Stapleton & Mariner's Harbor PUMA",3613,2402,1211,3317,2363,954,296,39,257,1677,1098,579,1381,1059,322,296,39,257,1726,1177,549,1726,1177,549,0,0,0,210,127,83,210,127,83,0,0,0
118,Chemung (South) & Steuben (East) Counties--Greater Elmira & Greater Corning Cities PUMA,173,124,49,173,124,49,0,0,0,59,59,0,59,59,0,0,0,0,114,65,49,114,65,49,0,0,0,0,0,0,0,0,0,0,0,0
119,Monroe County (Central)--Greece & Gates Towns PUMA,920,462,458,920,462,458,0,0,0,77,0,77,77,0,77,0,0,0,690,309,381,690,309,381,0,0,0,153,153,0,153,153,0,0,0,0
120,NYC-Queens Community District 3--Jackson Heights & North Corona PUMA,2136,1573,563,1745,1182,563,391,391,0,1213,650,563,1213,650,563,0,0,0,466,466,0,466,466,0,0,0,0,457,457,0,66,66,0,391,391,0
121,"NYC-Queens Community District 14--Far Rockaway, Breezy Point & Broad Channel PUMA",525,242,283,525,242,283,0,0,0,365,82,283,365,82,283,0,0,0,160,160,0,160,160,0,0,0,0,0,0,0,0,0,0,0,0,0
122,NYC-Brooklyn Community District 10--Bay Ridge & Dyker Heights PUMA,7236,4696,2540,5751,3382,2369,1485,1314,171,4082,2509,1573,3911,2509,1402,171,0,171,2788,1821,967,1607,640,967,1181,1181,0,366,366,0,233,233,0,133,133,0
123,Broome (Outer West) & Tioga Counties PUMA,271,168,103,168,168,0,103,0,103,78,78,0,78,78,0,0,0,0,193,90,103,90,90,0,103,0,103,0,0,0,0,0,0,0,0,0
124,Putnam County PUMA,1637,805,832,1637,805,832,0,0,0,586,358,228,586,358,228,0,0,0,794,190,604,794,190,604,0,0,0,257,257,0,257,257,0,0,0,0
125,"NYC-Brooklyn Community District 17--East Flatbush, Farragut & Rugby PUMA",124,124,0,124,124,0,0,0,0,31,31,0,31,31,0,0,0,0,93,93,0,93,93,0,0,0,0,0,0,0,0,0,0,0,0,0
126,"NYC-Queens Community District 11--Bayside, Douglaston & Little Neck PUMA",3041,1594,1447,2929,1542,1387,112,52,60,1162,700,462,1110,648,462,52,52,0,1780,832,948,1720,832,888,60,0,60,99,62,37,99,62,37,0,0,0
127,Nassau County (Central)--Hempstead Town (Northeast) PUMA,1747,884,863,1747,884,863,0,0,0,756,417,339,756,417,339,0,0,0,681,467,214,681,467,214,0,0,0,310,0,310,310,0,310,0,0,0
128,Suffolk County (Central)--Brookhaven Town (Central) PUMA,1666,1085,581,1090,666,424,576,419,157,733,284,449,576,284,292,157,0,157,551,419,132,132,0,132,419,419,0,382,382,0,382,382,0,0,0,0
129,NYC-Manhattan Community District 10--Central Harlem PUMA,1147,449,698,1147,449,698,0,0,0,1147,449,698,1147,449,698,0,0,0,0,0,0,0,0,0,0,0,0,0,0,0,0,0,0,0,0,0
130,"NYC-Bronx Community District 5--Morris Heights, Fordham South & Mount Hope PUMA",0,0,0,0,0,0,0,0,0,0,0,0,0,0,0,0,0,0,0,0,0,0,0,0,0,0,0,0,0,0,0,0,0,0,0,0
131,NYC-Manhattan Community District 11--East Harlem PUMA,1096,567,529,1096,567,529,0,0,0,964,567,397,964,567,397,0,0,0,132,0,132,132,0,132,0,0,0,0,0,0,0,0,0,0,0,0
132,Westchester County (Northwest) PUMA,2208,1234,974,2208,1234,974,0,0,0,1456,834,622,1456,834,622,0,0,0,752,400,352,752,400,352,0,0,0,0,0,0,0,0,0,0,0,0
133,Onondaga County (North) PUMA,858,646,212,858,646,212,0,0,0,713,501,212,713,501,212,0,0,0,81,81,0,81,81,0,0,0,0,64,64,0,64,64,0,0,0,0
134,NYC-Brooklyn Community District 8--Crown Heights North & Prospect Heights PUMA,1037,608,429,744,315,429,293,293,0,663,234,429,663,234,429,0,0,0,211,211,0,81,81,0,130,130,0,163,163,0,0,0,0,163,163,0
135,NYC-Brooklyn Community District 3--Bedford-Stuyvesant PUMA,1559,1396,163,1213,1050,163,346,346,0,721,558,163,721,558,163,0,0,0,749,749,0,403,403,0,346,346,0,89,89,0,89,89,0,0,0,0
136,Genesee & Orleans Counties PUMA,27,0,27,27,0,27,0,0,0,27,0,27,27,0,27,0,0,0,0,0,0,0,0,0,0,0,0,0,0,0,0,0,0,0,0,0
137,Westchester County (Central)--White Plains City PUMA,2288,1081,1207,2288,1081,1207,0,0,0,1835,897,938,1835,897,938,0,0,0,453,184,269,453,184,269,0,0,0,0,0,0,0,0,0,0,0,0
138,Saratoga County (South & Central) PUMA,1024,227,797,946,227,719,78,0,78,788,116,672,710,116,594,78,0,78,236,111,125,236,111,125,0,0,0,0,0,0,0,0,0,0,0,0
139,Monroe County (South) PUMA,1398,1093,305,1260,955,305,138,138,0,695,520,175,695,520,175,0,0,0,703,573,130,565,435,130,138,138,0,0,0,0,0,0,0,0,0,0
140,Suffolk County (Central)--Islip Town (Northwest) PUMA,411,189,222,411,189,222,0,0,0,279,189,90,279,189,90,0,0,0,132,0,132,132,0,132,0,0,0,0,0,0,0,0,0,0,0,0
141,St. Lawrence County PUMA,1016,208,808,954,160,794,62,48,14,934,160,774,934,160,774,0,0,0,34,0,34,20,0,20,14,0,14,48,48,0,0,0,0,48,48,0
142,Nassau County (West Central)--Hempstead Town (West Central) PUMA,884,453,431,884,453,431,0,0,0,665,297,368,665,297,368,0,0,0,156,156,0,156,156,0,0,0,0,63,0,63,63,0,63,0,0,0
143,Nassau County (Central)--Hempstead Town (North Central)--Meadowbrook Corridor PUMA,101,101,0,101,101,0,0,0,0,101,101,0,101,101,0,0,0,0,0,0,0,0,0,0,0,0,0,0,0,0,0,0,0,0,0,0
144,"NYC-Bronx Community District 9--Castle Hill, Clason Point & Parkchester PUMA",449,396,53,269,216,53,180,180,0,0,0,0,0,0,0,0,0,0,243,190,53,171,118,53,72,72,0,206,206,0,98,98,0,108,108,0
145,Nassau County (Southeast)--Oyster Bay Town (South) PUMA,221,153,68,221,153,68,0,0,0,87,87,0,87,87,0,0,0,0,134,66,68,134,66,68,0,0,0,0,0,0,0,0,0,0,0,0
146,Capital Region,5424,3145,2279,4963,2854,2109,461,291,170,3040,1423,1617,2782,1335,1447,258,88,170,2194,1532,662,2117,1455,662,77,77,0,190,190,0,64,64,0,126,126,0
147,Central NY,3363,2191,1172,3164,1992,1172,199,199,0,2295,1415,880,2222,1342,880,73,73,0,861,641,220,735,515,220,126,126,0,207,135,72,207,135,72,0,0,0
148,Finger Lakes,4517,2606,1911,4379,2468,1911,138,138,0,1621,1045,576,1621,1045,576,0,0,0,2542,1295,1247,2404,1157,1247,138,138,0,354,266,88,354,266,88,0,0,0
149,Long Island,27530,16136,11394,26407,15275,11132,1123,861,262,14645,7402,7243,14387,7340,7047,258,62,196,9838,6856,2982,9035,6119,2916,803,737,66,3047,1878,1169,2985,1816,1169,62,62,0
150,Mid-Hudson,24933,15627,9306,23282,14216,9066,1651,1411,240,13501,7783,5718,13168,7530,5638,333,253,80,9706,6641,3065,8508,5603,2905,1198,1038,160,1726,1203,523,1606,1083,523,120,120,0
151,Mohawk Valley,2806,1272,1534,2591,1177,1414,215,95,120,1022,487,535,947,487,460,75,0,75,1342,571,771,1202,476,726,140,95,45,442,214,228,442,214,228,0,0,0
152,New York City,189130,112586,76544,171084,99309,71775,18046,13277,4769,112760,59562,53198,106813,56623,50190,5947,2939,3008,66634,44853,21781,56894,36874,20020,9740,7979,1761,9736,8171,1565,7377,5812,1565,2359,2359,0
153,North Country,1451,315,1136,1341,267,1074,110,48,62,997,198,799,997,198,799,0,0,0,314,24,290,252,24,228,62,0,62,140,93,47,92,45,47,48,48,0
154,Southern Tier,2463,1615,848,1925,1345,580,538,270,268,1615,1002,613,1502,1002,500,113,0,113,747,512,235,322,242,80,425,270,155,101,101,0,101,101,0,0,0,0
155,Western NY,5452,2880,2572,4607,2322,2285,845,558,287,2654,890,1764,2489,725,1764,165,165,0,2555,1882,673,1875,1489,386,680,393,287,243,108,135,243,108,135,0,0,0
