,puma,Total_geo,Total_geo_m,Total_geo_f,Total_NP_mf_t,Total_NP_m,Total_NP_f,Total_P_mf_t,Total_P_m,Total_P_f,Total_BABS,Total_BABS_m,Total_BABS_f,BABS_NP_mf_t,BABS_NP_m,BABS_NP_f,BABS_P_mf_t,BABS_P_m,BABS_P_f,Total_HS,Total_HS_m,Total_HS_f,HS_NP_mf_t,HS_NP_m,HS_NP_f,HS_P_mf_t,HS_P_m,HS_P_f,Total_HSINC,Total_HSINC_m,Total_HSINC_f,HSINC_NP_mf_t,HSINC_NP_m,HSINC_NP_f,HSINC_P_mf_t,HSINC_P_m,HSINC_P_f
0,Total Geo,1237352,623034,614318,952743,489193,463550,284609,133841,150768,477072,216272,260800,418669,194121,224548,58403,22151,36252,564566,291174,273392,414710,218337,196373,149856,72837,77019,195714,115588,80126,119364,76735,42629,76350,38853,37497
1,NYC-Manhattan Community District 7--Upper West Side & West Side PUMA,7966,4337,3629,6200,3315,2885,1766,1022,744,5128,2537,2591,4871,2537,2334,257,0,257,2163,1612,551,1329,778,551,834,834,0,675,188,487,0,0,0,675,188,487
2,Nassau County (West Central)--Hempstead Town (Northwest) PUMA,11458,5206,6252,10450,4460,5990,1008,746,262,4357,1901,2456,3978,1710,2268,379,191,188,6757,2982,3775,6128,2427,3701,629,555,74,344,323,21,344,323,21,0,0,0
3,NYC-Brooklyn Community District 2--Brooklyn Heights & Fort Greene PUMA,6141,2517,3624,4495,2203,2292,1646,314,1332,3831,1881,1950,3368,1881,1487,463,0,463,1702,509,1193,1127,322,805,575,187,388,608,127,481,0,0,0,608,127,481
4,Madison & Cortland Counties PUMA,144,45,99,144,45,99,0,0,0,0,0,0,0,0,0,0,0,0,99,0,99,99,0,99,0,0,0,45,45,0,45,45,0,0,0,0
5,Ontario & Yates Counties PUMA,559,153,406,475,153,322,84,0,84,475,153,322,475,153,322,0,0,0,84,0,84,0,0,0,84,0,84,0,0,0,0,0,0,0,0,0
6,Monroe County (Central)--Greece & Gates Towns PUMA,1551,925,626,967,711,256,584,214,370,712,357,355,548,357,191,164,0,164,593,365,228,282,217,65,311,148,163,246,203,43,137,137,0,109,66,43
7,Nassau County (East Central)--Oyster Bay Town (Central) PUMA,10102,3870,6232,9816,3797,6019,286,73,213,6475,2463,4012,6262,2463,3799,213,0,213,3238,1211,2027,3238,1211,2027,0,0,0,389,196,193,316,123,193,73,73,0
8,"Clinton, Franklin, Essex & Hamilton Counties PUMA",686,252,434,529,199,330,157,53,104,89,0,89,89,0,89,0,0,0,339,199,140,235,199,36,104,0,104,258,53,205,205,0,205,53,53,0
9,NYC-Manhattan Community District 8--Upper East Side PUMA,12984,5388,7596,12151,5388,6763,833,0,833,11020,4678,6342,10351,4678,5673,669,0,669,1461,207,1254,1297,207,1090,164,0,164,503,503,0,503,503,0,0,0,0
10,Suffolk County (Southwest)--Islip Town (South) PUMA,4430,1515,2915,4404,1489,2915,26,26,0,2824,1113,1711,2824,1113,1711,0,0,0,580,389,191,554,363,191,26,26,0,1026,13,1013,1026,13,1013,0,0,0
11,Erie County (Northwest) PUMA,1511,669,842,1392,552,840,119,117,2,893,250,643,891,250,641,2,0,2,501,302,199,501,302,199,0,0,0,117,117,0,0,0,0,117,117,0
12,"NYC-Queens Community District 8--Briarwood, Fresh Meadows & Hillcrest PUMA",27658,13358,14300,24643,11980,12663,3015,1378,1637,14587,6356,8231,13466,5912,7554,1121,444,677,9978,5022,4956,8706,4452,4254,1272,570,702,3093,1980,1113,2471,1616,855,622,364,258
13,NYC-Brooklyn Community District 5--East New York & Starrett City PUMA,17412,8487,8925,12202,6577,5625,5210,1910,3300,3045,1777,1268,2184,1322,862,861,455,406,11049,5621,5428,8725,4818,3907,2324,803,1521,3318,1089,2229,1293,437,856,2025,652,1373
14,Rockland County (North)--New City & Congers PUMA,10021,5058,4963,8929,4577,4352,1092,481,611,2979,1228,1751,2979,1228,1751,0,0,0,4999,3047,1952,4426,2874,1552,573,173,400,2043,783,1260,1524,475,1049,519,308,211
15,"Otsego, Schoharie, Oneida (South) & Herkimer (South) Counties PUMA",487,263,224,202,79,123,285,184,101,326,109,217,184,61,123,142,48,94,113,106,7,0,0,0,113,106,7,48,48,0,18,18,0,30,30,0
16,NYC-Brooklyn Community District 7--Sunset Park & Windsor Terrace PUMA,13925,7721,6204,8113,4698,3415,5812,3023,2789,3820,2156,1664,2805,1562,1243,1015,594,421,6015,3166,2849,3594,2068,1526,2421,1098,1323,4090,2399,1691,1714,1068,646,2376,1331,1045
17,NYC-Brooklyn Community District 11--Bensonhurst & Bath Beach PUMA,22276,11496,10780,17104,8776,8328,5172,2720,2452,7807,3893,3914,6964,3463,3501,843,430,413,10852,5459,5393,7991,4028,3963,2861,1431,1430,3617,2144,1473,2149,1285,864,1468,859,609
18,Tompkins County PUMA,2440,866,1574,2278,839,1439,162,27,135,2153,855,1298,2039,828,1211,114,27,87,228,0,228,228,0,228,0,0,0,59,11,48,11,11,0,48,0,48
19,Dutchess County (Southwest) PUMA,6097,2997,3100,4813,2366,2447,1284,631,653,3299,1588,1711,2646,1293,1353,653,295,358,2072,683,1389,1549,455,1094,523,228,295,726,726,0,618,618,0,108,108,0
20,NYC-Queens Community District 9--Richmond Hill & Woodhaven PUMA,25992,13778,12214,20100,11152,8948,5892,2626,3266,9900,4753,5147,8336,4300,4036,1564,453,1111,13038,6950,6088,9517,5276,4241,3521,1674,1847,3054,2075,979,2247,1576,671,807,499,308
21,Westchester County (Northwest) PUMA,10405,5834,4571,7053,4237,2816,3352,1597,1755,2844,1031,1813,2844,1031,1813,0,0,0,5184,2795,2389,2514,1578,936,2670,1217,1453,2377,2008,369,1695,1628,67,682,380,302
22,Albany County (Outside Albany City) PUMA,5934,2585,3349,5306,2518,2788,628,67,561,3714,2185,1529,3647,2118,1529,67,67,0,1729,400,1329,1338,400,938,391,0,391,491,0,491,321,0,321,170,0,170
23,Monroe County (South) PUMA,5933,2984,2949,4688,2246,2442,1245,738,507,3825,1911,1914,3376,1562,1814,449,349,100,733,327,406,733,327,406,0,0,0,1375,746,629,579,357,222,796,389,407
24,Jefferson & Lewis Counties PUMA,2725,1378,1347,2436,1357,1079,289,21,268,1808,1108,700,1652,1087,565,156,21,135,917,270,647,784,270,514,133,0,133,0,0,0,0,0,0,0,0,0
25,"Chenango, Delaware & Broome (East) Counties PUMA",444,84,360,444,84,360,0,0,0,132,0,132,132,0,132,0,0,0,271,43,228,271,43,228,0,0,0,41,41,0,41,41,0,0,0,0
26,Erie County (Central) PUMA,1701,1093,608,1415,819,596,286,274,12,540,313,227,528,313,215,12,0,12,977,780,197,703,506,197,274,274,0,184,0,184,184,0,184,0,0,0
27,St. Lawrence County PUMA,648,275,373,457,227,230,191,48,143,241,196,45,193,148,45,48,48,0,322,79,243,253,79,174,69,0,69,85,0,85,11,0,11,74,0,74
28,"NYC-Manhattan Community District 9--Hamilton Heights, Manhattanville & West Harlem PUMA",16891,8216,8675,12717,6740,5977,4174,1476,2698,8053,3485,4568,6274,3033,3241,1779,452,1327,5332,2817,2515,4423,2505,1918,909,312,597,3506,1914,1592,2020,1202,818,1486,712,774
29,Suffolk County (North Central)--Brookhaven Town (North) PUMA,4125,1974,2151,4032,1974,2058,93,0,93,2544,1351,1193,2544,1351,1193,0,0,0,1231,273,958,1138,273,865,93,0,93,350,350,0,350,350,0,0,0,0
30,NYC-Brooklyn Community District 1--Greenpoint & Williamsburg PUMA,10469,4862,5607,8537,3988,4549,1932,874,1058,4118,1754,2364,3798,1699,2099,320,55,265,4496,2242,2254,2884,1423,1461,1612,819,793,1855,866,989,1855,866,989,0,0,0
31,Cayuga & Onondaga (South) Counties PUMA,974,659,315,752,437,315,222,222,0,456,293,163,456,293,163,0,0,0,366,366,0,144,144,0,222,222,0,152,0,152,152,0,152,0,0,0
32,Nassau County (Southeast)--Oyster Bay Town (South) PUMA,3363,1162,2201,3363,1162,2201,0,0,0,977,479,498,977,479,498,0,0,0,2386,683,1703,2386,683,1703,0,0,0,0,0,0,0,0,0,0,0,0
33,Fulton & Montgomery Counties PUMA,137,43,94,43,43,0,94,0,94,94,0,94,0,0,0,94,0,94,43,43,0,43,43,0,0,0,0,0,0,0,0,0,0,0,0,0
34,Onondaga County (Central)--Syracuse City (Outer) PUMA,2322,1340,982,2155,1173,982,167,167,0,1207,504,703,1207,504,703,0,0,0,787,508,279,787,508,279,0,0,0,328,328,0,161,161,0,167,167,0
35,NYC-Staten Island Community District 2--New Springville & South Beach PUMA,8700,4418,4282,6337,2992,3345,2363,1426,937,4608,1804,2804,4018,1731,2287,590,73,517,3527,2381,1146,1801,1075,726,1726,1306,420,565,233,332,518,186,332,47,47,0
36,Niagara County (Southwest)--Greater Niagara Falls & North Tonawanda Area PUMA,730,516,214,478,264,214,252,252,0,158,158,0,158,158,0,0,0,0,511,358,153,259,106,153,252,252,0,61,0,61,61,0,61,0,0,0
37,Suffolk County (Central)--Brookhaven Town (Central) PUMA,6451,3480,2971,5708,3480,2228,743,0,743,1326,583,743,1254,583,671,72,0,72,3241,1729,1512,2570,1729,841,671,0,671,1884,1168,716,1884,1168,716,0,0,0
38,"NYC-Bronx Community District 7--Bedford Park, Fordham North & Norwood PUMA",13303,6699,6604,9125,5244,3881,4178,1455,2723,2732,1500,1232,2271,1039,1232,461,461,0,7835,4070,3765,5743,3512,2231,2092,558,1534,2736,1129,1607,1111,693,418,1625,436,1189
39,NYC-Queens Community District 4--Elmhurst & South Corona PUMA,31680,17407,14273,22367,12577,9790,9313,4830,4483,10178,5589,4589,8593,4543,4050,1585,1046,539,16323,8484,7839,11349,6460,4889,4974,2024,2950,5179,3334,1845,2425,1574,851,2754,1760,994
40,"NYC-Brooklyn Community District 6--Park Slope, Carroll Gardens & Red Hook PUMA",4454,1400,3054,4354,1400,2954,100,0,100,3834,1043,2791,3794,1043,2751,40,0,40,41,41,0,41,41,0,0,0,0,579,316,263,519,316,203,60,0,60
41,Suffolk County (Central)--Islip Town (East) PUMA,2749,1295,1454,2142,976,1166,607,319,288,1789,811,978,1789,811,978,0,0,0,890,414,476,353,165,188,537,249,288,70,70,0,0,0,0,70,70,0
42,"NYC-Brooklyn Community District 9--Crown Heights South, Prospect Lefferts & Wingate PUMA",9470,4273,5197,7070,2673,4397,2400,1600,800,1950,316,1634,1809,175,1634,141,141,0,7231,3815,3416,5170,2498,2672,2061,1317,744,289,142,147,91,0,91,198,142,56
43,"NYC-Queens Community District 7--Flushing, Murray Hill & Whitestone PUMA",43348,21776,21572,33046,16970,16076,10302,4806,5496,16115,7462,8653,13708,6439,7269,2407,1023,1384,21727,11243,10484,16037,8310,7727,5690,2933,2757,5506,3071,2435,3301,2221,1080,2205,850,1355
44,NYC-Queens Community District 3--Jackson Heights & North Corona PUMA,39784,21912,17872,27463,15040,12423,12321,6872,5449,7524,3319,4205,6445,3014,3431,1079,305,774,24212,13001,11211,15937,8453,7484,8275,4548,3727,8048,5592,2456,5081,3573,1508,2967,2019,948
45,Saratoga County (Outer) PUMA,1842,879,963,1716,879,837,126,0,126,1686,879,807,1560,879,681,126,0,126,156,0,156,156,0,156,0,0,0,0,0,0,0,0,0,0,0,0
46,"NYC-Bronx Community District 12--Wakefield, Williamsbridge & Woodlawn PUMA",11388,5384,6004,7230,3649,3581,4158,1735,2423,3870,1940,1930,2956,1283,1673,914,657,257,5814,2636,3178,3220,1667,1553,2594,969,1625,1704,808,896,1054,699,355,650,109,541
47,"NYC-Brooklyn Community District 15--Sheepshead Bay, Gerritsen Beach & Homecrest PUMA",9443,4718,4725,8030,3731,4299,1413,987,426,3769,1591,2178,3599,1475,2124,170,116,54,4886,2674,2212,3793,1887,1906,1093,787,306,788,453,335,638,369,269,150,84,66
48,Wayne & Seneca Counties PUMA,392,0,392,319,0,319,73,0,73,216,0,216,216,0,216,0,0,0,176,0,176,103,0,103,73,0,73,0,0,0,0,0,0,0,0,0
49,Schenectady County--Schenectady City PUMA,4054,1720,2334,3494,1571,1923,560,149,411,2613,1157,1456,2431,1157,1274,182,0,182,1068,529,539,776,414,362,292,115,177,373,34,339,287,0,287,86,34,52
50,NYC-Brooklyn Community District 10--Bay Ridge & Dyker Heights PUMA,11127,4840,6287,8654,4113,4541,2473,727,1746,5664,2781,2883,5199,2729,2470,465,52,413,4557,1957,2600,3188,1332,1856,1369,625,744,906,102,804,267,52,215,639,50,589
51,Nassau County (Northwest)--North Hempstead Town (North) PUMA,7213,3383,3830,6450,3015,3435,763,368,395,4145,2015,2130,3481,1647,1834,664,368,296,2637,1368,1269,2538,1368,1170,99,0,99,431,0,431,431,0,431,0,0,0
52,Suffolk County (West Central)--Babylon Town (Northwest) PUMA,10893,6012,4881,9849,5663,4186,1044,349,695,2517,1020,1497,2517,1020,1497,0,0,0,6016,3615,2401,5295,3430,1865,721,185,536,2360,1377,983,2037,1213,824,323,164,159
53,"NYC-Manhattan Community District 4 & 5--Chelsea, Clinton & Midtown Business District PUMA",9966,6246,3720,8879,5843,3036,1087,403,684,6400,4313,2087,5645,4092,1553,755,221,534,3324,1691,1633,3174,1691,1483,150,0,150,242,242,0,60,60,0,182,182,0
54,Columbia & Greene Counties PUMA,737,378,359,596,338,258,141,40,101,245,93,152,199,93,106,46,0,46,340,234,106,248,197,51,92,37,55,152,51,101,149,48,101,3,3,0
55,Rensselaer County--Troy City PUMA,936,390,546,449,122,327,487,268,219,613,164,449,277,47,230,336,117,219,287,190,97,136,39,97,151,151,0,36,36,0,36,36,0,0,0,0
56,Erie County (West Central)--Buffalo City (West) PUMA,4442,2370,2072,2459,1393,1066,1983,977,1006,2078,814,1264,1218,497,721,860,317,543,1020,845,175,637,567,70,383,278,105,1344,711,633,604,329,275,740,382,358
57,Erie County (South) PUMA,796,106,690,756,106,650,40,0,40,796,106,690,756,106,650,40,0,40,0,0,0,0,0,0,0,0,0,0,0,0,0,0,0,0,0,0
58,Oneida County (Central)--Greater Utica & Rome Cities PUMA,3101,1369,1732,2539,1239,1300,562,130,432,1658,547,1111,1524,474,1050,134,73,61,1067,446,621,639,389,250,428,57,371,376,376,0,376,376,0,0,0,0
59,"NYC-Manhattan Community District 12--Washington Heights, Inwood & Marble Hill PUMA",31618,16960,14658,21629,12042,9587,9989,4918,5071,5733,2595,3138,3979,1730,2249,1754,865,889,17879,9118,8761,13845,7402,6443,4034,1716,2318,8006,5247,2759,3805,2910,895,4201,2337,1864
60,NYC-Brooklyn Community District 13--Brighton Beach & Coney Island PUMA,7505,3445,4060,4981,2591,2390,2524,854,1670,2629,1046,1583,2015,985,1030,614,61,553,3038,1333,1705,2116,934,1182,922,399,523,1838,1066,772,850,672,178,988,394,594
61,NYC-Manhattan Community District 10--Central Harlem PUMA,12710,6611,6099,8792,5425,3367,3918,1186,2732,4012,1824,2188,3615,1730,1885,397,94,303,5546,2981,2565,2961,1889,1072,2585,1092,1493,3152,1806,1346,2216,1806,410,936,0,936
62,Nassau County (West Central)--North Hempstead Town (South) PUMA,14135,7317,6818,12859,6411,6448,1276,906,370,7172,3023,4149,6969,2905,4064,203,118,85,5884,3659,2225,5102,3162,1940,782,497,285,1079,635,444,788,344,444,291,291,0
63,NYC-Brooklyn Community District 16--Brownsville & Ocean Hill PUMA,6280,2258,4022,3192,1225,1967,3088,1033,2055,1740,751,989,904,240,664,836,511,325,2709,854,1855,1314,599,715,1395,255,1140,1831,653,1178,974,386,588,857,267,590
64,Albany County (East Central)--Albany City PUMA,4901,1858,3043,4308,1536,2772,593,322,271,1760,929,831,1533,929,604,227,0,227,1602,642,960,1280,320,960,322,322,0,1539,287,1252,1495,287,1208,44,0,44
65,Nassau County (West Central)--Hempstead Town (West Central) PUMA,8914,4798,4116,7566,4037,3529,1348,761,587,3173,1451,1722,2705,1060,1645,468,391,77,4530,2348,2182,3867,2195,1672,663,153,510,1211,999,212,994,782,212,217,217,0
66,Chemung (South) & Steuben (East) Counties--Greater Elmira & Greater Corning Cities PUMA,1528,981,547,1483,981,502,45,0,45,1206,809,397,1206,809,397,0,0,0,322,172,150,277,172,105,45,0,45,0,0,0,0,0,0,0,0,0
67,"NYC-Bronx Community District 3 & 6--Belmont, Crotona Park East & East Tremont PUMA",15603,7393,8210,9496,4046,5450,6107,3347,2760,4231,1360,2871,3611,1252,2359,620,108,512,9081,4816,4265,4948,2281,2667,4133,2535,1598,2291,1217,1074,937,513,424,1354,704,650
68,"NYC-Bronx Community District 5--Morris Heights, Fordham South & Mount Hope PUMA",19763,9857,9906,11692,5729,5963,8071,4128,3943,3364,1430,1934,2246,1196,1050,1118,234,884,12382,6591,5791,7461,3594,3867,4921,2997,1924,4017,1836,2181,1985,939,1046,2032,897,1135
69,"NYC-Bronx Community District 8--Riverdale, Fieldston & Kingsbridge PUMA",11292,4664,6628,8830,3586,5244,2462,1078,1384,4248,1744,2504,3917,1640,2277,331,104,227,5077,2138,2939,3824,1803,2021,1253,335,918,1967,782,1185,1089,143,946,878,639,239
70,Erie County (Northeast) PUMA,765,359,406,752,346,406,13,13,0,752,346,406,752,346,406,0,0,0,13,13,0,0,0,0,13,13,0,0,0,0,0,0,0,0,0,0
71,NYC-Manhattan Community District 11--East Harlem PUMA,8109,4208,3901,5515,2522,2993,2594,1686,908,2980,1016,1964,2509,934,1575,471,82,389,3495,1920,1575,1679,397,1282,1816,1523,293,1634,1272,362,1327,1191,136,307,81,226
72,Orange County (Southeast) PUMA,3269,1559,1710,2635,1272,1363,634,287,347,1870,642,1228,1523,642,881,347,0,347,1191,767,424,904,480,424,287,287,0,208,150,58,208,150,58,0,0,0
73,Westchester County (Southeast) PUMA,12139,7370,4769,10273,6059,4214,1866,1311,555,4588,2230,2358,3849,1732,2117,739,498,241,3968,2196,1772,3570,1907,1663,398,289,109,3583,2944,639,2854,2420,434,729,524,205
74,NYC-Queens Community District 1--Astoria & Long Island City PUMA,21935,11449,10486,16546,8731,7815,5389,2718,2671,9801,5074,4727,7739,4152,3587,2062,922,1140,8114,3941,4173,6027,2656,3371,2087,1285,802,4020,2434,1586,2780,1923,857,1240,511,729
75,Livingston & Wyoming Counties PUMA,773,727,46,530,484,46,243,243,0,296,296,0,296,296,0,0,0,0,67,31,36,67,31,36,0,0,0,410,400,10,167,157,10,243,243,0
76,Suffolk County (Central)--Brookhaven Town (West Central) PUMA,4229,2244,1985,3501,2025,1476,728,219,509,1222,509,713,1110,434,676,112,75,37,2281,1280,1001,1733,1136,597,548,144,404,726,455,271,658,455,203,68,0,68
77,Westchester County (Southwest)--Yonkers City PUMA,23775,12322,11453,16955,8818,8137,6820,3504,3316,5662,1861,3801,5115,1763,3352,547,98,449,14012,8450,5562,8797,5204,3593,5215,3246,1969,4101,2011,2090,3043,1851,1192,1058,160,898
78,Erie County (North Central) PUMA,3877,1890,1987,2767,1319,1448,1110,571,539,3387,1624,1763,2336,1112,1224,1051,512,539,388,164,224,329,105,224,59,59,0,102,102,0,102,102,0,0,0,0
79,Saratoga County (South & Central) PUMA,2256,1510,746,2256,1510,746,0,0,0,2014,1324,690,2014,1324,690,0,0,0,242,186,56,242,186,56,0,0,0,0,0,0,0,0,0,0,0,0
80,Suffolk County (South Central)--Brookhaven Town (South) PUMA,6329,3167,3162,5986,3167,2819,343,0,343,1319,267,1052,1319,267,1052,0,0,0,3483,1940,1543,3140,1940,1200,343,0,343,1527,960,567,1527,960,567,0,0,0
81,"NYC-Staten Island Community District 3--Tottenville, Great Kills & Annadale PUMA",2637,1291,1346,2467,1291,1176,170,0,170,1614,812,802,1614,812,802,0,0,0,747,479,268,747,479,268,0,0,0,276,0,276,106,0,106,170,0,170
82,Herkimer (North & Central) & Oneida (Outer) Counties PUMA,609,355,254,420,192,228,189,163,26,330,192,138,304,192,112,26,0,26,172,56,116,116,0,116,56,56,0,107,107,0,0,0,0,107,107,0
83,Niagara County (North & East) PUMA,254,71,183,254,71,183,0,0,0,137,0,137,137,0,137,0,0,0,117,71,46,117,71,46,0,0,0,0,0,0,0,0,0,0,0,0
84,Monroe County (Central)--Rochester City (East) PUMA,2285,1207,1078,1588,1143,445,697,64,633,376,249,127,283,185,98,93,64,29,1464,958,506,1221,958,263,243,0,243,445,0,445,84,0,84,361,0,361
85,Warren & Washington Counties PUMA,621,62,559,149,62,87,472,0,472,589,62,527,117,62,55,472,0,472,0,0,0,0,0,0,0,0,0,32,0,32,32,0,32,0,0,0
86,Nassau County (Southwest)--Hempstead Town (Southwest) & Long Beach City PUMA,6011,3072,2939,4840,2326,2514,1171,746,425,2221,1286,935,1769,975,794,452,311,141,3048,1387,1661,2639,1262,1377,409,125,284,742,399,343,432,89,343,310,310,0
87,NYC-Brooklyn Community District 8--Crown Heights North & Prospect Heights PUMA,5168,2099,3069,3936,1525,2411,1232,574,658,2273,758,1515,1809,758,1051,464,0,464,2528,1099,1429,1909,674,1235,619,425,194,367,242,125,218,93,125,149,149,0
88,Onondaga County (Central)--Syracuse City PUMA,4621,2184,2437,2079,1381,698,2542,803,1739,1109,428,681,611,292,319,498,136,362,2442,1424,1018,1364,1023,341,1078,401,677,1070,332,738,104,66,38,966,266,700
89,Westchester County (Central)--White Plains City PUMA,16055,7350,8705,13840,6247,7593,2215,1103,1112,9778,3926,5852,8655,3557,5098,1123,369,754,4296,1796,2500,4100,1796,2304,196,0,196,1981,1628,353,1085,894,191,896,734,162
90,NYC-Brooklyn Community District 3--Bedford-Stuyvesant PUMA,6236,2257,3979,3765,1471,2294,2471,786,1685,1863,258,1605,1398,205,1193,465,53,412,3514,1613,1901,2088,1141,947,1426,472,954,859,386,473,279,125,154,580,261,319
91,"NYC-Bronx Community District 1 & 2--Hunts Point, Longwood & Melrose PUMA",14026,7471,6555,8013,4686,3327,6013,2785,3228,4089,1837,2252,2448,1038,1410,1641,799,842,6927,3840,3087,3918,2609,1309,3009,1231,1778,3010,1794,1216,1647,1039,608,1363,755,608
92,Cattaraugus & Allegany Counties PUMA,520,248,272,325,174,151,195,74,121,311,174,137,311,174,137,0,0,0,160,25,135,14,0,14,146,25,121,49,49,0,0,0,0,49,49,0
93,Oswego County PUMA,252,98,154,172,18,154,80,80,0,115,98,17,35,18,17,80,80,0,137,0,137,137,0,137,0,0,0,0,0,0,0,0,0,0,0,0
94,"NYC-Queens Community District 5--Ridgewood, Glendale & Middle Village PUMA",16310,8265,8045,11323,5848,5475,4987,2417,2570,6141,2256,3885,4807,1802,3005,1334,454,880,7482,3856,3626,5161,2992,2169,2321,864,1457,2687,2153,534,1355,1054,301,1332,1099,233
95,Monroe County (East) PUMA,2770,972,1798,2333,860,1473,437,112,325,1621,552,1069,1621,552,1069,0,0,0,1038,420,618,601,308,293,437,112,325,111,0,111,111,0,111,0,0,0
96,Westchester County (South Central)--New Rochelle & Mount Vernon Cities PUMA,11682,5530,6152,9812,4195,5617,1870,1335,535,4976,1709,3267,4976,1709,3267,0,0,0,5075,2460,2615,3830,1540,2290,1245,920,325,1631,1361,270,1006,946,60,625,415,210
97,"NYC-Queens Community District 14--Far Rockaway, Breezy Point & Broad Channel PUMA",6836,3499,3337,4743,2501,2242,2093,998,1095,2049,685,1364,1818,578,1240,231,107,124,1416,1120,296,1041,745,296,375,375,0,3371,1694,1677,1884,1178,706,1487,516,971
98,"NYC-Brooklyn Community District 12--Borough Park, Kensington & Ocean Parkway PUMA",10660,5890,4770,7182,3810,3372,3478,2080,1398,3726,1598,2128,2739,1243,1496,987,355,632,4336,2123,2213,2917,1380,1537,1419,743,676,2598,2169,429,1526,1187,339,1072,982,90
99,"NYC-Bronx Community District 10--Co-op City, Pelham Bay & Schuylerville PUMA",6961,3127,3834,5579,2230,3349,1382,897,485,2783,563,2220,2783,563,2220,0,0,0,3323,2030,1293,2381,1252,1129,942,778,164,855,534,321,415,415,0,440,119,321
100,"NYC-Queens Community District 11--Bayside, Douglaston & Little Neck PUMA",20014,8918,11096,17689,7649,10040,2325,1269,1056,11342,4322,7020,11042,4322,6720,300,0,300,7703,4054,3649,6082,2852,3230,1621,1202,419,969,542,427,565,475,90,404,67,337
101,"NYC-Manhattan Community District 6--Murray Hill, Gramercy & Stuyvesant Town PUMA",9380,6045,3335,8239,5304,2935,1141,741,400,8841,5671,3170,7808,4930,2878,1033,741,292,431,374,57,431,374,57,0,0,0,108,0,108,0,0,0,108,0,108
102,Chautauqua County PUMA,309,80,229,73,42,31,236,38,198,31,0,31,31,0,31,0,0,0,278,80,198,42,42,0,236,38,198,0,0,0,0,0,0,0,0,0
103,NYC-Brooklyn Community District 18--Canarsie & Flatlands PUMA,23057,11202,11855,17724,8952,8772,5333,2250,3083,7974,3084,4890,6942,2942,4000,1032,142,890,13735,7578,6157,9954,5667,4287,3781,1911,1870,1348,540,808,828,343,485,520,197,323
104,Erie County (West Central)--Buffalo City (East) PUMA,1794,1100,694,953,645,308,841,455,386,323,156,167,97,30,67,226,126,100,1243,787,456,785,615,170,458,172,286,228,157,71,71,0,71,157,157,0
105,Genesee & Orleans Counties PUMA,501,305,196,501,305,196,0,0,0,29,0,29,29,0,29,0,0,0,167,0,167,167,0,167,0,0,0,305,305,0,305,305,0,0,0,0
106,"NYC-Staten Island Community District 1--Port Richmond, Stapleton & Mariner's Harbor PUMA",12188,6024,6164,9431,4626,4805,2757,1398,1359,4804,2393,2411,4680,2393,2287,124,0,124,6376,3014,3362,4260,1842,2418,2116,1172,944,1008,617,391,491,391,100,517,226,291
107,"Steuben (North & West), Schuyler & Chemung (North) Counties PUMA",188,96,92,109,17,92,79,79,0,0,0,0,0,0,0,0,0,0,188,96,92,109,17,92,79,79,0,0,0,0,0,0,0,0,0,0
108,Nassau County (South Central)--Hempstead Town (Southeast) PUMA,4598,2130,2468,3179,1371,1808,1419,759,660,1448,416,1032,1181,349,832,267,67,200,1808,888,920,1335,654,681,473,234,239,1342,826,516,663,368,295,679,458,221
109,"NYC-Bronx Community District 9--Castle Hill, Clason Point & Parkchester PUMA",19658,8506,11152,13375,6744,6631,6283,1762,4521,3269,1837,1432,2875,1598,1277,394,239,155,11079,3595,7484,7378,2903,4475,3701,692,3009,5310,3074,2236,3122,2243,879,2188,831,1357
110,Suffolk County (East) PUMA,10190,6646,3544,8210,5815,2395,1980,831,1149,2466,1729,737,2217,1729,488,249,0,249,5926,3571,2355,5029,3277,1752,897,294,603,1798,1346,452,964,809,155,834,537,297
111,Orange County (Northwest) PUMA,4564,3105,1459,3784,2581,1203,780,524,256,1238,775,463,1133,775,358,105,0,105,3055,2116,939,2547,1702,845,508,414,94,271,214,57,104,104,0,167,110,57
112,Broome County (West Central)--Greater Binghamton City & Greater Johnson City Village PUMA,1903,748,1155,1033,432,601,870,316,554,1082,430,652,486,352,134,596,78,518,741,274,467,547,80,467,194,194,0,80,44,36,0,0,0,80,44,36
113,"NYC-Bronx Community District 11--Pelham Parkway, Morris Park & Laconia PUMA",12305,7386,4919,9882,5777,4105,2423,1609,814,3473,1555,1918,3404,1555,1849,69,0,69,6513,4090,2423,5307,3497,1810,1206,593,613,2319,1741,578,1171,725,446,1148,1016,132
114,Suffolk County (Northwest)--Smithtown Town PUMA,3284,1510,1774,3147,1510,1637,137,0,137,2476,979,1497,2339,979,1360,137,0,137,808,531,277,808,531,277,0,0,0,0,0,0,0,0,0,0,0,0
115,Ulster County (East) PUMA,2651,1120,1531,2078,821,1257,573,299,274,1134,358,776,1003,358,645,131,0,131,956,381,575,824,249,575,132,132,0,561,381,180,251,214,37,310,167,143
116,Westchester County (Northeast) PUMA,5645,2480,3165,4687,2126,2561,958,354,604,1717,828,889,1550,661,889,167,167,0,2630,544,2086,2216,544,1672,414,0,414,1298,1108,190,921,921,0,377,187,190
117,NYC-Brooklyn Community District 4--Bushwick PUMA,8525,4871,3654,5441,3461,1980,3084,1410,1674,1848,497,1351,1403,442,961,445,55,390,4911,3263,1648,3358,2456,902,1553,807,746,1766,1111,655,680,563,117,1086,548,538
118,NYC-Manhattan Community District 3--Chinatown & Lower East Side PUMA,11635,5615,6020,7337,3606,3731,4298,2009,2289,4348,2018,2330,3866,2018,1848,482,0,482,5185,2639,2546,3201,1390,1811,1984,1249,735,2102,958,1144,270,198,72,1832,760,1072
119,Dutchess County (North & East) PUMA,2304,1459,845,2261,1416,845,43,43,0,992,406,586,992,406,586,0,0,0,1219,960,259,1176,917,259,43,43,0,93,93,0,93,93,0,0,0,0
120,Nassau County (Central)--Hempstead Town (North Central)--Meadowbrook Corridor PUMA,14904,8482,6422,11793,6710,5083,3111,1772,1339,4098,2667,1431,3851,2420,1431,247,247,0,7326,3554,3772,6015,2779,3236,1311,775,536,3480,2261,1219,1927,1511,416,1553,750,803
121,Broome (Outer West) & Tioga Counties PUMA,577,295,282,577,295,282,0,0,0,426,154,272,426,154,272,0,0,0,151,141,10,151,141,10,0,0,0,0,0,0,0,0,0,0,0,0
122,"Rockland County (South)--Orangetown, Clarkstown (South) & Ramapo (Southeast) Towns PUMA",6993,4272,2721,6703,4272,2431,290,0,290,4659,2431,2228,4570,2431,2139,89,0,89,1647,1236,411,1446,1236,210,201,0,201,687,605,82,687,605,82,0,0,0
123,"NYC-Brooklyn Community District 17--East Flatbush, Farragut & Rugby PUMA",9337,3908,5429,6373,2943,3430,2964,965,1999,1546,524,1022,1031,379,652,515,145,370,6289,2663,3626,4522,2038,2484,1767,625,1142,1502,721,781,820,526,294,682,195,487
124,Orange County (Northeast)--Greater Newburgh City PUMA,4144,1644,2500,2827,1240,1587,1317,404,913,658,0,658,658,0,658,0,0,0,1889,920,969,1527,853,674,362,67,295,1597,724,873,642,387,255,955,337,618
125,"NYC-Manhattan Community District 1 & 2--Battery Park City, Greenwich Village & Soho PUMA",11257,5259,5998,10645,5065,5580,612,194,418,10245,4953,5292,9839,4759,5080,406,194,212,650,306,344,444,306,138,206,0,206,362,0,362,362,0,362,0,0,0
126,NYC-Queens Community District 6--Forest Hills & Rego Park PUMA,19374,8777,10597,17006,7685,9321,2368,1092,1276,12418,5646,6772,11467,5363,6104,951,283,668,6415,2901,3514,5176,2270,2906,1239,631,608,541,230,311,363,52,311,178,178,0
127,Onondaga County (North) PUMA,1440,431,1009,1440,431,1009,0,0,0,856,305,551,856,305,551,0,0,0,326,0,326,326,0,326,0,0,0,258,126,132,258,126,132,0,0,0
128,Nassau County (Northeast)--Oyster Bay Town (North) & Glen Cove City PUMA,8341,3982,4359,6919,3203,3716,1422,779,643,5300,2506,2794,5002,2241,2761,298,265,33,2362,958,1404,1796,912,884,566,46,520,679,518,161,121,50,71,558,468,90
129,Monroe County (North & West) PUMA,551,305,246,551,305,246,0,0,0,250,187,63,250,187,63,0,0,0,301,118,183,301,118,183,0,0,0,0,0,0,0,0,0,0,0,0
130,Sullivan & Ulster (West) Counties PUMA,1859,1479,380,1350,1068,282,509,411,98,467,333,134,467,333,134,0,0,0,719,473,246,621,473,148,98,0,98,673,673,0,262,262,0,411,411,0
131,Suffolk County (Southwest)--Babylon Town (Southeast) PUMA,3333,1338,1995,2919,1271,1648,414,67,347,742,263,479,742,263,479,0,0,0,1959,862,1097,1673,862,811,286,0,286,632,213,419,504,146,358,128,67,61
132,Suffolk County (Northwest)--Huntington Town (North) PUMA,6448,2842,3606,4115,1902,2213,2333,940,1393,1709,900,809,1225,824,401,484,76,408,2973,975,1998,2189,830,1359,784,145,639,1766,967,799,701,248,453,1065,719,346
133,"NYC-Queens Community District 12--Jamaica, Hollis & St. Albans PUMA",22950,12434,10516,15870,9474,6396,7080,2960,4120,7653,3923,3730,6571,3474,3097,1082,449,633,11124,5993,5131,7262,4177,3085,3862,1816,2046,4173,2518,1655,2037,1823,214,2136,695,1441
134,"NYC-Queens Community District 13--Queens Village, Cambria Heights & Rosedale PUMA",22907,10238,12669,20466,9025,11441,2441,1213,1228,9713,3840,5873,9054,3611,5443,659,229,430,11839,5766,6073,10433,5059,5374,1406,707,699,1355,632,723,979,355,624,376,277,99
135,Monroe County (Central)--Rochester City (West) PUMA,1800,1230,570,1029,778,251,771,452,319,197,55,142,197,55,142,0,0,0,1123,909,214,606,497,109,517,412,105,480,266,214,226,226,0,254,40,214
136,NYC-Queens Community District 10--Howard Beach & Ozone Park PUMA,15949,8772,7177,13384,7474,5910,2565,1298,1267,5360,2926,2434,4783,2596,2187,577,330,247,7391,3796,3595,6263,3320,2943,1128,476,652,3198,2050,1148,2338,1558,780,860,492,368
137,Suffolk County (Central)--Islip Town (Northwest) PUMA,16639,10003,6636,14653,8738,5915,1986,1265,721,2320,1354,966,2241,1305,936,79,49,30,8366,4952,3414,7136,4180,2956,1230,772,458,5953,3697,2256,5276,3253,2023,677,444,233
138,Putnam County PUMA,3066,1884,1182,2308,1261,1047,758,623,135,807,453,354,807,453,354,0,0,0,1794,1129,665,1036,506,530,758,623,135,465,302,163,465,302,163,0,0,0
139,NYC-Queens Community District 2--Sunnyside & Woodside PUMA,29127,15356,13771,22861,12385,10476,6266,2971,3295,11489,5350,6139,9657,4595,5062,1832,755,1077,13559,7648,5911,10394,5977,4417,3165,1671,1494,4079,2358,1721,2810,1813,997,1269,545,724
140,Nassau County (Central)--Hempstead Town (East Central) PUMA,2328,1122,1206,2185,979,1206,143,143,0,1482,659,823,1482,659,823,0,0,0,742,463,279,599,320,279,143,143,0,104,0,104,104,0,104,0,0,0
141,Suffolk County (Northwest)--Huntington Town (South) PUMA,4831,2070,2761,4331,1828,2503,500,242,258,2697,928,1769,2473,829,1644,224,99,125,1851,859,992,1575,716,859,276,143,133,283,283,0,283,283,0,0,0,0
142,"NYC-Bronx Community District 4--Concourse, Highbridge & Mount Eden PUMA",21015,10494,10521,13152,7485,5667,7863,3009,4854,4632,2191,2441,3080,2073,1007,1552,118,1434,11510,5579,5931,7051,3684,3367,4459,1895,2564,4873,2724,2149,3021,1728,1293,1852,996,856
143,Nassau County (Central)--Hempstead Town (Northeast) PUMA,8996,5194,3802,8888,5086,3802,108,108,0,2786,987,1799,2678,879,1799,108,108,0,4156,2306,1850,4156,2306,1850,0,0,0,2054,1901,153,2054,1901,153,0,0,0
144,NYC-Brooklyn Community District 14--Flatbush & Midwood PUMA,14958,7788,7170,9605,5305,4300,5353,2483,2870,4220,2341,1879,3237,1734,1503,983,607,376,8037,3908,4129,5012,2743,2269,3025,1165,1860,2701,1539,1162,1356,828,528,1345,711,634
145,"Rockland County (West)--Spring Valley, Suffern Villages & Monsey PUMA",6406,3733,2673,3981,2253,1728,2425,1480,945,1490,685,805,1145,403,742,345,282,63,4068,2450,1618,2570,1693,877,1498,757,741,848,598,250,266,157,109,582,441,141
146,Capital Region,21281,9382,11899,18274,8536,9738,3007,846,2161,13234,6793,6441,11778,6609,5169,1456,184,1272,5424,2181,3243,4176,1556,2620,1248,625,623,2623,408,2215,2320,371,1949,303,37,266
147,Central NY,9753,4757,4996,6742,3485,3257,3011,1272,1739,3743,1628,2115,3165,1412,1753,578,216,362,4157,2298,1859,2857,1675,1182,1300,623,677,1853,831,1022,720,398,322,1133,433,700
148,Finger Lakes,17115,8808,8307,12981,6985,5996,4134,1823,2311,7997,3760,4237,7291,3347,3944,706,413,293,5746,3128,2618,4081,2456,1625,1665,672,993,3372,1920,1452,1609,1182,427,1763,738,1025
149,Long Island,184294,93814,90480,161305,82395,78910,22989,11419,11570,69585,31660,37925,64929,29295,35634,4656,2365,2291,84479,43197,41282,72992,38711,34281,11487,4486,7001,30230,18957,11273,23384,14389,8995,6846,4568,2278
150,Mid-Hudson,131075,69196,61879,104289,54809,49480,26786,14387,12399,49158,20484,28674,44912,18775,26137,4246,1709,2537,58774,32403,26371,43653,24007,19646,15121,8396,6725,23143,16309,6834,15724,12027,3697,7419,4282,3137
151,Mohawk Valley,4334,2030,2304,3204,1553,1651,1130,477,653,2408,848,1560,2012,727,1285,396,121,275,1395,651,744,798,432,366,597,219,378,531,531,0,394,394,0,137,137,0
152,New York City,841662,421570,420092,624978,321268,303710,216684,100302,116382,314404,143606,170798,271144,127592,143552,43260,16014,27246,395904,202617,193287,279911,146185,133726,115993,56432,59561,131354,75347,56007,73923,47491,26432,57431,27856,29575
153,North Country,4059,1905,2154,3422,1783,1639,637,122,515,2138,1304,834,1934,1235,699,204,69,135,1578,548,1030,1272,548,724,306,0,306,343,53,290,216,0,216,127,53,74
154,Southern Tier,7080,3070,4010,5924,2648,3276,1156,422,734,4999,2248,2751,4289,2143,2146,710,105,605,1901,726,1175,1583,453,1130,318,273,45,180,96,84,52,52,0,128,44,84
155,Western NY,16699,8502,8197,11624,5731,5893,5075,2771,2304,9406,3941,5465,7215,2986,4229,2191,955,1236,5208,3425,1783,3387,2314,1073,1821,1111,710,2085,1136,949,1022,431,591,1063,705,358
