,puma,Total_geo,Total_geo_m,Total_geo_f,Total_NP_mf_t,Total_NP_m,Total_NP_f,Total_P_mf_t,Total_P_m,Total_P_f,Total_BABS,Total_BABS_m,Total_BABS_f,BABS_NP_mf_t,BABS_NP_m,BABS_NP_f,BABS_P_mf_t,BABS_P_m,BABS_P_f,Total_HS,Total_HS_m,Total_HS_f,HS_NP_mf_t,HS_NP_m,HS_NP_f,HS_P_mf_t,HS_P_m,HS_P_f,Total_HSINC,Total_HSINC_m,Total_HSINC_f,HSINC_NP_mf_t,HSINC_NP_m,HSINC_NP_f,HSINC_P_mf_t,HSINC_P_m,HSINC_P_f
0,Total Geo,855914,499281,356633,731253,420670,310583,124661,78611,46050,357286,180598,176688,336188,170367,165821,21098,10231,10867,375795,228483,147312,307714,184889,122825,68081,43594,24487,122833,90200,32633,87351,65414,21937,35482,24786,10696
1,NYC-Manhattan Community District 7--Upper West Side & West Side PUMA,4584,2625,1959,4294,2625,1669,290,0,290,4003,2334,1669,4003,2334,1669,0,0,0,291,291,0,291,291,0,0,0,0,290,0,290,0,0,0,290,0,290
2,Nassau County (West Central)--Hempstead Town (Northwest) PUMA,8936,4358,4578,8356,3856,4500,580,502,78,3193,1710,1483,3189,1710,1479,4,0,4,5399,2325,3074,4823,1823,3000,576,502,74,344,323,21,344,323,21,0,0,0
3,NYC-Brooklyn Community District 2--Brooklyn Heights & Fort Greene PUMA,4092,2090,2002,3744,2090,1654,348,0,348,3142,1837,1305,3004,1837,1167,138,0,138,950,253,697,740,253,487,210,0,210,0,0,0,0,0,0,0,0,0
4,Madison & Cortland Counties PUMA,45,45,0,45,45,0,0,0,0,0,0,0,0,0,0,0,0,0,0,0,0,0,0,0,0,0,0,45,45,0,45,45,0,0,0,0
5,Ontario & Yates Counties PUMA,212,153,59,212,153,59,0,0,0,212,153,59,212,153,59,0,0,0,0,0,0,0,0,0,0,0,0,0,0,0,0,0,0,0,0,0
6,Monroe County (Central)--Greece & Gates Towns PUMA,1153,925,228,776,711,65,377,214,163,357,357,0,357,357,0,0,0,0,593,365,228,282,217,65,311,148,163,203,203,0,137,137,0,66,66,0
7,Nassau County (East Central)--Oyster Bay Town (Central) PUMA,8176,3870,4306,8103,3797,4306,73,73,0,5143,2463,2680,5143,2463,2680,0,0,0,2644,1211,1433,2644,1211,1433,0,0,0,389,196,193,316,123,193,73,73,0
8,"Clinton, Franklin, Essex & Hamilton Counties PUMA",199,199,0,199,199,0,0,0,0,0,0,0,0,0,0,0,0,0,199,199,0,199,199,0,0,0,0,0,0,0,0,0,0,0,0,0
9,NYC-Manhattan Community District 8--Upper East Side PUMA,10146,4759,5387,9992,4759,5233,154,0,154,9136,4288,4848,8982,4288,4694,154,0,154,746,207,539,746,207,539,0,0,0,264,264,0,264,264,0,0,0,0
10,Suffolk County (Southwest)--Islip Town (South) PUMA,3422,906,2516,3396,880,2516,26,26,0,1948,504,1444,1948,504,1444,0,0,0,448,389,59,422,363,59,26,26,0,1026,13,1013,1026,13,1013,0,0,0
11,Erie County (Northwest) PUMA,1153,669,484,1034,552,482,119,117,2,734,250,484,732,250,482,2,0,2,302,302,0,302,302,0,0,0,0,117,117,0,0,0,0,117,117,0
12,"NYC-Queens Community District 8--Briarwood, Fresh Meadows & Hillcrest PUMA",20105,11279,8826,19244,10720,8524,861,559,302,11142,5377,5765,10626,5042,5584,516,335,181,6746,4393,2353,6401,4169,2232,345,224,121,2217,1509,708,2217,1509,708,0,0,0
13,NYC-Brooklyn Community District 5--East New York & Starrett City PUMA,12069,6982,5087,9154,5579,3575,2915,1403,1512,2633,1721,912,2044,1322,722,589,399,190,7786,4620,3166,6347,3924,2423,1439,696,743,1650,641,1009,763,333,430,887,308,579
14,Rockland County (North)--New City & Congers PUMA,7287,4318,2969,7048,4240,2808,239,78,161,2404,1115,1289,2404,1115,1289,0,0,0,4258,2650,1608,4097,2650,1447,161,0,161,625,553,72,547,475,72,78,78,0
15,"Otsego, Schoharie, Oneida (South) & Herkimer (South) Counties PUMA",407,252,155,122,68,54,285,184,101,257,109,148,115,61,54,142,48,94,113,106,7,0,0,0,113,106,7,37,37,0,7,7,0,30,30,0
16,NYC-Brooklyn Community District 7--Sunset Park & Windsor Terrace PUMA,9454,5933,3521,6643,3986,2657,2811,1947,864,2860,1647,1213,2466,1406,1060,394,241,153,3817,2342,1475,2679,1512,1167,1138,830,308,2777,1944,833,1498,1068,430,1279,876,403
17,NYC-Brooklyn Community District 11--Bensonhurst & Bath Beach PUMA,16404,9536,6868,13734,7751,5983,2670,1785,885,6049,3313,2736,5752,3176,2576,297,137,160,7605,4362,3243,6105,3354,2751,1500,1008,492,2750,1861,889,1877,1221,656,873,640,233
18,Tompkins County PUMA,1662,630,1032,1587,603,984,75,27,48,1455,619,836,1428,592,836,27,27,0,148,0,148,148,0,148,0,0,0,59,11,48,11,11,0,48,0,48
19,Dutchess County (Southwest) PUMA,4903,2762,2141,3954,2263,1691,949,499,450,2879,1353,1526,2464,1190,1274,415,163,252,1298,683,615,872,455,417,426,228,198,726,726,0,618,618,0,108,108,0
20,NYC-Queens Community District 9--Richmond Hill & Woodhaven PUMA,17542,11118,6424,15023,9507,5516,2519,1611,908,6982,3952,3030,6239,3591,2648,743,361,382,8590,5505,3085,7167,4560,2607,1423,945,478,1970,1661,309,1617,1356,261,353,305,48
21,Westchester County (Northwest) PUMA,6938,5243,1695,5122,3646,1476,1816,1597,219,2176,971,1205,2176,971,1205,0,0,0,3196,2706,490,1760,1489,271,1436,1217,219,1566,1566,0,1186,1186,0,380,380,0
22,Albany County (Outside Albany City) PUMA,4677,2518,2159,4507,2518,1989,170,0,170,3285,2118,1167,3285,2118,1167,0,0,0,1038,400,638,1038,400,638,0,0,0,354,0,354,184,0,184,170,0,170
23,Monroe County (South) PUMA,3703,2045,1658,3703,2045,1658,0,0,0,2896,1361,1535,2896,1361,1535,0,0,0,450,327,123,450,327,123,0,0,0,357,357,0,357,357,0,0,0,0
24,Jefferson & Lewis Counties PUMA,1567,1214,353,1567,1214,353,0,0,0,1297,944,353,1297,944,353,0,0,0,270,270,0,270,270,0,0,0,0,0,0,0,0,0,0,0,0,0
25,"Chenango, Delaware & Broome (East) Counties PUMA",293,84,209,293,84,209,0,0,0,132,0,132,132,0,132,0,0,0,120,43,77,120,43,77,0,0,0,41,41,0,41,41,0,0,0,0
26,Erie County (Central) PUMA,1287,945,342,1013,671,342,274,274,0,389,313,76,389,313,76,0,0,0,795,632,163,521,358,163,274,274,0,103,0,103,103,0,103,0,0,0
27,St. Lawrence County PUMA,339,227,112,339,227,112,0,0,0,148,148,0,148,148,0,0,0,0,191,79,112,191,79,112,0,0,0,0,0,0,0,0,0,0,0,0
28,"NYC-Manhattan Community District 9--Hamilton Heights, Manhattanville & West Harlem PUMA",13085,7305,5780,11164,6209,4955,1921,1096,825,5765,2740,3025,5527,2502,3025,238,238,0,4327,2661,1666,3929,2505,1424,398,156,242,2993,1904,1089,1708,1202,506,1285,702,583
29,Suffolk County (North Central)--Brookhaven Town (North) PUMA,3057,1930,1127,3057,1930,1127,0,0,0,2005,1351,654,2005,1351,654,0,0,0,702,229,473,702,229,473,0,0,0,350,350,0,350,350,0,0,0,0
30,NYC-Brooklyn Community District 1--Greenpoint & Williamsburg PUMA,6563,3779,2784,6017,3291,2726,546,488,58,2645,1289,1356,2576,1278,1298,69,11,58,2437,1624,813,1960,1147,813,477,477,0,1481,866,615,1481,866,615,0,0,0
31,Cayuga & Onondaga (South) Counties PUMA,748,659,89,526,437,89,222,222,0,382,293,89,382,293,89,0,0,0,366,366,0,144,144,0,222,222,0,0,0,0,0,0,0,0,0,0
32,Nassau County (Southeast)--Oyster Bay Town (South) PUMA,1667,734,933,1667,734,933,0,0,0,724,415,309,724,415,309,0,0,0,943,319,624,943,319,624,0,0,0,0,0,0,0,0,0,0,0,0
33,Fulton & Montgomery Counties PUMA,43,43,0,43,43,0,0,0,0,0,0,0,0,0,0,0,0,0,43,43,0,43,43,0,0,0,0,0,0,0,0,0,0,0,0,0
34,Onondaga County (Central)--Syracuse City (Outer) PUMA,1752,1173,579,1752,1173,579,0,0,0,933,504,429,933,504,429,0,0,0,658,508,150,658,508,150,0,0,0,161,161,0,161,161,0,0,0,0
35,NYC-Staten Island Community District 2--New Springville & South Beach PUMA,5598,3108,2490,4618,2203,2415,980,905,75,3081,1381,1700,2933,1308,1625,148,73,75,2181,1541,640,1349,709,640,832,832,0,336,186,150,336,186,150,0,0,0
36,Niagara County (Southwest)--Greater Niagara Falls & North Tonawanda Area PUMA,654,516,138,402,264,138,252,252,0,158,158,0,158,158,0,0,0,0,435,358,77,183,106,77,252,252,0,61,0,61,61,0,61,0,0,0
37,Suffolk County (Central)--Brookhaven Town (Central) PUMA,4486,2944,1542,4486,2944,1542,0,0,0,966,583,383,966,583,383,0,0,0,1894,1451,443,1894,1451,443,0,0,0,1626,910,716,1626,910,716,0,0,0
38,"NYC-Bronx Community District 7--Bedford Park, Fordham North & Norwood PUMA",9498,5069,4429,7165,4345,2820,2333,724,1609,2273,1041,1232,2027,795,1232,246,246,0,5259,3078,2181,4445,2857,1588,814,221,593,1966,950,1016,693,693,0,1273,257,1016
39,NYC-Queens Community District 4--Elmhurst & South Corona PUMA,20968,13584,7384,16955,10460,6495,4013,3124,889,7199,4457,2742,6499,3914,2585,700,543,157,10969,6805,4164,8996,5417,3579,1973,1388,585,2800,2322,478,1460,1129,331,1340,1193,147
40,"NYC-Brooklyn Community District 6--Park Slope, Carroll Gardens & Red Hook PUMA",3035,1084,1951,3035,1084,1951,0,0,0,2994,1043,1951,2994,1043,1951,0,0,0,41,41,0,41,41,0,0,0,0,0,0,0,0,0,0,0,0,0
41,Suffolk County (Central)--Islip Town (East) PUMA,2179,1141,1038,1930,892,1038,249,249,0,1577,727,850,1577,727,850,0,0,0,602,414,188,353,165,188,249,249,0,0,0,0,0,0,0,0,0,0
42,"NYC-Brooklyn Community District 9--Crown Heights South, Prospect Lefferts & Wingate PUMA",6540,2797,3743,5953,2457,3496,587,340,247,1671,175,1496,1671,175,1496,0,0,0,4695,2539,2156,4191,2282,1909,504,257,247,174,83,91,91,0,91,83,83,0
43,"NYC-Queens Community District 7--Flushing, Murray Hill & Whitestone PUMA",30380,17493,12887,25613,14210,11403,4767,3283,1484,12033,6075,5958,10972,5640,5332,1061,435,626,15370,9079,6291,12262,6829,5433,3108,2250,858,2977,2339,638,2379,1741,638,598,598,0
44,NYC-Queens Community District 3--Jackson Heights & North Corona PUMA,29334,19111,10223,22204,14221,7983,7130,4890,2240,5823,2977,2846,5226,2860,2366,597,117,480,17750,11274,6476,12879,7951,4928,4871,3323,1548,5761,4860,901,4099,3410,689,1662,1450,212
45,Saratoga County (Outer) PUMA,1059,879,180,1059,879,180,0,0,0,1006,879,127,1006,879,127,0,0,0,53,0,53,53,0,53,0,0,0,0,0,0,0,0,0,0,0,0
46,"NYC-Bronx Community District 12--Wakefield, Williamsbridge & Woodlawn PUMA",7929,4357,3572,5997,3433,2564,1932,924,1008,2896,1798,1098,2381,1283,1098,515,515,0,3774,1851,1923,2662,1551,1111,1112,300,812,1259,708,551,954,599,355,305,109,196
47,"NYC-Brooklyn Community District 15--Sheepshead Bay, Gerritsen Beach & Homecrest PUMA",6601,3734,2867,5945,3130,2815,656,604,52,2671,1264,1407,2611,1204,1407,60,60,0,3550,2090,1460,3038,1630,1408,512,460,52,380,380,0,296,296,0,84,84,0
48,Wayne & Seneca Counties PUMA,202,0,202,202,0,202,0,0,0,99,0,99,99,0,99,0,0,0,103,0,103,103,0,103,0,0,0,0,0,0,0,0,0,0,0,0
49,Schenectady County--Schenectady City PUMA,2489,1259,1230,2374,1144,1230,115,115,0,1531,856,675,1531,856,675,0,0,0,765,403,362,650,288,362,115,115,0,193,0,193,193,0,193,0,0,0
50,NYC-Brooklyn Community District 10--Bay Ridge & Dyker Heights PUMA,7414,4080,3334,6481,3539,2942,933,541,392,4465,2414,2051,4214,2362,1852,251,52,199,2897,1614,1283,2215,1125,1090,682,489,193,52,52,0,52,52,0,0,0,0
51,Nassau County (Northwest)--North Hempstead Town (North) PUMA,4438,2312,2126,4335,2209,2126,103,103,0,2621,1391,1230,2518,1288,1230,103,103,0,1415,921,494,1415,921,494,0,0,0,402,0,402,402,0,402,0,0,0
52,Suffolk County (West Central)--Babylon Town (Northwest) PUMA,7586,4704,2882,7078,4355,2723,508,349,159,1731,700,1031,1731,700,1031,0,0,0,4573,3246,1327,4388,3061,1327,185,185,0,1282,758,524,959,594,365,323,164,159
53,"NYC-Manhattan Community District 4 & 5--Chelsea, Clinton & Midtown Business District PUMA",7287,5431,1856,7287,5431,1856,0,0,0,4915,3763,1152,4915,3763,1152,0,0,0,2312,1608,704,2312,1608,704,0,0,0,60,60,0,60,60,0,0,0,0
54,Columbia & Greene Counties PUMA,351,251,100,314,214,100,37,37,0,32,32,0,32,32,0,0,0,0,222,171,51,185,134,51,37,37,0,97,48,49,97,48,49,0,0,0
55,Rensselaer County--Troy City PUMA,646,296,350,416,122,294,230,174,56,323,70,253,244,47,197,79,23,56,287,190,97,136,39,97,151,151,0,36,36,0,36,36,0,0,0,0
56,Erie County (West Central)--Buffalo City (West) PUMA,2403,1325,1078,1514,978,536,889,347,542,1007,632,375,688,497,191,319,135,184,476,406,70,379,309,70,97,97,0,920,287,633,447,172,275,473,115,358
57,Erie County (South) PUMA,756,106,650,756,106,650,0,0,0,756,106,650,756,106,650,0,0,0,0,0,0,0,0,0,0,0,0,0,0,0,0,0,0,0,0,0
58,Oneida County (Central)--Greater Utica & Rome Cities PUMA,1814,1037,777,1621,907,714,193,130,63,1011,547,464,938,474,464,73,73,0,427,114,313,307,57,250,120,57,63,376,376,0,376,376,0,0,0,0
59,"NYC-Manhattan Community District 12--Washington Heights, Inwood & Marble Hill PUMA",21335,12441,8894,16616,9729,6887,4719,2712,2007,3252,1746,1506,2085,1052,1033,1167,694,473,13543,7142,6401,10935,5767,5168,2608,1375,1233,4540,3553,987,3596,2910,686,944,643,301
60,NYC-Brooklyn Community District 13--Brighton Beach & Coney Island PUMA,4557,2417,2140,4034,2110,1924,523,307,216,1814,941,873,1749,941,808,65,0,65,1929,991,938,1872,934,938,57,57,0,814,485,329,413,235,178,401,250,151
61,NYC-Manhattan Community District 10--Central Harlem PUMA,7963,4934,3029,6664,4567,2097,1299,367,932,2948,1119,1829,2763,1119,1644,185,0,185,2909,2145,764,2147,1778,369,762,367,395,2106,1670,436,1754,1670,84,352,0,352
62,Nassau County (West Central)--North Hempstead Town (South) PUMA,10360,6162,4198,9856,5705,4151,504,457,47,5687,2755,2932,5577,2692,2885,110,63,47,3852,2772,1080,3749,2669,1080,103,103,0,821,635,186,530,344,186,291,291,0
63,NYC-Brooklyn Community District 16--Brownsville & Ocean Hill PUMA,3942,1556,2386,2340,948,1392,1602,608,994,1061,269,792,802,183,619,259,86,173,1928,634,1294,852,379,473,1076,255,821,953,653,300,686,386,300,267,267,0
64,Albany County (East Central)--Albany City PUMA,4079,1728,2351,3486,1406,2080,593,322,271,1330,799,531,1103,799,304,227,0,227,1475,642,833,1153,320,833,322,322,0,1274,287,987,1230,287,943,44,0,44
65,Nassau County (West Central)--Hempstead Town (West Central) PUMA,5705,3779,1926,5355,3487,1868,350,292,58,1989,968,1021,1914,893,1021,75,75,0,2625,1812,813,2567,1812,755,58,0,58,1091,999,92,874,782,92,217,217,0
66,Chemung (South) & Steuben (East) Counties--Greater Elmira & Greater Corning Cities PUMA,1209,981,228,1209,981,228,0,0,0,932,809,123,932,809,123,0,0,0,277,172,105,277,172,105,0,0,0,0,0,0,0,0,0,0,0,0
67,"NYC-Bronx Community District 3 & 6--Belmont, Crotona Park East & East Tremont PUMA",10661,5916,4745,8136,4046,4090,2525,1870,655,3334,1252,2082,3192,1252,1940,142,0,142,6082,3562,2520,4288,2281,2007,1794,1281,513,1245,1102,143,656,513,143,589,589,0
68,"NYC-Bronx Community District 5--Morris Heights, Fordham South & Mount Hope PUMA",11692,6368,5324,8480,4800,3680,3212,1568,1644,1974,748,1226,1478,748,730,496,0,496,7431,4196,3235,5566,3113,2453,1865,1083,782,2287,1424,863,1436,939,497,851,485,366
69,"NYC-Bronx Community District 8--Riverdale, Fieldston & Kingsbridge PUMA",7599,4251,3348,6583,3450,3133,1016,801,215,3389,1608,1781,3154,1504,1650,235,104,131,3600,2033,1567,3286,1803,1483,314,230,84,610,610,0,143,143,0,467,467,0
70,Erie County (Northeast) PUMA,586,346,240,586,346,240,0,0,0,586,346,240,586,346,240,0,0,0,0,0,0,0,0,0,0,0,0,0,0,0,0,0,0,0,0,0
71,NYC-Manhattan Community District 11--East Harlem PUMA,4679,2808,1871,3666,1971,1695,1013,837,176,2270,901,1369,2094,901,1193,176,0,176,1583,1081,502,827,325,502,756,756,0,826,826,0,745,745,0,81,81,0
72,Orange County (Southeast) PUMA,2168,992,1176,1821,992,829,347,0,347,1550,642,908,1203,642,561,347,0,347,618,350,268,618,350,268,0,0,0,0,0,0,0,0,0,0,0,0
73,Westchester County (Southeast) PUMA,8997,6484,2513,7728,5215,2513,1269,1269,0,3435,2010,1425,2979,1554,1425,456,456,0,2583,1600,983,2294,1311,983,289,289,0,2979,2874,105,2455,2350,105,524,524,0
74,NYC-Queens Community District 1--Astoria & Long Island City PUMA,14962,8810,6152,12138,6915,5223,2824,1895,929,7628,3947,3681,6660,3616,3044,968,331,637,5031,2948,2083,3863,1895,1968,1168,1053,115,2303,1915,388,1615,1404,211,688,511,177
75,Livingston & Wyoming Counties PUMA,541,495,46,530,484,46,11,11,0,296,296,0,296,296,0,0,0,0,67,31,36,67,31,36,0,0,0,178,168,10,167,157,10,11,11,0
76,Suffolk County (Central)--Brookhaven Town (West Central) PUMA,2959,1756,1203,2747,1612,1135,212,144,68,922,384,538,922,384,538,0,0,0,1388,994,394,1244,850,394,144,144,0,649,378,271,581,378,203,68,0,68
77,Westchester County (Southwest)--Yonkers City PUMA,15285,9076,6209,12486,7156,5330,2799,1920,879,4709,1673,3036,4320,1575,2745,389,98,291,8356,5691,2665,6106,4029,2077,2250,1662,588,2220,1712,508,2060,1552,508,160,160,0
78,Erie County (North Central) PUMA,2419,1319,1100,2419,1319,1100,0,0,0,1988,1112,876,1988,1112,876,0,0,0,329,105,224,329,105,224,0,0,0,102,102,0,102,102,0,0,0,0
79,Saratoga County (South & Central) PUMA,1931,1324,607,1931,1324,607,0,0,0,1875,1324,551,1875,1324,551,0,0,0,56,0,56,56,0,56,0,0,0,0,0,0,0,0,0,0,0,0
80,Suffolk County (South Central)--Brookhaven Town (South) PUMA,5135,3042,2093,5135,3042,2093,0,0,0,1319,267,1052,1319,267,1052,0,0,0,2289,1815,474,2289,1815,474,0,0,0,1527,960,567,1527,960,567,0,0,0
81,"NYC-Staten Island Community District 3--Tottenville, Great Kills & Annadale PUMA",1945,1017,928,1945,1017,928,0,0,0,1291,666,625,1291,666,625,0,0,0,548,351,197,548,351,197,0,0,0,106,0,106,106,0,106,0,0,0
82,Herkimer (North & Central) & Oneida (Outer) Counties PUMA,277,277,0,114,114,0,163,163,0,114,114,0,114,114,0,0,0,0,56,56,0,0,0,0,56,56,0,107,107,0,0,0,0,107,107,0
83,Niagara County (North & East) PUMA,117,71,46,117,71,46,0,0,0,0,0,0,0,0,0,0,0,0,117,71,46,117,71,46,0,0,0,0,0,0,0,0,0,0,0,0
84,Monroe County (Central)--Rochester City (East) PUMA,1846,1038,808,1386,1038,348,460,0,460,283,185,98,283,185,98,0,0,0,1201,853,348,1019,853,166,182,0,182,362,0,362,84,0,84,278,0,278
85,Warren & Washington Counties PUMA,117,62,55,117,62,55,0,0,0,117,62,55,117,62,55,0,0,0,0,0,0,0,0,0,0,0,0,0,0,0,0,0,0,0,0,0
86,Nassau County (Southwest)--Hempstead Town (Southwest) & Long Beach City PUMA,3830,2374,1456,3288,1990,1298,542,384,158,1729,916,813,1652,916,736,77,0,77,1753,1110,643,1547,985,562,206,125,81,348,348,0,89,89,0,259,259,0
87,NYC-Brooklyn Community District 8--Crown Heights North & Prospect Heights PUMA,3034,1359,1675,2858,1183,1675,176,176,0,1747,696,1051,1747,696,1051,0,0,0,1287,663,624,1111,487,624,176,176,0,0,0,0,0,0,0,0,0,0
88,Onondaga County (Central)--Syracuse City PUMA,2332,1685,647,1882,1276,606,450,409,41,599,293,306,452,187,265,147,106,41,1513,1172,341,1364,1023,341,149,149,0,220,220,0,66,66,0,154,154,0
89,Westchester County (Central)--White Plains City PUMA,10957,6087,4870,10059,5597,4462,898,490,408,7141,3291,3850,6906,3106,3800,235,185,50,2556,1698,858,2360,1698,662,196,0,196,1260,1098,162,793,793,0,467,305,162
90,NYC-Brooklyn Community District 3--Bedford-Stuyvesant PUMA,3640,1577,2063,2758,1186,1572,882,391,491,1145,202,943,1092,149,943,53,53,0,2022,1058,964,1541,912,629,481,146,335,473,317,156,125,125,0,348,192,156
91,"NYC-Bronx Community District 1 & 2--Hunts Point, Longwood & Melrose PUMA",10049,6450,3599,7061,4409,2652,2988,2041,947,3164,1713,1451,2207,914,1293,957,799,158,4154,2943,1211,3425,2456,969,729,487,242,2731,1794,937,1429,1039,390,1302,755,547
92,Cattaraugus & Allegany Counties PUMA,299,162,137,274,137,137,25,25,0,274,137,137,274,137,137,0,0,0,25,25,0,0,0,0,25,25,0,0,0,0,0,0,0,0,0,0
93,Oswego County PUMA,172,18,154,172,18,154,0,0,0,35,18,17,35,18,17,0,0,0,137,0,137,137,0,137,0,0,0,0,0,0,0,0,0,0,0,0
94,"NYC-Queens Community District 5--Ridgewood, Glendale & Middle Village PUMA",11010,6121,4889,8780,4611,4169,2230,1510,720,4119,1606,2513,4119,1606,2513,0,0,0,4847,2697,2150,3461,2031,1430,1386,666,720,2044,1818,226,1200,974,226,844,844,0
95,Monroe County (East) PUMA,1843,972,871,1731,860,871,112,112,0,1336,552,784,1336,552,784,0,0,0,507,420,87,395,308,87,112,112,0,0,0,0,0,0,0,0,0,0
96,Westchester County (South Central)--New Rochelle & Mount Vernon Cities PUMA,8313,4763,3550,7189,3639,3550,1124,1124,0,4187,1476,2711,4187,1476,2711,0,0,0,2841,2002,839,2132,1293,839,709,709,0,1285,1285,0,870,870,0,415,415,0
97,"NYC-Queens Community District 14--Far Rockaway, Breezy Point & Broad Channel PUMA",4465,2992,1473,3567,2384,1183,898,608,290,1420,578,842,1420,578,842,0,0,0,1042,746,296,924,628,296,118,118,0,2003,1668,335,1223,1178,45,780,490,290
98,"NYC-Brooklyn Community District 12--Borough Park, Kensington & Ocean Parkway PUMA",6466,4618,1848,4962,3532,1430,1504,1086,418,2493,1554,939,2023,1243,780,470,311,159,2290,1432,858,1912,1313,599,378,119,259,1683,1632,51,1027,976,51,656,656,0
99,"NYC-Bronx Community District 10--Co-op City, Pelham Bay & Schuylerville PUMA",4801,2511,2290,3904,1614,2290,897,897,0,2207,563,1644,2207,563,1644,0,0,0,2060,1414,646,1282,636,646,778,778,0,534,534,0,415,415,0,119,119,0
100,"NYC-Queens Community District 11--Bayside, Douglaston & Little Neck PUMA",14501,7602,6899,13350,6498,6852,1151,1104,47,8608,3633,4975,8608,3633,4975,0,0,0,5583,3796,1787,4532,2745,1787,1051,1051,0,310,173,137,210,120,90,100,53,47
101,"NYC-Manhattan Community District 6--Murray Hill, Gramercy & Stuyvesant Town PUMA",7400,5218,2182,7400,5218,2182,0,0,0,7026,4844,2182,7026,4844,2182,0,0,0,374,374,0,374,374,0,0,0,0,0,0,0,0,0,0,0,0,0
102,Chautauqua County PUMA,73,42,31,73,42,31,0,0,0,31,0,31,31,0,31,0,0,0,42,42,0,42,42,0,0,0,0,0,0,0,0,0,0,0,0,0
103,NYC-Brooklyn Community District 18--Canarsie & Flatlands PUMA,16545,8466,8079,13841,6839,7002,2704,1627,1077,6652,2473,4179,5985,2331,3654,667,142,525,9526,5831,3695,7489,4346,3143,2037,1485,552,367,162,205,367,162,205,0,0,0
104,Erie County (West Central)--Buffalo City (East) PUMA,1130,972,158,716,645,71,414,327,87,174,87,87,30,30,0,144,57,87,787,787,0,615,615,0,172,172,0,169,98,71,71,0,71,98,98,0
105,Genesee & Orleans Counties PUMA,431,305,126,431,305,126,0,0,0,29,0,29,29,0,29,0,0,0,97,0,97,97,0,97,0,0,0,305,305,0,305,305,0,0,0,0
106,"NYC-Staten Island Community District 1--Port Richmond, Stapleton & Mariner's Harbor PUMA",8385,4207,4178,7235,3501,3734,1150,706,444,3505,1591,1914,3471,1591,1880,34,0,34,4116,1999,2117,3273,1519,1754,843,480,363,764,617,147,491,391,100,273,226,47
107,"Steuben (North & West), Schuyler & Chemung (North) Counties PUMA",110,79,31,31,0,31,79,79,0,0,0,0,0,0,0,0,0,0,110,79,31,31,0,31,79,79,0,0,0,0,0,0,0,0,0,0
108,Nassau County (South Central)--Hempstead Town (Southeast) PUMA,3427,1830,1597,2887,1290,1597,540,540,0,1248,416,832,1181,349,832,67,67,0,1277,807,470,1043,573,470,234,234,0,902,607,295,663,368,295,239,239,0
109,"NYC-Bronx Community District 9--Castle Hill, Clason Point & Parkchester PUMA",11743,6185,5558,9016,5067,3949,2727,1118,1609,2315,1224,1091,2076,985,1091,239,239,0,6809,3066,3743,4931,2549,2382,1878,517,1361,2619,1895,724,2009,1533,476,610,362,248
110,Suffolk County (East) PUMA,7134,5510,1624,6346,5175,1171,788,335,453,1890,1564,326,1839,1564,275,51,0,51,4437,3218,1219,3741,2924,817,696,294,402,807,728,79,766,687,79,41,41,0
111,Orange County (Northwest) PUMA,3649,2613,1036,3404,2425,979,245,188,57,1133,775,358,1133,775,358,0,0,0,2245,1624,621,2167,1546,621,78,78,0,271,214,57,104,104,0,167,110,57
112,Broome County (West Central)--Greater Binghamton City & Greater Johnson City Village PUMA,766,432,334,766,432,334,0,0,0,430,352,78,430,352,78,0,0,0,336,80,256,336,80,256,0,0,0,0,0,0,0,0,0,0,0,0
113,"NYC-Bronx Community District 11--Pelham Parkway, Morris Park & Laconia PUMA",9173,5537,3636,7935,4872,3063,1238,665,573,2897,1507,1390,2897,1507,1390,0,0,0,4601,2788,1813,4012,2640,1372,589,148,441,1675,1242,433,1026,725,301,649,517,132
114,Suffolk County (Northwest)--Smithtown Town PUMA,2119,1314,805,2119,1314,805,0,0,0,1644,979,665,1644,979,665,0,0,0,475,335,140,475,335,140,0,0,0,0,0,0,0,0,0,0,0,0
115,Ulster County (East) PUMA,1753,904,849,1539,821,718,214,83,131,972,358,614,841,358,483,131,0,131,530,332,198,447,249,198,83,83,0,251,214,37,251,214,37,0,0,0
116,Westchester County (Northeast) PUMA,3126,2033,1093,2854,1761,1093,272,272,0,1075,463,612,908,296,612,167,167,0,1025,544,481,1025,544,481,0,0,0,1026,1026,0,921,921,0,105,105,0
117,NYC-Brooklyn Community District 4--Bushwick PUMA,5673,3339,2334,4130,2393,1737,1543,946,597,1534,442,1092,1403,442,961,131,0,131,3307,2363,944,2450,1791,659,857,572,285,832,534,298,277,160,117,555,374,181
118,NYC-Manhattan Community District 3--Chinatown & Lower East Side PUMA,7745,4009,3736,6149,3505,2644,1596,504,1092,3828,2018,1810,3562,2018,1544,266,0,266,3193,1793,1400,2317,1289,1028,876,504,372,724,198,526,270,198,72,454,0,454
119,Dutchess County (North & East) PUMA,2096,1326,770,2053,1283,770,43,43,0,915,329,586,915,329,586,0,0,0,1088,904,184,1045,861,184,43,43,0,93,93,0,93,93,0,0,0,0
120,Nassau County (Central)--Hempstead Town (North Central)--Meadowbrook Corridor PUMA,9895,6071,3824,9106,5478,3628,789,593,196,2994,1764,1230,2994,1764,1230,0,0,0,4911,2693,2218,4710,2578,2132,201,115,86,1990,1614,376,1402,1136,266,588,478,110
121,Broome (Outer West) & Tioga Counties PUMA,577,295,282,577,295,282,0,0,0,426,154,272,426,154,272,0,0,0,151,141,10,151,141,10,0,0,0,0,0,0,0,0,0,0,0,0
122,"Rockland County (South)--Orangetown, Clarkstown (South) & Ramapo (Southeast) Towns PUMA",6276,3906,2370,6077,3906,2171,199,0,199,4139,2171,1968,4050,2171,1879,89,0,89,1450,1130,320,1340,1130,210,110,0,110,687,605,82,687,605,82,0,0,0
123,"NYC-Brooklyn Community District 17--East Flatbush, Farragut & Rugby PUMA",6162,2855,3307,5356,2603,2753,806,252,554,1080,379,701,1031,379,652,49,0,49,4596,2060,2536,3947,1916,2031,649,144,505,486,416,70,378,308,70,108,108,0
124,Orange County (Northeast)--Greater Newburgh City PUMA,2637,1466,1171,1897,1145,752,740,321,419,116,0,116,116,0,116,0,0,0,1501,825,676,1139,758,381,362,67,295,1020,641,379,642,387,255,378,254,124
125,"NYC-Manhattan Community District 1 & 2--Battery Park City, Greenwich Village & Soho PUMA",7876,4215,3661,7565,4110,3455,311,105,206,7294,4137,3157,7189,4032,3157,105,105,0,422,78,344,216,78,138,206,0,206,160,0,160,160,0,160,0,0,0
126,NYC-Queens Community District 6--Forest Hills & Rego Park PUMA,14925,7875,7050,13937,7077,6860,988,798,190,9880,5047,4833,9690,5047,4643,190,0,190,4515,2609,1906,3884,1978,1906,631,631,0,530,219,311,363,52,311,167,167,0
127,Onondaga County (North) PUMA,723,246,477,723,246,477,0,0,0,506,246,260,506,246,260,0,0,0,85,0,85,85,0,85,0,0,0,132,0,132,132,0,132,0,0,0
128,Nassau County (Northeast)--Oyster Bay Town (North) & Glen Cove City PUMA,6241,3552,2689,5308,2938,2370,933,614,319,4015,2339,1676,3750,2074,1676,265,265,0,1877,864,1013,1558,864,694,319,0,319,349,349,0,0,0,0,349,349,0
129,Monroe County (North & West) PUMA,461,305,156,461,305,156,0,0,0,250,187,63,250,187,63,0,0,0,211,118,93,211,118,93,0,0,0,0,0,0,0,0,0,0,0,0
130,Sullivan & Ulster (West) Counties PUMA,1448,1174,274,996,763,233,452,411,41,320,186,134,320,186,134,0,0,0,498,358,140,457,358,99,41,0,41,630,630,0,219,219,0,411,411,0
131,Suffolk County (Southwest)--Babylon Town (Southeast) PUMA,2351,1187,1164,1998,1120,878,353,67,286,477,208,269,477,208,269,0,0,0,1399,862,537,1113,862,251,286,0,286,475,117,358,408,50,358,67,67,0
132,Suffolk County (Northwest)--Huntington Town (North) PUMA,3769,2259,1510,2595,1471,1124,1174,788,386,1056,654,402,853,654,199,203,0,203,1855,811,1044,1603,742,861,252,69,183,858,794,64,139,75,64,719,719,0
133,"NYC-Queens Community District 12--Jamaica, Hollis & St. Albans PUMA",16675,10385,6290,12629,8236,4393,4046,2149,1897,5605,3070,2535,5007,2725,2282,598,345,253,7749,5124,2625,5971,4003,1968,1778,1121,657,3321,2191,1130,1651,1508,143,1670,683,987
134,"NYC-Queens Community District 13--Queens Village, Cambria Heights & Rosedale PUMA",15808,8260,7548,14095,7234,6861,1713,1026,687,7416,3035,4381,6956,2897,4059,460,138,322,7629,4637,2992,6653,4026,2627,976,611,365,763,588,175,486,311,175,277,277,0
135,Monroe County (Central)--Rochester City (West) PUMA,1263,842,421,818,611,207,445,231,214,153,55,98,153,55,98,0,0,0,670,561,109,439,330,109,231,231,0,440,226,214,226,226,0,214,0,214
136,NYC-Queens Community District 10--Howard Beach & Ozone Park PUMA,11519,7115,4404,10341,6245,4096,1178,870,308,4193,2301,1892,3929,2170,1759,264,131,133,5261,3100,2161,4839,2853,1986,422,247,175,2065,1714,351,1573,1222,351,492,492,0
137,Suffolk County (Central)--Islip Town (Northwest) PUMA,12291,8789,3502,11073,7729,3344,1218,1060,158,1648,1058,590,1599,1009,590,49,49,0,6612,4568,2044,5760,3874,1886,852,694,158,4031,3163,868,3714,2846,868,317,317,0
138,Putnam County PUMA,2179,1392,787,1874,1087,787,305,305,0,633,279,354,633,279,354,0,0,0,1081,811,270,776,506,270,305,305,0,465,302,163,465,302,163,0,0,0
139,NYC-Queens Community District 2--Sunnyside & Woodside PUMA,19203,11956,7247,16946,10364,6582,2257,1592,665,8082,4201,3881,7771,4145,3626,311,56,255,8432,5849,2583,7299,4787,2512,1133,1062,71,2689,1906,783,1876,1432,444,813,474,339
140,Nassau County (Central)--Hempstead Town (East Central) PUMA,1638,876,762,1495,733,762,143,143,0,792,413,379,792,413,379,0,0,0,742,463,279,599,320,279,143,143,0,104,0,104,104,0,104,0,0,0
141,Suffolk County (Northwest)--Huntington Town (South) PUMA,3164,1329,1835,3005,1170,1835,159,159,0,2415,928,1487,2316,829,1487,99,99,0,466,118,348,406,58,348,60,60,0,283,283,0,283,283,0,0,0,0
142,"NYC-Bronx Community District 4--Concourse, Highbridge & Mount Eden PUMA",14199,8026,6173,11300,6883,4417,2899,1143,1756,3769,2191,1578,3080,2073,1007,689,118,571,7696,4274,3422,6173,3514,2659,1523,760,763,2734,1561,1173,2047,1296,751,687,265,422
143,Nassau County (Central)--Hempstead Town (Northeast) PUMA,6632,4844,1788,6632,4844,1788,0,0,0,2063,690,1373,2063,690,1373,0,0,0,2668,2253,415,2668,2253,415,0,0,0,1901,1901,0,1901,1901,0,0,0,0
144,NYC-Brooklyn Community District 14--Flatbush & Midwood PUMA,10684,6151,4533,7514,4345,3169,3170,1806,1364,3076,2205,871,2448,1734,714,628,471,157,5935,2548,3387,4024,1844,2180,1911,704,1207,1673,1398,275,1042,767,275,631,631,0
145,"Rockland County (West)--Spring Valley, Suffern Villages & Monsey PUMA",4745,2922,1823,3380,1870,1510,1365,1052,313,1148,489,659,1062,403,659,86,86,0,2999,1835,1164,2161,1310,851,838,525,313,598,598,0,157,157,0,441,441,0
146,Capital Region,15349,8317,7032,14204,7669,6535,1145,648,497,9499,6140,3359,9193,6117,3076,306,23,283,3896,1806,2090,3271,1181,2090,625,625,0,1954,371,1583,1740,371,1369,214,0,214
147,Central NY,5772,3826,1946,5100,3195,1905,672,631,41,2455,1354,1101,2308,1248,1060,147,106,41,2759,2046,713,2388,1675,713,371,371,0,558,426,132,404,272,132,154,154,0
148,Finger Lakes,11655,7080,4575,10250,6512,3738,1405,568,837,5911,3146,2765,5911,3146,2765,0,0,0,3899,2675,1224,3063,2184,879,836,491,345,1845,1259,586,1276,1182,94,569,77,492
149,Long Island,130597,77573,53024,121353,70695,50658,9244,6878,2366,51796,26147,25649,50693,25426,25267,1103,721,382,57246,36000,21246,52656,33057,19599,4590,2943,1647,21555,15426,6129,18004,12212,5792,3551,3214,337
150,Mid-Hudson,92757,57461,35296,79481,47809,31672,13276,9652,3624,38932,17581,21351,36617,16426,20191,2315,1155,1160,38123,25743,12380,30796,20537,10259,7327,5206,2121,15702,14137,1565,12068,10846,1222,3634,3291,343
151,Mohawk Valley,2541,1609,932,1900,1132,768,641,477,164,1382,770,612,1167,649,518,215,121,94,639,319,320,350,100,250,289,219,70,520,520,0,383,383,0,137,137,0
152,New York City,579644,332801,246843,483493,274492,209001,96151,58309,37842,236394,119293,117101,219874,111407,108467,16520,7886,8634,264123,156103,108020,210979,123263,87716,53144,32840,20304,79127,57405,21722,52640,39822,12818,26487,17583,8904
153,North Country,2105,1640,465,2105,1640,465,0,0,0,1445,1092,353,1445,1092,353,0,0,0,660,548,112,660,548,112,0,0,0,0,0,0,0,0,0,0,0,0
154,Southern Tier,4617,2501,2116,4463,2395,2068,154,106,48,3375,1934,1441,3348,1907,1441,27,27,0,1142,515,627,1063,436,627,79,79,0,100,52,48,52,52,0,48,0,48
155,Western NY,10877,6473,4404,8904,5131,3773,1973,1342,631,6097,3141,2956,5632,2949,2683,465,192,273,3308,2728,580,2488,1908,580,820,820,0,1472,604,868,784,274,510,688,330,358
