,puma,Total_geo,Total_geo_m,Total_geo_f,Total_FT_mf_t,Total_FT_m,Total_FT_f,Total_PT_mf_t,Total_PT_m,Total_PT_f,Total_BABS,Total_BABS_m,Total_BABS_f,BABS_FT_mf_t,BABS_FT_m,BABS_FT_f,BABS_PT_mf_t,BABS_PT_m,BABS_PT_f,Total_HS,Total_HS_m,Total_HS_f,HS_FT_mf_t,HS_FT_m,HS_FT_f,HS_PT_mf_t,HS_PT_m,HS_PT_f,Total_HSINC,Total_HSINC_m,Total_HSINC_f,HSINC_FT_mf_t,HSINC_FT_m,HSINC_FT_f,HSINC_PT_mf_t,HSINC_PT_m,HSINC_PT_f
0,Total Geo,1356284,734389,621895,1128699,654976,473723,227585,79413,148172,614114,304102,310012,532440,276216,256224,81674,27886,53788,587332,332589,254743,474419,294140,180279,112913,38449,74464,154838,97698,57140,121840,84620,37220,32998,13078,19920
1,NYC-Manhattan Community District 7--Upper West Side & West Side PUMA,19465,11353,8112,17127,10060,7067,2338,1293,1045,16415,8960,7455,15005,8280,6725,1410,680,730,2409,1863,546,1592,1250,342,817,613,204,641,530,111,530,530,0,111,0,111
2,Nassau County (West Central)--Hempstead Town (Northwest) PUMA,13411,7210,6201,11514,6736,4778,1897,474,1423,6575,2781,3794,5796,2443,3353,779,338,441,4883,3122,1761,4294,3122,1172,589,0,589,1953,1307,646,1424,1171,253,529,136,393
3,NYC-Brooklyn Community District 2--Brooklyn Heights & Fort Greene PUMA,7613,3687,3926,6481,3279,3202,1132,408,724,5818,2653,3165,5139,2393,2746,679,260,419,1459,810,649,1266,810,456,193,0,193,336,224,112,76,76,0,260,148,112
4,Madison & Cortland Counties PUMA,330,70,260,247,42,205,83,28,55,208,70,138,137,42,95,71,28,43,42,0,42,30,0,30,12,0,12,80,0,80,80,0,80,0,0,0
5,Ontario & Yates Counties PUMA,1453,841,612,1074,779,295,379,62,317,1281,841,440,953,779,174,328,62,266,172,0,172,121,0,121,51,0,51,0,0,0,0,0,0,0,0,0
6,Monroe County (Central)--Greece & Gates Towns PUMA,1625,955,670,1490,882,608,135,73,62,1034,586,448,1034,586,448,0,0,0,551,329,222,416,256,160,135,73,62,40,40,0,40,40,0,0,0,0
7,Nassau County (East Central)--Oyster Bay Town (Central) PUMA,11945,6809,5136,10928,6667,4261,1017,142,875,7327,3287,4040,6677,3205,3472,650,82,568,3683,2794,889,3388,2734,654,295,60,235,935,728,207,863,728,135,72,0,72
8,"Clinton, Franklin, Essex & Hamilton Counties PUMA",1443,503,940,1334,444,890,109,59,50,857,232,625,857,232,625,0,0,0,485,271,214,376,212,164,109,59,50,101,0,101,101,0,101,0,0,0
9,NYC-Manhattan Community District 8--Upper East Side PUMA,21406,9715,11691,19398,9238,10160,2008,477,1531,19623,8901,10722,17664,8473,9191,1959,428,1531,1741,772,969,1692,723,969,49,49,0,42,42,0,42,42,0,0,0,0
10,Suffolk County (Southwest)--Islip Town (South) PUMA,3589,2608,981,2662,1970,692,927,638,289,1799,958,841,1650,958,692,149,0,149,1469,1423,46,785,785,0,684,638,46,321,227,94,227,227,0,94,0,94
11,Erie County (Northwest) PUMA,1147,627,520,879,547,332,268,80,188,738,319,419,470,239,231,268,80,188,318,217,101,318,217,101,0,0,0,91,91,0,91,91,0,0,0,0
12,"NYC-Queens Community District 8--Briarwood, Fresh Meadows & Hillcrest PUMA",26134,14966,11168,20182,12568,7614,5952,2398,3554,13338,7217,6121,10332,5871,4461,3006,1346,1660,11363,7069,4294,8702,6165,2537,2661,904,1757,1433,680,753,1148,532,616,285,148,137
13,NYC-Brooklyn Community District 5--East New York & Starrett City PUMA,18209,9083,9126,16345,8540,7805,1864,543,1321,2237,961,1276,1952,836,1116,285,125,160,12924,6412,6512,11548,6140,5408,1376,272,1104,3048,1710,1338,2845,1564,1281,203,146,57
14,Rockland County (North)--New City & Congers PUMA,11178,5969,5209,9414,4884,4530,1764,1085,679,5129,2939,2190,4365,2346,2019,764,593,171,5405,2492,2913,4460,2000,2460,945,492,453,644,538,106,589,538,51,55,0,55
15,"Otsego, Schoharie, Oneida (South) & Herkimer (South) Counties PUMA",546,157,389,420,118,302,126,39,87,205,97,108,166,58,108,39,39,0,319,60,259,254,60,194,65,0,65,22,0,22,0,0,0,22,0,22
16,NYC-Brooklyn Community District 7--Sunset Park & Windsor Terrace PUMA,12643,6339,6304,9882,5337,4545,2761,1002,1759,4762,2027,2735,4251,1750,2501,511,277,234,5026,2835,2191,3518,2262,1256,1508,573,935,2855,1477,1378,2113,1325,788,742,152,590
17,NYC-Brooklyn Community District 11--Bensonhurst & Bath Beach PUMA,29345,16835,12510,23047,14174,8873,6298,2661,3637,13516,6573,6943,11505,5875,5630,2011,698,1313,12257,7339,4918,9193,6180,3013,3064,1159,1905,3572,2923,649,2349,2119,230,1223,804,419
18,Tompkins County PUMA,3700,1568,2132,2771,1339,1432,929,229,700,2065,890,1175,1447,797,650,618,93,525,1635,678,957,1324,542,782,311,136,175,0,0,0,0,0,0,0,0,0
19,Dutchess County (Southwest) PUMA,7437,3566,3871,5921,3341,2580,1516,225,1291,2773,1332,1441,2144,1292,852,629,40,589,3497,2032,1465,3013,1847,1166,484,185,299,1167,202,965,764,202,562,403,0,403
20,NYC-Queens Community District 9--Richmond Hill & Woodhaven PUMA,20670,12488,8182,17478,10954,6524,3192,1534,1658,8575,4246,4329,7400,4136,3264,1175,110,1065,9498,6113,3385,8340,5341,2999,1158,772,386,2597,2129,468,1738,1477,261,859,652,207
21,Westchester County (Northwest) PUMA,11727,5891,5836,9200,5019,4181,2527,872,1655,4285,2407,1878,3715,2310,1405,570,97,473,6045,2727,3318,4269,2133,2136,1776,594,1182,1397,757,640,1216,576,640,181,181,0
22,Albany County (Outside Albany City) PUMA,6889,3684,3205,6650,3474,3176,239,210,29,4429,2365,2064,4306,2271,2035,123,94,29,2222,1134,1088,2106,1018,1088,116,116,0,238,185,53,238,185,53,0,0,0
23,Monroe County (South) PUMA,5705,3043,2662,5221,2828,2393,484,215,269,3843,1795,2048,3543,1580,1963,300,215,85,1161,800,361,977,800,177,184,0,184,701,448,253,701,448,253,0,0,0
24,Jefferson & Lewis Counties PUMA,1606,698,908,938,549,389,668,149,519,716,355,361,609,261,348,107,94,13,848,343,505,329,288,41,519,55,464,42,0,42,0,0,0,42,0,42
25,"Chenango, Delaware & Broome (East) Counties PUMA",888,368,520,719,273,446,169,95,74,212,94,118,165,65,100,47,29,18,565,163,402,478,132,346,87,31,56,111,111,0,76,76,0,35,35,0
26,Erie County (Central) PUMA,3368,2032,1336,2291,1707,584,1077,325,752,1210,765,445,956,642,314,254,123,131,2158,1267,891,1335,1065,270,823,202,621,0,0,0,0,0,0,0,0,0
27,St. Lawrence County PUMA,1052,693,359,627,333,294,425,360,65,894,693,201,481,333,148,413,360,53,146,0,146,146,0,146,0,0,0,12,0,12,0,0,0,12,0,12
28,"NYC-Manhattan Community District 9--Hamilton Heights, Manhattanville & West Harlem PUMA",20388,11039,9349,17404,10135,7269,2984,904,2080,9974,4308,5666,8599,3787,4812,1375,521,854,9260,5879,3381,7953,5496,2457,1307,383,924,1154,852,302,852,852,0,302,0,302
29,Suffolk County (North Central)--Brookhaven Town (North) PUMA,4488,2631,1857,3683,2572,1111,805,59,746,2698,2200,498,2374,2141,233,324,59,265,1651,431,1220,1276,431,845,375,0,375,139,0,139,33,0,33,106,0,106
30,NYC-Brooklyn Community District 1--Greenpoint & Williamsburg PUMA,12697,6297,6400,10277,5178,5099,2420,1119,1301,7642,3281,4361,6571,2929,3642,1071,352,719,3540,2085,1455,2701,1626,1075,839,459,380,1515,931,584,1005,623,382,510,308,202
31,Cayuga & Onondaga (South) Counties PUMA,1301,681,620,831,496,335,470,185,285,507,295,212,393,212,181,114,83,31,748,340,408,392,238,154,356,102,254,46,46,0,46,46,0,0,0,0
32,Nassau County (Southeast)--Oyster Bay Town (South) PUMA,2123,1579,544,1988,1579,409,135,0,135,1335,987,348,1263,987,276,72,0,72,497,362,135,434,362,72,63,0,63,291,230,61,291,230,61,0,0,0
33,Fulton & Montgomery Counties PUMA,371,308,63,371,308,63,0,0,0,355,292,63,355,292,63,0,0,0,16,16,0,16,16,0,0,0,0,0,0,0,0,0,0,0,0,0
34,Onondaga County (Central)--Syracuse City (Outer) PUMA,3012,1318,1694,2414,1318,1096,598,0,598,1872,1012,860,1639,1012,627,233,0,233,1050,216,834,685,216,469,365,0,365,90,90,0,90,90,0,0,0,0
35,NYC-Staten Island Community District 2--New Springville & South Beach PUMA,14836,8642,6194,11730,7793,3937,3106,849,2257,8181,4692,3489,6832,4479,2353,1349,213,1136,4995,2972,2023,4119,2535,1584,876,437,439,1660,978,682,779,779,0,881,199,682
36,Niagara County (Southwest)--Greater Niagara Falls & North Tonawanda Area PUMA,1233,807,426,1233,807,426,0,0,0,660,660,0,660,660,0,0,0,0,437,147,290,437,147,290,0,0,0,136,0,136,136,0,136,0,0,0
37,Suffolk County (Central)--Brookhaven Town (Central) PUMA,4861,3162,1699,4302,3162,1140,559,0,559,1624,1006,618,1299,1006,293,325,0,325,2805,2056,749,2571,2056,515,234,0,234,432,100,332,432,100,332,0,0,0
38,"NYC-Bronx Community District 7--Bedford Park, Fordham North & Norwood PUMA",15322,9678,5644,12194,8283,3911,3128,1395,1733,4452,2225,2227,4036,2082,1954,416,143,273,9072,6684,2388,7215,5854,1361,1857,830,1027,1798,769,1029,943,347,596,855,422,433
39,NYC-Queens Community District 4--Elmhurst & South Corona PUMA,33758,20875,12883,28252,18691,9561,5506,2184,3322,11185,7007,4178,7874,5746,2128,3311,1261,2050,16845,9538,7307,15003,8615,6388,1842,923,919,5728,4330,1398,5375,4330,1045,353,0,353
40,"NYC-Brooklyn Community District 6--Park Slope, Carroll Gardens & Red Hook PUMA",7803,4171,3632,6988,3903,3085,815,268,547,6185,3171,3014,5606,3070,2536,579,101,478,1495,1000,495,1259,833,426,236,167,69,123,0,123,123,0,123,0,0,0
41,Suffolk County (Central)--Islip Town (East) PUMA,2412,1170,1242,2259,1170,1089,153,0,153,1502,734,768,1349,734,615,153,0,153,749,436,313,749,436,313,0,0,0,161,0,161,161,0,161,0,0,0
42,"NYC-Brooklyn Community District 9--Crown Heights South, Prospect Lefferts & Wingate PUMA",6196,2606,3590,5089,2227,2862,1107,379,728,2870,1073,1797,2280,694,1586,590,379,211,2627,1197,1430,2362,1197,1165,265,0,265,699,336,363,447,336,111,252,0,252
43,"NYC-Queens Community District 7--Flushing, Murray Hill & Whitestone PUMA",33614,16879,16735,26740,14914,11826,6874,1965,4909,13023,5687,7336,10470,4690,5780,2553,997,1556,16112,8554,7558,12975,7785,5190,3137,769,2368,4479,2638,1841,3295,2439,856,1184,199,985
44,NYC-Queens Community District 3--Jackson Heights & North Corona PUMA,32689,18899,13790,27570,16996,10574,5119,1903,3216,7601,3176,4425,6351,2671,3680,1250,505,745,17922,10532,7390,15084,9625,5459,2838,907,1931,7166,5191,1975,6135,4700,1435,1031,491,540
45,Saratoga County (Outer) PUMA,1374,627,747,969,627,342,405,0,405,707,573,134,644,573,71,63,0,63,667,54,613,325,54,271,342,0,342,0,0,0,0,0,0,0,0,0
46,"NYC-Bronx Community District 12--Wakefield, Williamsbridge & Woodlawn PUMA",10561,4791,5770,7471,4031,3440,3090,760,2330,3155,1078,2077,2660,945,1715,495,133,362,5696,2785,2911,3706,2549,1157,1990,236,1754,1710,928,782,1105,537,568,605,391,214
47,"NYC-Brooklyn Community District 15--Sheepshead Bay, Gerritsen Beach & Homecrest PUMA",26490,11739,14751,21894,9704,12190,4596,2035,2561,13228,4910,8318,11864,4286,7578,1364,624,740,11547,5610,5937,8822,4423,4399,2725,1187,1538,1715,1219,496,1208,995,213,507,224,283
48,Wayne & Seneca Counties PUMA,703,180,523,559,160,399,144,20,124,284,160,124,160,160,0,124,0,124,419,20,399,399,0,399,20,20,0,0,0,0,0,0,0,0,0,0
49,Schenectady County--Schenectady City PUMA,2856,1579,1277,2856,1579,1277,0,0,0,1331,732,599,1331,732,599,0,0,0,1468,790,678,1468,790,678,0,0,0,57,57,0,57,57,0,0,0,0
50,NYC-Brooklyn Community District 10--Bay Ridge & Dyker Heights PUMA,15601,8992,6609,13405,7959,5446,2196,1033,1163,8151,4282,3869,7373,3997,3376,778,285,493,5934,3917,2017,4724,3213,1511,1210,704,506,1516,793,723,1308,749,559,208,44,164
51,Nassau County (Northwest)--North Hempstead Town (North) PUMA,11009,5995,5014,8851,5597,3254,2158,398,1760,6727,3870,2857,5573,3585,1988,1154,285,869,3353,1762,1591,2546,1649,897,807,113,694,929,363,566,732,363,369,197,0,197
52,Suffolk County (West Central)--Babylon Town (Northwest) PUMA,9256,5830,3426,7715,5512,2203,1541,318,1223,2343,849,1494,1863,849,1014,480,0,480,5243,4161,1082,4999,4161,838,244,0,244,1670,820,850,853,502,351,817,318,499
53,"NYC-Manhattan Community District 4 & 5--Chelsea, Clinton & Midtown Business District PUMA",20216,10120,10096,16690,8356,8334,3526,1764,1762,15622,7064,8558,14071,6681,7390,1551,383,1168,4427,2983,1444,2452,1602,850,1975,1381,594,167,73,94,167,73,94,0,0,0
54,Columbia & Greene Counties PUMA,802,377,425,691,377,314,111,0,111,353,200,153,266,200,66,87,0,87,424,177,247,400,177,223,24,0,24,25,0,25,25,0,25,0,0,0
55,Rensselaer County--Troy City PUMA,3046,1913,1133,2696,1869,827,350,44,306,2667,1747,920,2495,1703,792,172,44,128,344,166,178,166,166,0,178,0,178,35,0,35,35,0,35,0,0,0
56,Erie County (West Central)--Buffalo City (West) PUMA,4472,2458,2014,3024,1291,1733,1448,1167,281,1411,827,584,991,469,522,420,358,62,1357,691,666,1077,630,447,280,61,219,1704,940,764,956,192,764,748,748,0
57,Erie County (South) PUMA,1015,617,398,617,617,0,398,0,398,134,134,0,134,134,0,0,0,0,881,483,398,483,483,0,398,0,398,0,0,0,0,0,0,0,0,0
58,Oneida County (Central)--Greater Utica & Rome Cities PUMA,4924,2755,2169,4043,2514,1529,881,241,640,1337,714,623,1201,662,539,136,52,84,2916,1542,1374,2488,1498,990,428,44,384,671,499,172,354,354,0,317,145,172
59,"NYC-Manhattan Community District 12--Washington Heights, Inwood & Marble Hill PUMA",28312,17198,11114,22571,14439,8132,5741,2759,2982,9918,4749,5169,8875,4102,4773,1043,647,396,15797,9959,5838,11773,8521,3252,4024,1438,2586,2597,2490,107,1923,1816,107,674,674,0
60,NYC-Brooklyn Community District 13--Brighton Beach & Coney Island PUMA,14398,6243,8155,12059,5435,6624,2339,808,1531,9214,3661,5553,8276,3589,4687,938,72,866,3960,1646,2314,3205,1430,1775,755,216,539,1224,936,288,578,416,162,646,520,126
61,NYC-Manhattan Community District 10--Central Harlem PUMA,13859,7839,6020,10977,7032,3945,2882,807,2075,4961,2245,2716,4090,1789,2301,871,456,415,6079,3545,2534,4976,3545,1431,1103,0,1103,2819,2049,770,1911,1698,213,908,351,557
62,Nassau County (West Central)--North Hempstead Town (South) PUMA,16437,9898,6539,13983,8804,5179,2454,1094,1360,8377,4807,3570,7508,4574,2934,869,233,636,5729,3467,2262,4500,2839,1661,1229,628,601,2331,1624,707,1975,1391,584,356,233,123
63,NYC-Brooklyn Community District 16--Brownsville & Ocean Hill PUMA,5756,3523,2233,4672,2953,1719,1084,570,514,2185,1150,1035,1694,962,732,491,188,303,3082,2014,1068,2758,1771,987,324,243,81,489,359,130,220,220,0,269,139,130
64,Albany County (East Central)--Albany City PUMA,5178,2628,2550,4267,2315,1952,911,313,598,2424,967,1457,1797,801,996,627,166,461,2420,1327,1093,2214,1258,956,206,69,137,334,334,0,256,256,0,78,78,0
65,Nassau County (West Central)--Hempstead Town (West Central) PUMA,11318,6086,5232,9666,5781,3885,1652,305,1347,5320,2417,2903,4570,2417,2153,750,0,750,5559,3230,2329,4657,2925,1732,902,305,597,439,439,0,439,439,0,0,0,0
66,Chemung (South) & Steuben (East) Counties--Greater Elmira & Greater Corning Cities PUMA,1429,535,894,1362,535,827,67,0,67,799,371,428,799,371,428,0,0,0,231,164,67,164,164,0,67,0,67,399,0,399,399,0,399,0,0,0
67,"NYC-Bronx Community District 3 & 6--Belmont, Crotona Park East & East Tremont PUMA",16498,9550,6948,13012,8233,4779,3486,1317,2169,4164,2618,1546,3063,1918,1145,1101,700,401,8523,5094,3429,7370,4758,2612,1153,336,817,3811,1838,1973,2579,1557,1022,1232,281,951
68,"NYC-Bronx Community District 5--Morris Heights, Fordham South & Mount Hope PUMA",13838,7918,5920,11157,6731,4426,2681,1187,1494,2722,1514,1208,2513,1470,1043,209,44,165,7244,4101,3143,5807,3551,2256,1437,550,887,3872,2303,1569,2837,1710,1127,1035,593,442
69,"NYC-Bronx Community District 8--Riverdale, Fieldston & Kingsbridge PUMA",12212,6409,5803,9346,5804,3542,2866,605,2261,5614,2654,2960,4355,2305,2050,1259,349,910,5336,3113,2223,3941,2958,983,1395,155,1240,1262,642,620,1050,541,509,212,101,111
70,Erie County (Northeast) PUMA,740,429,311,685,429,256,55,0,55,552,296,256,552,296,256,0,0,0,188,133,55,133,133,0,55,0,55,0,0,0,0,0,0,0,0,0
71,NYC-Manhattan Community District 11--East Harlem PUMA,9023,4643,4380,7873,3982,3891,1150,661,489,3813,1764,2049,3496,1657,1839,317,107,210,3721,1761,1960,3057,1207,1850,664,554,110,1489,1118,371,1320,1118,202,169,0,169
72,Orange County (Southeast) PUMA,5747,2701,3046,5049,2668,2381,698,33,665,3132,1606,1526,2876,1606,1270,256,0,256,1987,941,1046,1599,941,658,388,0,388,628,154,474,574,121,453,54,33,21
73,Westchester County (Southeast) PUMA,13367,8938,4429,10507,8339,2168,2860,599,2261,6156,3592,2564,4575,3352,1223,1581,240,1341,5440,4089,1351,4727,3913,814,713,176,537,1771,1257,514,1205,1074,131,566,183,383
74,NYC-Queens Community District 1--Astoria & Long Island City PUMA,23969,12270,11699,19684,10836,8848,4285,1434,2851,12613,6219,6394,10642,5785,4857,1971,434,1537,9665,5051,4614,7806,4329,3477,1859,722,1137,1691,1000,691,1236,722,514,455,278,177
75,Livingston & Wyoming Counties PUMA,952,541,411,773,541,232,179,0,179,639,487,152,639,487,152,0,0,0,113,33,80,113,33,80,0,0,0,200,21,179,21,21,0,179,0,179
76,Suffolk County (Central)--Brookhaven Town (West Central) PUMA,6541,4117,2424,6125,4061,2064,416,56,360,2896,1703,1193,2776,1703,1073,120,0,120,2680,1806,874,2384,1750,634,296,56,240,965,608,357,965,608,357,0,0,0
77,Westchester County (Southwest)--Yonkers City PUMA,21450,12814,8636,17634,11712,5922,3816,1102,2714,6934,3920,3014,6038,3648,2390,896,272,624,10517,6026,4491,8365,5338,3027,2152,688,1464,3999,2868,1131,3231,2726,505,768,142,626
78,Erie County (North Central) PUMA,4150,2181,1969,3756,2044,1712,394,137,257,2922,1460,1462,2731,1323,1408,191,137,54,852,560,292,649,560,89,203,0,203,376,161,215,376,161,215,0,0,0
79,Saratoga County (South & Central) PUMA,2097,1457,640,1683,1457,226,414,0,414,1523,1090,433,1188,1090,98,335,0,335,404,325,79,325,325,0,79,0,79,170,42,128,170,42,128,0,0,0
80,Suffolk County (South Central)--Brookhaven Town (South) PUMA,6131,3300,2831,5815,3224,2591,316,76,240,1199,756,443,1123,680,443,76,76,0,2706,959,1747,2466,959,1507,240,0,240,2226,1585,641,2226,1585,641,0,0,0
81,"NYC-Staten Island Community District 3--Tottenville, Great Kills & Annadale PUMA",11875,6462,5413,9880,5647,4233,1995,815,1180,5213,2679,2534,4141,1864,2277,1072,815,257,5478,3288,2190,4838,3288,1550,640,0,640,1184,495,689,901,495,406,283,0,283
82,Herkimer (North & Central) & Oneida (Outer) Counties PUMA,669,279,390,539,204,335,130,75,55,88,88,0,88,88,0,0,0,0,306,191,115,176,116,60,130,75,55,275,0,275,275,0,275,0,0,0
83,Niagara County (North & East) PUMA,419,295,124,419,295,124,0,0,0,294,201,93,294,201,93,0,0,0,98,78,20,98,78,20,0,0,0,27,16,11,27,16,11,0,0,0
84,Monroe County (Central)--Rochester City (East) PUMA,1197,440,757,860,356,504,337,84,253,648,360,288,377,276,101,271,84,187,243,80,163,177,80,97,66,0,66,306,0,306,306,0,306,0,0,0
85,Warren & Washington Counties PUMA,1117,547,570,922,377,545,195,170,25,686,384,302,491,214,277,195,170,25,247,129,118,247,129,118,0,0,0,184,34,150,184,34,150,0,0,0
86,Nassau County (Southwest)--Hempstead Town (Southwest) & Long Beach City PUMA,6894,2696,4198,6394,2696,3698,500,0,500,4018,1407,2611,4018,1407,2611,0,0,0,2185,904,1281,1685,904,781,500,0,500,691,385,306,691,385,306,0,0,0
87,NYC-Brooklyn Community District 8--Crown Heights North & Prospect Heights PUMA,6367,4132,2235,5077,3525,1552,1290,607,683,3142,1956,1186,2962,1889,1073,180,67,113,2402,1500,902,1535,1203,332,867,297,570,823,676,147,580,433,147,243,243,0
88,Onondaga County (Central)--Syracuse City PUMA,3877,2082,1795,3219,1808,1411,658,274,384,2444,1163,1281,2376,1095,1281,68,68,0,1144,796,348,732,646,86,412,150,262,289,123,166,111,67,44,178,56,122
89,Westchester County (Central)--White Plains City PUMA,15846,9197,6649,13421,8266,5155,2425,931,1494,8352,4575,3777,7544,4470,3074,808,105,703,6132,4100,2032,4946,3319,1627,1186,781,405,1362,522,840,931,477,454,431,45,386
90,NYC-Brooklyn Community District 3--Bedford-Stuyvesant PUMA,6566,3297,3269,5645,3125,2520,921,172,749,3249,1423,1826,3156,1423,1733,93,0,93,3122,1792,1330,2294,1620,674,828,172,656,195,82,113,195,82,113,0,0,0
91,"NYC-Bronx Community District 1 & 2--Hunts Point, Longwood & Melrose PUMA",13257,7386,5871,10580,6332,4248,2677,1054,1623,3075,1350,1725,2532,1139,1393,543,211,332,7552,4065,3487,6184,3581,2603,1368,484,884,2630,1971,659,1864,1612,252,766,359,407
92,Cattaraugus & Allegany Counties PUMA,308,205,103,233,165,68,75,40,35,240,205,35,165,165,0,75,40,35,68,0,68,68,0,68,0,0,0,0,0,0,0,0,0,0,0,0
93,Oswego County PUMA,377,62,315,268,62,206,109,0,109,0,0,0,0,0,0,0,0,0,377,62,315,268,62,206,109,0,109,0,0,0,0,0,0,0,0,0
94,"NYC-Queens Community District 5--Ridgewood, Glendale & Middle Village PUMA",31093,16454,14639,26259,15690,10569,4834,764,4070,14374,6871,7503,12489,6531,5958,1885,340,1545,14961,8620,6341,12464,8196,4268,2497,424,2073,1758,963,795,1306,963,343,452,0,452
95,Monroe County (East) PUMA,3193,1515,1678,2282,1378,904,911,137,774,1790,945,845,1640,945,695,150,0,150,1164,570,594,642,433,209,522,137,385,239,0,239,0,0,0,239,0,239
96,Westchester County (South Central)--New Rochelle & Mount Vernon Cities PUMA,17282,8882,8400,14280,8685,5595,3002,197,2805,6364,3352,3012,5541,3352,2189,823,0,823,8903,3935,4968,6724,3738,2986,2179,197,1982,2015,1595,420,2015,1595,420,0,0,0
97,"NYC-Queens Community District 14--Far Rockaway, Breezy Point & Broad Channel PUMA",12642,6512,6130,10304,5975,4329,2338,537,1801,5979,2764,3215,5034,2533,2501,945,231,714,5965,3748,2217,4813,3442,1371,1152,306,846,698,0,698,457,0,457,241,0,241
98,"NYC-Brooklyn Community District 12--Borough Park, Kensington & Ocean Parkway PUMA",10623,6272,4351,7965,5109,2856,2658,1163,1495,4400,2567,1833,3834,2382,1452,566,185,381,4985,2732,2253,3219,1991,1228,1766,741,1025,1238,973,265,912,736,176,326,237,89
99,"NYC-Bronx Community District 10--Co-op City, Pelham Bay & Schuylerville PUMA",5037,2865,2172,4431,2865,1566,606,0,606,1864,1611,253,1729,1611,118,135,0,135,2558,1072,1486,2087,1072,1015,471,0,471,615,182,433,615,182,433,0,0,0
100,"NYC-Queens Community District 11--Bayside, Douglaston & Little Neck PUMA",18213,9188,9025,15934,8826,7108,2279,362,1917,10880,4573,6307,9272,4389,4883,1608,184,1424,6103,4013,2090,5508,3835,1673,595,178,417,1230,602,628,1154,602,552,76,0,76
101,"NYC-Manhattan Community District 6--Murray Hill, Gramercy & Stuyvesant Town PUMA",12555,7226,5329,11250,5981,5269,1305,1245,60,10870,5735,5135,10295,5160,5135,575,575,0,1625,1491,134,955,821,134,670,670,0,60,0,60,0,0,0,60,0,60
102,Chautauqua County PUMA,860,462,398,626,387,239,234,75,159,419,180,239,419,180,239,0,0,0,227,227,0,152,152,0,75,75,0,214,55,159,55,55,0,159,0,159
103,NYC-Brooklyn Community District 18--Canarsie & Flatlands PUMA,15806,8163,7643,13366,7005,6361,2440,1158,1282,6195,3121,3074,5304,2543,2761,891,578,313,8539,4343,4196,7258,3839,3419,1281,504,777,1072,699,373,804,623,181,268,76,192
104,Erie County (West Central)--Buffalo City (East) PUMA,3543,2585,958,2626,1868,758,917,717,200,1584,1253,331,1081,877,204,503,376,127,1959,1332,627,1545,991,554,414,341,73,0,0,0,0,0,0,0,0,0
105,Genesee & Orleans Counties PUMA,464,464,0,464,464,0,0,0,0,0,0,0,0,0,0,0,0,0,464,464,0,464,464,0,0,0,0,0,0,0,0,0,0,0,0,0
106,"NYC-Staten Island Community District 1--Port Richmond, Stapleton & Mariner's Harbor PUMA",18292,9788,8504,15928,8621,7307,2364,1167,1197,8632,3810,4822,7524,3330,4194,1108,480,628,7809,4863,2946,6650,4176,2474,1159,687,472,1851,1115,736,1754,1115,639,97,0,97
107,"Steuben (North & West), Schuyler & Chemung (North) Counties PUMA",691,559,132,664,559,105,27,0,27,243,175,68,222,175,47,21,0,21,6,0,6,0,0,0,6,0,6,442,384,58,442,384,58,0,0,0
108,Nassau County (South Central)--Hempstead Town (Southeast) PUMA,4932,2552,2380,4482,2308,2174,450,244,206,1861,532,1329,1732,532,1200,129,0,129,2710,1736,974,2466,1492,974,244,244,0,361,284,77,284,284,0,77,0,77
109,"NYC-Bronx Community District 9--Castle Hill, Clason Point & Parkchester PUMA",19544,11310,8234,15951,9529,6422,3593,1781,1812,5997,3481,2516,5557,3349,2208,440,132,308,10572,5764,4808,8047,4647,3400,2525,1117,1408,2975,2065,910,2347,1533,814,628,532,96
110,Suffolk County (East) PUMA,9786,5372,4414,7785,4726,3059,2001,646,1355,1747,777,970,1440,702,738,307,75,232,6106,3394,2712,4624,2823,1801,1482,571,911,1933,1201,732,1721,1201,520,212,0,212
111,Orange County (Northwest) PUMA,6564,3055,3509,4866,2759,2107,1698,296,1402,1468,688,780,1393,688,705,75,0,75,4965,2367,2598,3409,2071,1338,1556,296,1260,131,0,131,64,0,64,67,0,67
112,Broome County (West Central)--Greater Binghamton City & Greater Johnson City Village PUMA,4446,2332,2114,2516,1668,848,1930,664,1266,2591,1602,989,1248,999,249,1343,603,740,1317,422,895,854,361,493,463,61,402,538,308,230,414,308,106,124,0,124
113,"NYC-Bronx Community District 11--Pelham Parkway, Morris Park & Laconia PUMA",9780,5933,3847,7582,4735,2847,2198,1198,1000,3499,1527,1972,3163,1500,1663,336,27,309,4389,3013,1376,2889,2106,783,1500,907,593,1892,1393,499,1530,1129,401,362,264,98
114,Suffolk County (Northwest)--Smithtown Town PUMA,3810,1863,1947,2550,1370,1180,1260,493,767,2440,1138,1302,1674,894,780,766,244,522,1174,595,579,746,346,400,428,249,179,196,130,66,130,130,0,66,0,66
115,Ulster County (East) PUMA,3153,781,2372,2145,781,1364,1008,0,1008,1474,391,1083,801,391,410,673,0,673,1286,307,979,1261,307,954,25,0,25,393,83,310,83,83,0,310,0,310
116,Westchester County (Northeast) PUMA,7195,4199,2996,5470,4046,1424,1725,153,1572,2972,1851,1121,2706,1698,1008,266,153,113,2532,1546,986,1822,1546,276,710,0,710,1691,802,889,942,802,140,749,0,749
117,NYC-Brooklyn Community District 4--Bushwick PUMA,9928,4966,4962,7850,4517,3333,2078,449,1629,2972,1461,1511,2053,1012,1041,919,449,470,5400,2644,2756,4565,2644,1921,835,0,835,1556,861,695,1232,861,371,324,0,324
118,NYC-Manhattan Community District 3--Chinatown & Lower East Side PUMA,7163,3565,3598,5627,2944,2683,1536,621,915,4299,2256,2043,3286,1766,1520,1013,490,523,2611,1309,1302,2088,1178,910,523,131,392,253,0,253,253,0,253,0,0,0
119,Dutchess County (North & East) PUMA,3270,1934,1336,2625,1803,822,645,131,514,1399,434,965,917,303,614,482,131,351,951,661,290,869,661,208,82,0,82,920,839,81,839,839,0,81,0,81
120,Nassau County (Central)--Hempstead Town (North Central)--Meadowbrook Corridor PUMA,13967,7325,6642,12593,7114,5479,1374,211,1163,2713,1250,1463,2604,1141,1463,109,109,0,7984,3343,4641,6899,3241,3658,1085,102,983,3270,2732,538,3090,2732,358,180,0,180
121,Broome (Outer West) & Tioga Counties PUMA,531,230,301,334,230,104,197,0,197,260,49,211,153,49,104,107,0,107,234,144,90,144,144,0,90,0,90,37,37,0,37,37,0,0,0,0
122,"Rockland County (South)--Orangetown, Clarkstown (South) & Ramapo (Southeast) Towns PUMA",5162,2155,3007,3801,1766,2035,1361,389,972,1602,476,1126,1440,370,1070,162,106,56,3329,1448,1881,2130,1165,965,1199,283,916,231,231,0,231,231,0,0,0,0
123,"NYC-Brooklyn Community District 17--East Flatbush, Farragut & Rugby PUMA",8763,4137,4626,8093,4088,4005,670,49,621,1771,888,883,1722,839,883,49,49,0,5928,2946,2982,5307,2946,2361,621,0,621,1064,303,761,1064,303,761,0,0,0
124,Orange County (Northeast)--Greater Newburgh City PUMA,5089,2947,2142,4514,2704,1810,575,243,332,1852,567,1285,1769,567,1202,83,0,83,2937,2080,857,2445,1837,608,492,243,249,300,300,0,300,300,0,0,0,0
125,"NYC-Manhattan Community District 1 & 2--Battery Park City, Greenwich Village & Soho PUMA",8840,4014,4826,8136,4014,4122,704,0,704,8444,3743,4701,7740,3743,3997,704,0,704,396,271,125,396,271,125,0,0,0,0,0,0,0,0,0,0,0,0
126,NYC-Queens Community District 6--Forest Hills & Rego Park PUMA,26449,12323,14126,23995,11518,12477,2454,805,1649,18856,8123,10733,17593,7855,9738,1263,268,995,7150,3812,3338,6147,3463,2684,1003,349,654,443,388,55,255,200,55,188,188,0
127,Onondaga County (North) PUMA,2914,1727,1187,2447,1593,854,467,134,333,1060,816,244,1013,816,197,47,0,47,1301,665,636,1003,531,472,298,134,164,553,246,307,431,246,185,122,0,122
128,Nassau County (Northeast)--Oyster Bay Town (North) & Glen Cove City PUMA,7299,3996,3303,6522,3869,2653,777,127,650,5123,2626,2497,4784,2499,2285,339,127,212,1813,1007,806,1375,1007,368,438,0,438,363,363,0,363,363,0,0,0,0
129,Monroe County (North & West) PUMA,282,196,86,282,196,86,0,0,0,0,0,0,0,0,0,0,0,0,139,53,86,139,53,86,0,0,0,143,143,0,143,143,0,0,0,0
130,Sullivan & Ulster (West) Counties PUMA,3589,2019,1570,3037,1702,1335,552,317,235,966,437,529,966,437,529,0,0,0,1940,899,1041,1522,716,806,418,183,235,683,683,0,549,549,0,134,134,0
131,Suffolk County (Southwest)--Babylon Town (Southeast) PUMA,6107,3240,2867,5535,3070,2465,572,170,402,1787,800,987,1787,800,987,0,0,0,3520,1703,1817,3011,1533,1478,509,170,339,800,737,63,737,737,0,63,0,63
132,Suffolk County (Northwest)--Huntington Town (North) PUMA,4480,2388,2092,3041,2007,1034,1439,381,1058,1618,668,950,942,483,459,676,185,491,2102,1415,687,1794,1219,575,308,196,112,760,305,455,305,305,0,455,0,455
133,"NYC-Queens Community District 12--Jamaica, Hollis & St. Albans PUMA",15537,9425,6112,12811,8581,4230,2726,844,1882,4488,2758,1730,4059,2758,1301,429,0,429,8328,4804,3524,6719,4321,2398,1609,483,1126,2721,1863,858,2033,1502,531,688,361,327
134,"NYC-Queens Community District 13--Queens Village, Cambria Heights & Rosedale PUMA",22045,11676,10369,18442,9954,8488,3603,1722,1881,10343,5318,5025,8648,4554,4094,1695,764,931,10631,5524,5107,8854,4663,4191,1777,861,916,1071,834,237,940,737,203,131,97,34
135,Monroe County (Central)--Rochester City (West) PUMA,2860,2049,811,1597,1256,341,1263,793,470,1115,855,260,655,395,260,460,460,0,1519,968,551,716,635,81,803,333,470,226,226,0,226,226,0,0,0,0
136,NYC-Queens Community District 10--Howard Beach & Ozone Park PUMA,13340,7368,5972,10488,6247,4241,2852,1121,1731,5574,2642,2932,4618,2144,2474,956,498,458,5950,3435,2515,4439,3044,1395,1511,391,1120,1816,1291,525,1431,1059,372,385,232,153
137,Suffolk County (Central)--Islip Town (Northwest) PUMA,21492,11785,9707,19210,10620,8590,2282,1165,1117,2875,1389,1486,2568,1167,1401,307,222,85,13963,7768,6195,12418,6894,5524,1545,874,671,4654,2628,2026,4224,2559,1665,430,69,361
138,Putnam County PUMA,4461,2194,2267,4164,2111,2053,297,83,214,1945,734,1211,1816,734,1082,129,0,129,2079,1057,1022,1911,974,937,168,83,85,437,403,34,437,403,34,0,0,0
139,NYC-Queens Community District 2--Sunnyside & Woodside PUMA,30426,17656,12770,26980,16682,10298,3446,974,2472,12546,6677,5869,11431,6292,5139,1115,385,730,13811,8608,5203,11939,8019,3920,1872,589,1283,4069,2371,1698,3610,2371,1239,459,0,459
140,Nassau County (Central)--Hempstead Town (East Central) PUMA,3780,2025,1755,3262,1859,1403,518,166,352,2597,1471,1126,2386,1372,1014,211,99,112,1096,467,629,789,400,389,307,67,240,87,87,0,87,87,0,0,0,0
141,Suffolk County (Northwest)--Huntington Town (South) PUMA,6755,3521,3234,6172,3415,2757,583,106,477,5146,2646,2500,4669,2646,2023,477,0,477,1154,420,734,1048,314,734,106,106,0,455,455,0,455,455,0,0,0,0
142,"NYC-Bronx Community District 4--Concourse, Highbridge & Mount Eden PUMA",15542,6615,8927,11443,5064,6379,4099,1551,2548,3977,1424,2553,3712,1159,2553,265,265,0,9497,4121,5376,6306,3148,3158,3191,973,2218,2068,1070,998,1425,757,668,643,313,330
143,Nassau County (Central)--Hempstead Town (Northeast) PUMA,7639,3623,4016,6973,3490,3483,666,133,533,4764,2029,2735,4402,1988,2414,362,41,321,2309,1264,1045,2005,1172,833,304,92,212,566,330,236,566,330,236,0,0,0
144,NYC-Brooklyn Community District 14--Flatbush & Midwood PUMA,14528,8185,6343,13037,7816,5221,1491,369,1122,5795,2502,3293,5213,2367,2846,582,135,447,6361,4303,2058,5452,4069,1383,909,234,675,2372,1380,992,2372,1380,992,0,0,0
145,"Rockland County (West)--Spring Valley, Suffern Villages & Monsey PUMA",8418,4002,4416,6803,3391,3412,1615,611,1004,2078,992,1086,1780,822,958,298,170,128,4215,1916,2299,3597,1850,1747,618,66,552,2125,1094,1031,1426,719,707,699,375,324
146,Capital Region,23359,12812,10547,20734,12075,8659,2625,737,1888,14120,8058,6062,12518,7584,4934,1602,474,1128,8196,4102,4094,7251,3917,3334,945,185,760,1043,652,391,965,574,391,78,78,0
147,Central NY,11811,5940,5871,9426,5319,4107,2385,621,1764,6091,3356,2735,5558,3177,2381,533,179,354,4662,2079,2583,3110,1693,1417,1552,386,1166,1058,505,553,758,449,309,300,56,244
148,Finger Lakes,18434,10224,8210,14602,8840,5762,3832,1384,2448,10634,6029,4605,9001,5208,3793,1633,821,812,5945,3317,2628,4164,2754,1410,1781,563,1218,1855,878,977,1437,878,559,418,0,418
149,Long Island,200462,110781,89681,174010,103379,70631,26452,7402,19050,86411,43088,43323,76827,40913,35914,9584,2175,7409,87123,50025,37098,73909,45554,28355,13214,4471,8743,26928,17668,9260,23274,16912,6362,3654,756,2898
150,Mid-Hudson,150935,81244,69691,122851,73977,48874,28084,7267,20817,58881,30293,28588,50386,28386,22000,8495,1907,6588,72160,38623,33537,57069,34356,22713,15091,4267,10824,19894,12328,7566,15396,11235,4161,4498,1093,3405
151,Mohawk Valley,6510,3499,3011,5373,3144,2229,1137,355,782,1985,1191,794,1810,1100,710,175,91,84,3557,1809,1748,2934,1690,1244,623,119,504,968,499,469,629,354,275,339,145,194
152,New York City,907732,489705,418027,754049,432155,321894,153683,57550,96133,417191,201326,215865,361906,181380,180526,55285,19946,35339,391679,225314,166365,315872,197877,117995,75807,27437,48370,98862,63065,35797,76271,52898,23373,22591,10167,12424
153,North Country,4101,1894,2207,2899,1326,1573,1202,568,634,2467,1280,1187,1947,826,1121,520,454,66,1479,614,865,851,500,351,628,114,514,155,0,155,101,0,101,54,0,54
154,Southern Tier,11685,5592,6093,8366,4604,3762,3319,988,2331,6170,3181,2989,4034,2456,1578,2136,725,1411,3988,1571,2417,2964,1343,1621,1024,228,796,1527,840,687,1368,805,563,159,35,124
155,Western NY,21255,12698,8557,16389,10157,6232,4866,2541,2325,10164,6300,3864,8453,5186,3267,1711,1114,597,8543,5135,3408,6295,4456,1839,2248,679,1569,2548,1263,1285,1641,515,1126,907,748,159
