,puma,Total_geo,Total_geo_m,Total_geo_f,Total_Emp_mf_t,Total_emp_m,Total_emp_f,Total_UnEmp_mf_t,Total_UnEmp_m,Total_UnEmp_f,Total_BABS,Total_BABS_m,Total_BABS_f,BABS_Emp_mf_t,BABS_emp_m,BABS_emp_f,BABS_UnEmp_mf_t,BABS_UnEmp_m,BABS_UnEmp_f,Total_HS,Total_HS_m,Total_HS_f,HS_Emp_mf_t,HS_emp_m,HS_emp_f,HS_UnEmp_mf_t,HS_UnEmp_m,HS_UnEmp_f,Total_HSINC,Total_HSINC_m,Total_HSINC_f,HSINC_Emp_mf_t,HSINC_emp_m,HSINC_emp_f,HSINC_UnEmp_mf_t,HSINC_UnEmp_m,HSINC_UnEmp_f
0,Total Geo,1342366,729902,612464,1299132,708812,590320,43234,21090,22144,607267,302934,304333,589073,292626,296447,18194,10308,7886,580870,328992,251878,560410,320572,239838,20460,8420,12040,154229,97976,56253,149649,95614,54035,4580,2362,2218
1,"NYC-Manhattan Community District 9--Hamilton Heights, Manhattanville & West Harlem PUMA",20077,10981,9096,19603,10731,8872,474,250,224,9663,4250,5413,9189,4000,5189,474,250,224,9260,5879,3381,9260,5879,3381,0,0,0,1154,852,302,1154,852,302,0,0,0
2,Ulster County (East) PUMA,2631,781,1850,2331,565,1766,300,216,84,868,391,477,788,311,477,80,80,0,1370,307,1063,1150,171,979,220,136,84,393,83,310,393,83,310,0,0,0
3,Albany County (East Central)--Albany City PUMA,4722,2550,2172,4722,2550,2172,0,0,0,2046,967,1079,2046,967,1079,0,0,0,2420,1327,1093,2420,1327,1093,0,0,0,256,256,0,256,256,0,0,0,0
4,Chemung (South) & Steuben (East) Counties--Greater Elmira & Greater Corning Cities PUMA,1265,371,894,1265,371,894,0,0,0,799,371,428,799,371,428,0,0,0,67,0,67,67,0,67,0,0,0,399,0,399,399,0,399,0,0,0
5,Ontario & Yates Counties PUMA,1505,841,664,1363,841,522,142,0,142,1191,841,350,1191,841,350,0,0,0,314,0,314,172,0,172,142,0,142,0,0,0,0,0,0,0,0,0
6,Suffolk County (North Central)--Brookhaven Town (North) PUMA,4143,2586,1557,4143,2586,1557,0,0,0,2698,2200,498,2698,2200,498,0,0,0,1412,386,1026,1412,386,1026,0,0,0,33,0,33,33,0,33,0,0,0
7,Westchester County (South Central)--New Rochelle & Mount Vernon Cities PUMA,17659,9259,8400,17087,8882,8205,572,377,195,6606,3594,3012,6302,3352,2950,304,242,62,8903,3935,4968,8770,3935,4835,133,0,133,2150,1730,420,2015,1595,420,135,135,0
8,"Clinton, Franklin, Essex & Hamilton Counties PUMA",1456,431,1025,1321,381,940,135,50,85,857,232,625,807,182,625,50,50,0,498,199,299,413,199,214,85,0,85,101,0,101,101,0,101,0,0,0
9,Oneida County (Central)--Greater Utica & Rome Cities PUMA,5010,2841,2169,4850,2681,2169,160,160,0,1337,714,623,1263,640,623,74,74,0,3002,1628,1374,2916,1542,1374,86,86,0,671,499,172,671,499,172,0,0,0
10,"NYC-Bronx Community District 3 & 6--Belmont, Crotona Park East & East Tremont PUMA",16616,9612,7004,15256,9006,6250,1360,606,754,4040,2494,1546,3958,2412,1546,82,82,0,8504,5046,3458,7811,4924,2887,693,122,571,4072,2072,2000,3487,1670,1817,585,402,183
11,Livingston & Wyoming Counties PUMA,952,541,411,952,541,411,0,0,0,639,487,152,639,487,152,0,0,0,113,33,80,113,33,80,0,0,0,200,21,179,200,21,179,0,0,0
12,NYC-Manhattan Community District 3--Chinatown & Lower East Side PUMA,7470,3923,3547,6713,3166,3547,757,757,0,4712,2669,2043,3955,1912,2043,757,757,0,2505,1254,1251,2505,1254,1251,0,0,0,253,0,253,253,0,253,0,0,0
13,Suffolk County (West Central)--Babylon Town (Northwest) PUMA,9666,5830,3836,8968,5719,3249,698,111,587,2343,849,1494,2260,849,1411,83,0,83,5149,4161,988,5149,4161,988,0,0,0,2174,820,1354,1559,709,850,615,111,504
14,Broome County (West Central)--Greater Binghamton City & Greater Johnson City Village PUMA,4133,2211,1922,3867,2076,1791,266,135,131,2399,1602,797,2133,1467,666,266,135,131,1196,301,895,1196,301,895,0,0,0,538,308,230,538,308,230,0,0,0
15,Nassau County (Northwest)--North Hempstead Town (North) PUMA,10646,5873,4773,10620,5873,4747,26,0,26,6648,3870,2778,6648,3870,2778,0,0,0,3069,1640,1429,3043,1640,1403,26,0,26,929,363,566,929,363,566,0,0,0
16,Monroe County (Central)--Rochester City (East) PUMA,1278,521,757,1197,440,757,81,81,0,729,441,288,648,360,288,81,81,0,243,80,163,243,80,163,0,0,0,306,0,306,306,0,306,0,0,0
17,Westchester County (Northwest) PUMA,11278,5891,5387,10918,5891,5027,360,0,360,4326,2407,1919,4045,2407,1638,281,0,281,5555,2727,2828,5476,2727,2749,79,0,79,1397,757,640,1397,757,640,0,0,0
18,NYC-Brooklyn Community District 16--Brownsville & Ocean Hill PUMA,5756,3523,2233,5756,3523,2233,0,0,0,2185,1150,1035,2185,1150,1035,0,0,0,3082,2014,1068,3082,2014,1068,0,0,0,489,359,130,489,359,130,0,0,0
19,Onondaga County (Central)--Syracuse City PUMA,3961,1812,2149,3329,1652,1677,632,160,472,2279,893,1386,2073,856,1217,206,37,169,1447,796,651,1021,673,348,426,123,303,235,123,112,235,123,112,0,0,0
20,Westchester County (Northeast) PUMA,7836,4274,3562,7071,4199,2872,765,75,690,3493,1851,1642,2972,1851,1121,521,0,521,2483,1621,862,2408,1546,862,75,75,0,1860,802,1058,1691,802,889,169,0,169
21,Madison & Cortland Counties PUMA,282,42,240,282,42,240,0,0,0,160,42,118,160,42,118,0,0,0,42,0,42,42,0,42,0,0,0,80,0,80,80,0,80,0,0,0
22,Erie County (West Central)--Buffalo City (West) PUMA,4427,2458,1969,4164,2404,1760,263,54,209,1411,827,584,1411,827,584,0,0,0,1357,691,666,1204,691,513,153,0,153,1659,940,719,1549,886,663,110,54,56
23,Monroe County (Central)--Rochester City (West) PUMA,2763,1952,811,2578,1848,730,185,104,81,1018,758,260,1018,758,260,0,0,0,1519,968,551,1334,864,470,185,104,81,226,226,0,226,226,0,0,0,0
24,Suffolk County (Central)--Islip Town (East) PUMA,2412,1170,1242,2412,1170,1242,0,0,0,1502,734,768,1502,734,768,0,0,0,749,436,313,749,436,313,0,0,0,161,0,161,161,0,161,0,0,0
25,Nassau County (Central)--Hempstead Town (East Central) PUMA,3668,2025,1643,3668,2025,1643,0,0,0,2485,1471,1014,2485,1471,1014,0,0,0,1096,467,629,1096,467,629,0,0,0,87,87,0,87,87,0,0,0,0
26,"NYC-Bronx Community District 5--Morris Heights, Fordham South & Mount Hope PUMA",13567,7858,5709,12959,7588,5371,608,270,338,2722,1514,1208,2722,1514,1208,0,0,0,7160,4101,3059,6812,3943,2869,348,158,190,3685,2243,1442,3425,2131,1294,260,112,148
27,St. Lawrence County PUMA,1108,693,415,921,693,228,187,0,187,950,693,257,894,693,201,56,0,56,146,0,146,15,0,15,131,0,131,12,0,12,12,0,12,0,0,0
28,Columbia & Greene Counties PUMA,729,304,425,729,304,425,0,0,0,280,127,153,280,127,153,0,0,0,424,177,247,424,177,247,0,0,0,25,0,25,25,0,25,0,0,0
29,NYC-Brooklyn Community District 2--Brooklyn Heights & Fort Greene PUMA,7567,3753,3814,7501,3687,3814,66,66,0,5884,2719,3165,5818,2653,3165,66,66,0,1459,810,649,1459,810,649,0,0,0,224,224,0,224,224,0,0,0,0
30,"NYC-Queens Community District 8--Briarwood, Fresh Meadows & Hillcrest PUMA",25795,15121,10674,25346,14920,10426,449,201,248,13290,7346,5944,13062,7217,5845,228,129,99,11097,7095,4002,10876,7023,3853,221,72,149,1408,680,728,1408,680,728,0,0,0
31,Monroe County (North & West) PUMA,282,196,86,282,196,86,0,0,0,0,0,0,0,0,0,0,0,0,139,53,86,139,53,86,0,0,0,143,143,0,143,143,0,0,0,0
32,Schenectady County--Schenectady City PUMA,2856,1579,1277,2856,1579,1277,0,0,0,1331,732,599,1331,732,599,0,0,0,1468,790,678,1468,790,678,0,0,0,57,57,0,57,57,0,0,0,0
33,"Rockland County (West)--Spring Valley, Suffern Villages & Monsey PUMA",8710,4002,4708,8418,4002,4416,292,0,292,2078,992,1086,2078,992,1086,0,0,0,4507,1916,2591,4215,1916,2299,292,0,292,2125,1094,1031,2125,1094,1031,0,0,0
34,Niagara County (North & East) PUMA,408,295,113,408,295,113,0,0,0,294,201,93,294,201,93,0,0,0,98,78,20,98,78,20,0,0,0,16,16,0,16,16,0,0,0,0
35,Suffolk County (Central)--Brookhaven Town (Central) PUMA,4940,3241,1699,4861,3162,1699,79,79,0,1703,1085,618,1624,1006,618,79,79,0,2805,2056,749,2805,2056,749,0,0,0,432,100,332,432,100,332,0,0,0
36,Suffolk County (East) PUMA,9387,5088,4299,9010,5088,3922,377,0,377,1672,702,970,1672,702,970,0,0,0,5782,3185,2597,5492,3185,2307,290,0,290,1933,1201,732,1846,1201,645,87,0,87
37,Warren & Washington Counties PUMA,1168,547,621,1117,547,570,51,0,51,686,384,302,686,384,302,0,0,0,247,129,118,247,129,118,0,0,0,235,34,201,184,34,150,51,0,51
38,NYC-Queens Community District 6--Forest Hills & Rego Park PUMA,25740,12147,13593,25225,11841,13384,515,306,209,18214,7947,10267,17699,7641,10058,515,306,209,7083,3812,3271,7083,3812,3271,0,0,0,443,388,55,443,388,55,0,0,0
39,"NYC-Brooklyn Community District 9--Crown Heights South, Prospect Lefferts & Wingate PUMA",6196,2606,3590,6196,2606,3590,0,0,0,2870,1073,1797,2870,1073,1797,0,0,0,2627,1197,1430,2627,1197,1430,0,0,0,699,336,363,699,336,363,0,0,0
40,Westchester County (Central)--White Plains City PUMA,14988,8926,6062,14753,8866,5887,235,60,175,7892,4400,3492,7657,4340,3317,235,60,175,5936,4004,1932,5936,4004,1932,0,0,0,1160,522,638,1160,522,638,0,0,0
41,"NYC-Bronx Community District 1 & 2--Hunts Point, Longwood & Melrose PUMA",13078,7073,6005,12604,6844,5760,474,229,245,3075,1350,1725,3075,1350,1725,0,0,0,7522,3901,3621,7076,3672,3404,446,229,217,2481,1822,659,2453,1822,631,28,0,28
42,Erie County (North Central) PUMA,4113,2234,1879,3872,2098,1774,241,136,105,3109,1596,1513,2868,1460,1408,241,136,105,628,477,151,628,477,151,0,0,0,376,161,215,376,161,215,0,0,0
43,Chautauqua County PUMA,860,462,398,860,462,398,0,0,0,419,180,239,419,180,239,0,0,0,227,227,0,227,227,0,0,0,0,214,55,159,214,55,159,0,0,0
44,Dutchess County (Southwest) PUMA,7368,3633,3735,6858,3504,3354,510,129,381,2576,1399,1177,2509,1332,1177,67,67,0,3692,2032,1660,3249,1970,1279,443,62,381,1100,202,898,1100,202,898,0,0,0
45,Westchester County (Southeast) PUMA,13136,8696,4440,13049,8696,4353,87,0,87,6022,3526,2496,6022,3526,2496,0,0,0,5343,3913,1430,5256,3913,1343,87,0,87,1771,1257,514,1771,1257,514,0,0,0
46,Rockland County (North)--New City & Congers PUMA,11315,5870,5445,10914,5775,5139,401,95,306,5109,2939,2170,4964,2844,2120,145,95,50,5562,2393,3169,5306,2393,2913,256,0,256,644,538,106,644,538,106,0,0,0
47,NYC-Staten Island Community District 2--New Springville & South Beach PUMA,13761,8224,5537,13587,8082,5505,174,142,32,8076,4791,3285,7902,4649,3253,174,142,32,4496,2591,1905,4496,2591,1905,0,0,0,1189,842,347,1189,842,347,0,0,0
48,Suffolk County (Southwest)--Islip Town (South) PUMA,3605,2624,981,3525,2544,981,80,80,0,1799,958,841,1799,958,841,0,0,0,1485,1439,46,1405,1359,46,80,80,0,321,227,94,321,227,94,0,0,0
49,Erie County (West Central)--Buffalo City (East) PUMA,3288,2330,958,2893,1935,958,395,395,0,1329,998,331,1208,877,331,121,121,0,1959,1332,627,1685,1058,627,274,274,0,0,0,0,0,0,0,0,0,0
50,Wayne & Seneca Counties PUMA,703,180,523,703,180,523,0,0,0,284,160,124,284,160,124,0,0,0,419,20,399,419,20,399,0,0,0,0,0,0,0,0,0,0,0,0
51,Monroe County (South) PUMA,5588,3043,2545,5382,3043,2339,206,0,206,3742,1795,1947,3652,1795,1857,90,0,90,1145,800,345,1029,800,229,116,0,116,701,448,253,701,448,253,0,0,0
52,Tompkins County PUMA,3758,1568,2190,3700,1568,2132,58,0,58,2123,890,1233,2065,890,1175,58,0,58,1635,678,957,1635,678,957,0,0,0,0,0,0,0,0,0,0,0,0
53,Suffolk County (South Central)--Brookhaven Town (South) PUMA,6043,3300,2743,5623,2880,2743,420,420,0,1199,756,443,1199,756,443,0,0,0,2618,959,1659,2557,898,1659,61,61,0,2226,1585,641,1867,1226,641,359,359,0
54,"Otsego, Schoharie, Oneida (South) & Herkimer (South) Counties PUMA",546,157,389,546,157,389,0,0,0,205,97,108,205,97,108,0,0,0,319,60,259,319,60,259,0,0,0,22,0,22,22,0,22,0,0,0
55,NYC-Manhattan Community District 8--Upper East Side PUMA,20908,9715,11193,20742,9589,11153,166,126,40,19125,8901,10224,18959,8775,10184,166,126,40,1741,772,969,1741,772,969,0,0,0,42,42,0,42,42,0,0,0,0
56,"NYC-Manhattan Community District 1 & 2--Battery Park City, Greenwich Village & Soho PUMA",8900,4014,4886,8710,4014,4696,190,0,190,8314,3743,4571,8314,3743,4571,0,0,0,396,271,125,396,271,125,0,0,0,190,0,190,0,0,0,190,0,190
57,"NYC-Manhattan Community District 12--Washington Heights, Inwood & Marble Hill PUMA",28648,17391,11257,27880,16996,10884,768,395,373,9918,4749,5169,9716,4547,5169,202,202,0,16037,10152,5885,15567,9959,5608,470,193,277,2693,2490,203,2597,2490,107,96,0,96
58,NYC-Brooklyn Community District 18--Canarsie & Flatlands PUMA,15536,7958,7578,15348,7863,7485,188,95,93,6080,3121,2959,6037,3121,2916,43,0,43,8418,4172,4246,8368,4172,4196,50,0,50,1038,665,373,943,570,373,95,95,0
59,"NYC-Bronx Community District 12--Wakefield, Williamsbridge & Woodlawn PUMA",9743,4711,5032,9346,4611,4735,397,100,297,3012,1078,1934,2715,1078,1637,297,0,297,5021,2705,2316,4921,2605,2316,100,100,0,1710,928,782,1710,928,782,0,0,0
60,Suffolk County (Central)--Islip Town (Northwest) PUMA,21578,11785,9793,21396,11689,9707,182,96,86,2875,1389,1486,2779,1293,1486,96,96,0,14049,7768,6281,13963,7768,6195,86,0,86,4654,2628,2026,4654,2628,2026,0,0,0
61,"NYC-Queens Community District 14--Far Rockaway, Breezy Point & Broad Channel PUMA",11821,5997,5824,11381,5829,5552,440,168,272,5748,2533,3215,5748,2533,3215,0,0,0,5375,3464,1911,4935,3296,1639,440,168,272,698,0,698,698,0,698,0,0,0
62,Saratoga County (South & Central) PUMA,1991,1457,534,1899,1365,534,92,92,0,1417,1090,327,1325,998,327,92,92,0,404,325,79,404,325,79,0,0,0,170,42,128,170,42,128,0,0,0
63,Cattaraugus & Allegany Counties PUMA,292,205,87,282,195,87,10,10,0,240,205,35,230,195,35,10,10,0,52,0,52,52,0,52,0,0,0,0,0,0,0,0,0,0,0,0
64,Genesee & Orleans Counties PUMA,464,464,0,464,464,0,0,0,0,0,0,0,0,0,0,0,0,0,464,464,0,464,464,0,0,0,0,0,0,0,0,0,0,0,0,0
65,Cayuga & Onondaga (South) Counties PUMA,1301,681,620,1301,681,620,0,0,0,507,295,212,507,295,212,0,0,0,748,340,408,748,340,408,0,0,0,46,46,0,46,46,0,0,0,0
66,Sullivan & Ulster (West) Counties PUMA,3341,1973,1368,3237,1869,1368,104,104,0,718,391,327,718,391,327,0,0,0,1940,899,1041,1836,795,1041,104,104,0,683,683,0,683,683,0,0,0,0
67,"NYC-Bronx Community District 7--Bedford Park, Fordham North & Norwood PUMA",15484,9676,5808,14759,9407,5352,725,269,456,4528,2301,2227,4313,2225,2088,215,76,139,9158,6606,2552,8801,6413,2388,357,193,164,1798,769,1029,1645,769,876,153,0,153
68,Suffolk County (Central)--Brookhaven Town (West Central) PUMA,6541,4117,2424,6485,4061,2424,56,56,0,2896,1703,1193,2896,1703,1193,0,0,0,2680,1806,874,2624,1750,874,56,56,0,965,608,357,965,608,357,0,0,0
69,NYC-Queens Community District 1--Astoria & Long Island City PUMA,23671,12210,11461,22553,11687,10866,1118,523,595,12147,6069,6078,11789,5880,5909,358,189,169,10014,5218,4796,9254,4884,4370,760,334,426,1510,923,587,1510,923,587,0,0,0
70,Jefferson & Lewis Counties PUMA,1606,698,908,1606,698,908,0,0,0,716,355,361,716,355,361,0,0,0,848,343,505,848,343,505,0,0,0,42,0,42,42,0,42,0,0,0
71,Nassau County (West Central)--Hempstead Town (Northwest) PUMA,12923,7056,5867,12421,6787,5634,502,269,233,6421,2627,3794,6242,2627,3615,179,0,179,4549,3122,1427,4226,2853,1373,323,269,54,1953,1307,646,1953,1307,646,0,0,0
72,Nassau County (Central)--Hempstead Town (North Central)--Meadowbrook Corridor PUMA,13948,7225,6723,13765,7123,6642,183,102,81,2713,1250,1463,2713,1250,1463,0,0,0,7965,3243,4722,7782,3141,4641,183,102,81,3270,2732,538,3270,2732,538,0,0,0
73,Orange County (Northeast)--Greater Newburgh City PUMA,5089,2947,2142,5004,2947,2057,85,0,85,1852,567,1285,1852,567,1285,0,0,0,2937,2080,857,2852,2080,772,85,0,85,300,300,0,300,300,0,0,0,0
74,"NYC-Bronx Community District 11--Pelham Parkway, Morris Park & Laconia PUMA",9819,6056,3763,9607,5844,3763,212,212,0,3499,1527,1972,3499,1527,1972,0,0,0,4428,3136,1292,4216,2924,1292,212,212,0,1892,1393,499,1892,1393,499,0,0,0
75,"NYC-Queens Community District 12--Jamaica, Hollis & St. Albans PUMA",15473,9430,6043,14957,9074,5883,516,356,160,4651,2968,1683,4357,2674,1683,294,294,0,8212,4599,3613,7990,4537,3453,222,62,160,2610,1863,747,2610,1863,747,0,0,0
76,Erie County (Central) PUMA,3368,2032,1336,3368,2032,1336,0,0,0,1210,765,445,1210,765,445,0,0,0,2158,1267,891,2158,1267,891,0,0,0,0,0,0,0,0,0,0,0,0
77,"NYC-Staten Island Community District 1--Port Richmond, Stapleton & Mariner's Harbor PUMA",17748,9277,8471,17078,8941,8137,670,336,334,7894,3399,4495,7518,3063,4455,376,336,40,8003,4763,3240,7709,4763,2946,294,0,294,1851,1115,736,1851,1115,736,0,0,0
78,"NYC-Brooklyn Community District 15--Sheepshead Bay, Gerritsen Beach & Homecrest PUMA",25913,11677,14236,25504,11268,14236,409,409,0,12863,4839,8024,12764,4740,8024,99,99,0,11419,5703,5716,11109,5393,5716,310,310,0,1631,1135,496,1631,1135,496,0,0,0
79,"NYC-Bronx Community District 8--Riverdale, Fieldston & Kingsbridge PUMA",12149,6346,5803,11926,6183,5743,223,163,60,5551,2591,2960,5328,2428,2900,223,163,60,5336,3113,2223,5336,3113,2223,0,0,0,1262,642,620,1262,642,620,0,0,0
80,NYC-Brooklyn Community District 5--East New York & Starrett City PUMA,18268,8990,9278,18037,8911,9126,231,79,152,2112,836,1276,2112,836,1276,0,0,0,13076,6412,6664,12924,6412,6512,152,0,152,3080,1742,1338,3001,1663,1338,79,79,0
81,Onondaga County (Central)--Syracuse City (Outer) PUMA,2962,1268,1694,2962,1268,1694,0,0,0,1822,962,860,1822,962,860,0,0,0,1050,216,834,1050,216,834,0,0,0,90,90,0,90,90,0,0,0,0
82,"NYC-Manhattan Community District 6--Murray Hill, Gramercy & Stuyvesant Town PUMA",12556,7226,5330,12495,7226,5269,61,0,61,10931,5735,5196,10870,5735,5135,61,0,61,1625,1491,134,1625,1491,134,0,0,0,0,0,0,0,0,0,0,0,0
83,"Chenango, Delaware & Broome (East) Counties PUMA",797,333,464,726,333,393,71,0,71,212,94,118,141,94,47,71,0,71,509,163,346,509,163,346,0,0,0,76,76,0,76,76,0,0,0,0
84,Orange County (Northwest) PUMA,6564,3055,3509,6550,3055,3495,14,0,14,1468,688,780,1468,688,780,0,0,0,4965,2367,2598,4951,2367,2584,14,0,14,131,0,131,131,0,131,0,0,0
85,NYC-Brooklyn Community District 7--Sunset Park & Windsor Terrace PUMA,12524,6181,6343,12183,6075,6108,341,106,235,4583,1848,2735,4583,1848,2735,0,0,0,5189,2856,2333,4848,2750,2098,341,106,235,2752,1477,1275,2752,1477,1275,0,0,0
86,Nassau County (Northeast)--Oyster Bay Town (North) & Glen Cove City PUMA,7044,3933,3111,6860,3933,2927,184,0,184,5287,2606,2681,5103,2606,2497,184,0,184,1394,964,430,1394,964,430,0,0,0,363,363,0,363,363,0,0,0,0
87,Dutchess County (North & East) PUMA,3015,1988,1027,2840,1813,1027,175,175,0,1144,488,656,969,313,656,175,175,0,951,661,290,951,661,290,0,0,0,920,839,81,920,839,81,0,0,0
88,Putnam County PUMA,4500,2194,2306,4461,2194,2267,39,0,39,1984,734,1250,1945,734,1211,39,0,39,2079,1057,1022,2079,1057,1022,0,0,0,437,403,34,437,403,34,0,0,0
89,Albany County (Outside Albany City) PUMA,6889,3684,3205,6724,3519,3205,165,165,0,4429,2365,2064,4264,2200,2064,165,165,0,2222,1134,1088,2222,1134,1088,0,0,0,238,185,53,238,185,53,0,0,0
90,"NYC-Bronx Community District 10--Co-op City, Pelham Bay & Schuylerville PUMA",4862,2796,2066,4530,2698,1832,332,98,234,1962,1709,253,1864,1611,253,98,98,0,2285,905,1380,2051,905,1146,234,0,234,615,182,433,615,182,433,0,0,0
91,NYC-Queens Community District 4--Elmhurst & South Corona PUMA,33563,21121,12442,32745,20447,12298,818,674,144,11218,7102,4116,10629,6579,4050,589,523,66,16617,9689,6928,16388,9538,6850,229,151,78,5728,4330,1398,5728,4330,1398,0,0,0
92,"NYC-Brooklyn Community District 12--Borough Park, Kensington & Ocean Parkway PUMA",10447,6179,4268,10304,6179,4125,143,0,143,4260,2567,1693,4260,2567,1693,0,0,0,4949,2639,2310,4806,2639,2167,143,0,143,1238,973,265,1238,973,265,0,0,0
93,Nassau County (Southeast)--Oyster Bay Town (South) PUMA,2123,1579,544,2123,1579,544,0,0,0,1335,987,348,1335,987,348,0,0,0,497,362,135,497,362,135,0,0,0,291,230,61,291,230,61,0,0,0
94,Suffolk County (Northwest)--Huntington Town (South) PUMA,6712,3478,3234,6537,3303,3234,175,175,0,5243,2743,2500,5068,2568,2500,175,175,0,1014,280,734,1014,280,734,0,0,0,455,455,0,455,455,0,0,0,0
95,Oswego County PUMA,377,62,315,377,62,315,0,0,0,0,0,0,0,0,0,0,0,0,377,62,315,377,62,315,0,0,0,0,0,0,0,0,0,0,0,0
96,Rensselaer County--Troy City PUMA,3145,1913,1232,3046,1913,1133,99,0,99,2667,1747,920,2667,1747,920,0,0,0,344,166,178,344,166,178,0,0,0,134,0,134,35,0,35,99,0,99
97,Saratoga County (Outer) PUMA,1374,627,747,1374,627,747,0,0,0,707,573,134,707,573,134,0,0,0,667,54,613,667,54,613,0,0,0,0,0,0,0,0,0,0,0,0
98,Herkimer (North & Central) & Oneida (Outer) Counties PUMA,733,279,454,605,279,326,128,0,128,88,88,0,88,88,0,0,0,0,370,191,179,306,191,115,64,0,64,275,0,275,211,0,211,64,0,64
99,Monroe County (East) PUMA,3127,1515,1612,3001,1515,1486,126,0,126,1790,945,845,1790,945,845,0,0,0,1098,570,528,972,570,402,126,0,126,239,0,239,239,0,239,0,0,0
100,"NYC-Queens Community District 13--Queens Village, Cambria Heights & Rosedale PUMA",21563,11484,10079,20693,10743,9950,870,741,129,10494,5379,5115,9781,4795,4986,713,584,129,9998,5271,4727,9841,5114,4727,157,157,0,1071,834,237,1071,834,237,0,0,0
101,Erie County (South) PUMA,686,617,69,686,617,69,0,0,0,134,134,0,134,134,0,0,0,0,552,483,69,552,483,69,0,0,0,0,0,0,0,0,0,0,0,0
102,Monroe County (Central)--Greece & Gates Towns PUMA,1471,863,608,1471,863,608,0,0,0,977,529,448,977,529,448,0,0,0,454,294,160,454,294,160,0,0,0,40,40,0,40,40,0,0,0,0
103,NYC-Manhattan Community District 7--Upper West Side & West Side PUMA,18994,11233,7761,18327,10770,7557,667,463,204,16064,8960,7104,15786,8682,7104,278,278,0,2403,1857,546,2014,1672,342,389,185,204,527,416,111,527,416,111,0,0,0
104,NYC-Manhattan Community District 11--East Harlem PUMA,9029,4759,4270,8736,4466,4270,293,293,0,3755,1816,1939,3596,1657,1939,159,159,0,3785,1825,1960,3651,1691,1960,134,134,0,1489,1118,371,1489,1118,371,0,0,0
105,"NYC-Queens Community District 7--Flushing, Murray Hill & Whitestone PUMA",33591,17149,16442,32339,16429,15910,1252,720,532,12873,5687,7186,12478,5567,6911,395,120,275,16024,8609,7415,15382,8224,7158,642,385,257,4694,2853,1841,4479,2638,1841,215,215,0
106,NYC-Brooklyn Community District 1--Greenpoint & Williamsburg PUMA,12530,6176,6354,12298,6176,6122,232,0,232,7596,3281,4315,7364,3281,4083,232,0,232,3419,1964,1455,3419,1964,1455,0,0,0,1515,931,584,1515,931,584,0,0,0
107,Onondaga County (North) PUMA,3149,1727,1422,2907,1727,1180,242,0,242,1182,816,366,1060,816,244,122,0,122,1414,665,749,1294,665,629,120,0,120,553,246,307,553,246,307,0,0,0
108,NYC-Brooklyn Community District 14--Flatbush & Midwood PUMA,14333,8245,6088,13719,7732,5987,614,513,101,5911,2580,3331,5696,2403,3293,215,177,38,6050,4285,1765,5651,3949,1702,399,336,63,2372,1380,992,2372,1380,992,0,0,0
109,"Rockland County (South)--Orangetown, Clarkstown (South) & Ramapo (Southeast) Towns PUMA",4951,2155,2796,4951,2155,2796,0,0,0,1602,476,1126,1602,476,1126,0,0,0,3118,1448,1670,3118,1448,1670,0,0,0,231,231,0,231,231,0,0,0,0
110,NYC-Brooklyn Community District 13--Brighton Beach & Coney Island PUMA,14520,6401,8119,13558,6133,7425,962,268,694,9284,3693,5591,8830,3551,5279,454,142,312,3949,1709,2240,3504,1646,1858,445,63,382,1287,999,288,1224,936,288,63,63,0
111,"NYC-Bronx Community District 4--Concourse, Highbridge & Mount Eden PUMA",16625,7215,9410,14807,6082,8725,1818,1133,685,4102,1549,2553,3602,1049,2553,500,500,0,10112,4253,5859,9339,3963,5376,773,290,483,2411,1413,998,1866,1070,796,545,343,202
112,Erie County (Northeast) PUMA,740,429,311,740,429,311,0,0,0,552,296,256,552,296,256,0,0,0,188,133,55,188,133,55,0,0,0,0,0,0,0,0,0,0,0,0
113,NYC-Brooklyn Community District 8--Crown Heights North & Prospect Heights PUMA,6415,4132,2283,6227,4132,2095,188,0,188,3142,1956,1186,3142,1956,1186,0,0,0,2450,1500,950,2262,1500,762,188,0,188,823,676,147,823,676,147,0,0,0
114,NYC-Queens Community District 3--Jackson Heights & North Corona PUMA,33097,19025,14072,31687,18788,12899,1410,237,1173,7854,3302,4552,6995,3065,3930,859,237,622,18187,10532,7655,17636,10532,7104,551,0,551,7056,5191,1865,7056,5191,1865,0,0,0
115,Fulton & Montgomery Counties PUMA,371,308,63,371,308,63,0,0,0,355,292,63,355,292,63,0,0,0,16,16,0,16,16,0,0,0,0,0,0,0,0,0,0,0,0,0
116,Niagara County (Southwest)--Greater Niagara Falls & North Tonawanda Area PUMA,1097,807,290,1097,807,290,0,0,0,660,660,0,660,660,0,0,0,0,437,147,290,437,147,290,0,0,0,0,0,0,0,0,0,0,0,0
117,"Steuben (North & West), Schuyler & Chemung (North) Counties PUMA",657,559,98,657,559,98,0,0,0,209,175,34,209,175,34,0,0,0,6,0,6,6,0,6,0,0,0,442,384,58,442,384,58,0,0,0
118,NYC-Brooklyn Community District 4--Bushwick PUMA,9800,4930,4870,9508,4706,4802,292,224,68,2831,1320,1511,2644,1201,1443,187,119,68,5505,2749,2756,5400,2644,2756,105,105,0,1464,861,603,1464,861,603,0,0,0
119,"NYC-Manhattan Community District 4 & 5--Chelsea, Clinton & Midtown Business District PUMA",19887,9650,10237,18629,8885,9744,1258,765,493,15544,6845,8699,15051,6845,8206,493,0,493,4176,2732,1444,3411,1967,1444,765,765,0,167,73,94,167,73,94,0,0,0
120,"NYC-Brooklyn Community District 6--Park Slope, Carroll Gardens & Red Hook PUMA",7416,4048,3368,6822,3701,3121,594,347,247,6189,3171,3018,5920,2991,2929,269,180,89,1104,877,227,779,710,69,325,167,158,123,0,123,123,0,123,0,0,0
121,NYC-Brooklyn Community District 3--Bedford-Stuyvesant PUMA,6250,3168,3082,6159,3168,2991,91,0,91,3211,1294,1917,3120,1294,1826,91,0,91,2844,1792,1052,2844,1792,1052,0,0,0,195,82,113,195,82,113,0,0,0
122,NYC-Queens Community District 10--Howard Beach & Ozone Park PUMA,13295,7424,5871,13022,7153,5869,273,271,2,5532,2600,2932,5489,2559,2930,43,41,2,5947,3533,2414,5717,3303,2414,230,230,0,1816,1291,525,1816,1291,525,0,0,0
123,Suffolk County (Northwest)--Huntington Town (North) PUMA,4106,2335,1771,4029,2335,1694,77,0,77,1515,615,900,1438,615,823,77,0,77,2102,1415,687,2102,1415,687,0,0,0,489,305,184,489,305,184,0,0,0
124,Orange County (Southeast) PUMA,5578,2701,2877,5578,2701,2877,0,0,0,3132,1606,1526,3132,1606,1526,0,0,0,1818,941,877,1818,941,877,0,0,0,628,154,474,628,154,474,0,0,0
125,Nassau County (East Central)--Oyster Bay Town (Central) PUMA,11674,6744,4930,11589,6659,4930,85,85,0,7121,3287,3834,7036,3202,3834,85,85,0,3618,2729,889,3618,2729,889,0,0,0,935,728,207,935,728,207,0,0,0
126,Suffolk County (Northwest)--Smithtown Town PUMA,3609,1863,1746,3609,1863,1746,0,0,0,2239,1138,1101,2239,1138,1101,0,0,0,1174,595,579,1174,595,579,0,0,0,196,130,66,196,130,66,0,0,0
127,"NYC-Brooklyn Community District 17--East Flatbush, Farragut & Rugby PUMA",8846,4308,4538,8606,4137,4469,240,171,69,1899,1016,883,1771,888,883,128,128,0,5883,2989,2894,5771,2946,2825,112,43,69,1064,303,761,1064,303,761,0,0,0
128,"NYC-Bronx Community District 9--Castle Hill, Clason Point & Parkchester PUMA",19118,10833,8285,18410,10459,7951,708,374,334,5945,3323,2622,5580,3064,2516,365,259,106,10198,5445,4753,9855,5330,4525,343,115,228,2975,2065,910,2975,2065,910,0,0,0
129,NYC-Queens Community District 9--Richmond Hill & Woodhaven PUMA,20215,12399,7816,19791,12128,7663,424,271,153,8251,4214,4037,8210,4214,3996,41,0,41,9329,6056,3273,8984,5785,3199,345,271,74,2635,2129,506,2597,2129,468,38,0,38
130,Westchester County (Southwest)--Yonkers City PUMA,21110,12425,8685,20514,12085,8429,596,340,256,6962,3898,3064,6686,3811,2875,276,87,189,10149,5659,4490,9907,5484,4423,242,175,67,3999,2868,1131,3921,2790,1131,78,78,0
131,Broome (Outer West) & Tioga Counties PUMA,531,230,301,531,230,301,0,0,0,260,49,211,260,49,211,0,0,0,234,144,90,234,144,90,0,0,0,37,37,0,37,37,0,0,0,0
132,NYC-Brooklyn Community District 10--Bay Ridge & Dyker Heights PUMA,15232,8777,6455,14679,8329,6350,553,448,105,7998,4187,3811,7798,3987,3811,200,200,0,5690,3841,1849,5409,3593,1816,281,248,33,1544,749,795,1472,749,723,72,0,72
133,"NYC-Queens Community District 5--Ridgewood, Glendale & Middle Village PUMA",31365,16463,14902,30378,16089,14289,987,374,613,14358,6812,7546,14062,6744,7318,296,68,228,15142,8625,6517,14592,8382,6210,550,243,307,1865,1026,839,1724,963,761,141,63,78
134,NYC-Manhattan Community District 10--Central Harlem PUMA,13662,7724,5938,13595,7724,5871,67,0,67,4737,2130,2607,4737,2130,2607,0,0,0,6146,3545,2601,6079,3545,2534,67,0,67,2779,2049,730,2779,2049,730,0,0,0
135,"NYC-Queens Community District 11--Bayside, Douglaston & Little Neck PUMA",17612,8960,8652,17295,8888,8407,317,72,245,10421,4573,5848,10378,4573,5805,43,0,43,5961,3785,2176,5687,3713,1974,274,72,202,1230,602,628,1230,602,628,0,0,0
136,Erie County (Northwest) PUMA,1147,627,520,1067,547,520,80,80,0,738,319,419,658,239,419,80,80,0,318,217,101,318,217,101,0,0,0,91,91,0,91,91,0,0,0,0
137,NYC-Queens Community District 2--Sunnyside & Woodside PUMA,30597,17656,12941,29205,17054,12151,1392,602,790,12525,6677,5848,12061,6445,5616,464,232,232,14003,8608,5395,13202,8365,4837,801,243,558,4069,2371,1698,3942,2244,1698,127,127,0
138,Suffolk County (Southwest)--Babylon Town (Southeast) PUMA,6737,3676,3061,5880,3164,2716,857,512,345,2359,1236,1123,1787,800,987,572,436,136,3578,1703,1875,3293,1627,1666,285,76,209,800,737,63,800,737,63,0,0,0
139,"NYC-Staten Island Community District 3--Tottenville, Great Kills & Annadale PUMA",11885,6560,5325,11692,6367,5325,193,193,0,5213,2679,2534,5118,2584,2534,95,95,0,5488,3386,2102,5390,3288,2102,98,98,0,1184,495,689,1184,495,689,0,0,0
140,Nassau County (West Central)--Hempstead Town (West Central) PUMA,11170,6163,5007,11093,6086,5007,77,77,0,5095,2417,2678,5095,2417,2678,0,0,0,5636,3307,2329,5559,3230,2329,77,77,0,439,439,0,439,439,0,0,0,0
141,Nassau County (Central)--Hempstead Town (Northeast) PUMA,7732,3623,4109,7639,3623,4016,93,0,93,4764,2029,2735,4764,2029,2735,0,0,0,2402,1264,1138,2309,1264,1045,93,0,93,566,330,236,566,330,236,0,0,0
142,Nassau County (Southwest)--Hempstead Town (Southwest) & Long Beach City PUMA,7375,2696,4679,6894,2696,4198,481,0,481,4113,1407,2706,4018,1407,2611,95,0,95,2571,904,1667,2185,904,1281,386,0,386,691,385,306,691,385,306,0,0,0
143,NYC-Brooklyn Community District 11--Bensonhurst & Bath Beach PUMA,29141,16746,12395,28131,16445,11686,1010,301,709,13709,6553,7156,13228,6378,6850,481,175,306,11922,7266,4656,11519,7266,4253,403,0,403,3510,2927,583,3384,2801,583,126,126,0
144,Nassau County (South Central)--Hempstead Town (Southeast) PUMA,5050,2670,2380,4932,2552,2380,118,118,0,1979,650,1329,1861,532,1329,118,118,0,2710,1736,974,2710,1736,974,0,0,0,361,284,77,361,284,77,0,0,0
145,Nassau County (West Central)--North Hempstead Town (South) PUMA,16355,9671,6684,15951,9671,6280,404,0,404,8377,4580,3797,8150,4580,3570,227,0,227,5647,3467,2180,5470,3467,2003,177,0,177,2331,1624,707,2331,1624,707,0,0,0
146,Capital Region,22874,12661,10213,22467,12404,10063,407,257,150,13563,7985,5578,13306,7728,5578,257,257,0,8196,4102,4094,8196,4102,4094,0,0,0,1115,574,541,965,574,391,150,0,150
147,Central NY,12032,5592,6440,11158,5432,5726,874,160,714,5950,3008,2942,5622,2971,2651,328,37,291,5078,2079,2999,4532,1956,2576,546,123,423,1004,505,499,1004,505,499,0,0,0
148,Finger Lakes,18133,10116,8017,17393,9931,7462,740,185,555,10370,5956,4414,10199,5875,4324,171,81,90,5908,3282,2626,5339,3178,2161,569,104,465,1855,878,977,1855,878,977,0,0,0
149,Long Island,199187,110351,88836,194033,108171,85862,5154,2180,2974,86381,43289,43092,84411,42300,42111,1970,989,981,85751,49394,36357,83628,48673,34955,2123,721,1402,27055,17668,9387,25994,17198,8796,1061,470,591
150,Mid-Hudson,149069,80770,68299,144534,79199,65335,4535,1571,2964,57832,30347,27485,55709,29541,26168,2123,806,1317,71308,37960,33348,69278,37408,31870,2030,552,1478,19929,12463,7466,19547,12250,7297,382,213,169
151,Mohawk Valley,6660,3585,3075,6372,3425,2947,288,160,128,1985,1191,794,1911,1117,794,74,74,0,3707,1895,1812,3557,1809,1748,150,86,64,968,499,469,904,499,405,64,0,64
152,New York City,898674,487237,411437,869144,471520,397624,29530,15717,13813,412565,200516,212049,400247,192984,207263,12318,7532,4786,387809,223400,164409,373410,216840,156570,14399,6560,7839,98300,63321,34979,95487,61696,33791,2813,1625,1188
153,North Country,4170,1822,2348,3848,1772,2076,322,50,272,2523,1280,1243,2417,1230,1187,106,50,56,1492,542,950,1276,542,734,216,0,216,155,0,155,155,0,155,0,0,0
154,Southern Tier,11141,5272,5869,10746,5137,5609,395,135,260,6002,3181,2821,5607,3046,2561,395,135,260,3647,1286,2361,3647,1286,2361,0,0,0,1492,805,687,1492,805,687,0,0,0
155,Western NY,20426,12496,7930,19437,11821,7616,989,675,314,10096,6181,3915,9644,5834,3810,452,347,105,7974,5052,2922,7547,4778,2769,427,274,153,2356,1263,1093,2246,1209,1037,110,54,56
