,puma,Total_geo,Total_geo_m,Total_geo_f,Total_NP_mf_t,Total_NP_m,Total_NP_f,Total_P_mf_t,Total_P_m,Total_P_f,Total_BABS,Total_BABS_m,Total_BABS_f,BABS_NP_mf_t,BABS_NP_m,BABS_NP_f,BABS_P_mf_t,BABS_P_m,BABS_P_f,Total_HS,Total_HS_m,Total_HS_f,HS_NP_mf_t,HS_NP_m,HS_NP_f,HS_P_mf_t,HS_P_m,HS_P_f,Total_HSINC,Total_HSINC_m,Total_HSINC_f,HSINC_NP_mf_t,HSINC_NP_m,HSINC_NP_f,HSINC_P_mf_t,HSINC_P_m,HSINC_P_f
0,Total Geo,1127776,654643,473133,1008533,575435,433098,119243,79208,40035,531527,275893,255634,506235,258783,247452,25292,17110,8182,474409,294130,180279,409526,253023,156503,64883,41107,23776,121840,84620,37220,92772,63629,29143,29068,20991,8077
1,"NYC-Manhattan Community District 9--Hamilton Heights, Manhattanville & West Harlem PUMA",16985,10135,6850,14668,8415,6253,2317,1720,597,8180,3787,4393,7595,3425,4170,585,362,223,7953,5496,2457,6609,4526,2083,1344,970,374,852,852,0,464,464,0,388,388,0
2,Ulster County (East) PUMA,2145,781,1364,1791,514,1277,354,267,87,801,391,410,618,295,323,183,96,87,1261,307,954,1090,136,954,171,171,0,83,83,0,83,83,0,0,0,0
3,Albany County (East Central)--Albany City PUMA,4267,2315,1952,4001,2049,1952,266,266,0,1797,801,996,1607,611,996,190,190,0,2214,1258,956,2214,1258,956,0,0,0,256,256,0,180,180,0,76,76,0
4,Chemung (South) & Steuben (East) Counties--Greater Elmira & Greater Corning Cities PUMA,1362,535,827,1198,371,827,164,164,0,799,371,428,799,371,428,0,0,0,164,164,0,0,0,0,164,164,0,399,0,399,399,0,399,0,0,0
5,Ontario & Yates Counties PUMA,1074,779,295,1074,779,295,0,0,0,953,779,174,953,779,174,0,0,0,121,0,121,121,0,121,0,0,0,0,0,0,0,0,0,0,0,0
6,Suffolk County (North Central)--Brookhaven Town (North) PUMA,3502,2391,1111,3264,2286,978,238,105,133,2193,1960,233,2133,1900,233,60,60,0,1276,431,845,1098,386,712,178,45,133,33,0,33,33,0,33,0,0,0
7,Westchester County (South Central)--New Rochelle & Mount Vernon Cities PUMA,14280,8685,5595,12067,7303,4764,2213,1382,831,5541,3352,2189,5250,3061,2189,291,291,0,6724,3738,2986,5151,2899,2252,1573,839,734,2015,1595,420,1666,1343,323,349,252,97
8,"Clinton, Franklin, Essex & Hamilton Counties PUMA",1334,444,890,1247,372,875,87,72,15,857,232,625,857,232,625,0,0,0,376,212,164,289,140,149,87,72,15,101,0,101,101,0,101,0,0,0
9,Oneida County (Central)--Greater Utica & Rome Cities PUMA,4043,2514,1529,3190,1732,1458,853,782,71,1201,662,539,1128,589,539,73,73,0,2488,1498,990,1708,789,919,780,709,71,354,354,0,354,354,0,0,0,0
10,"NYC-Bronx Community District 3 & 6--Belmont, Crotona Park East & East Tremont PUMA",13012,8233,4779,9419,6381,3038,3593,1852,1741,3063,1918,1145,2449,1568,881,614,350,264,7370,4758,2612,5038,3467,1571,2332,1291,1041,2579,1557,1022,1932,1346,586,647,211,436
11,Livingston & Wyoming Counties PUMA,773,541,232,598,366,232,175,175,0,639,487,152,464,312,152,175,175,0,113,33,80,113,33,80,0,0,0,21,21,0,21,21,0,0,0,0
12,NYC-Manhattan Community District 3--Chinatown & Lower East Side PUMA,5627,2944,2683,5068,2944,2124,559,0,559,3286,1766,1520,3286,1766,1520,0,0,0,2088,1178,910,1782,1178,604,306,0,306,253,0,253,0,0,0,253,0,253
13,Suffolk County (West Central)--Babylon Town (Northwest) PUMA,7715,5512,2203,7309,5106,2203,406,406,0,1863,849,1014,1863,849,1014,0,0,0,4999,4161,838,4640,3802,838,359,359,0,853,502,351,806,455,351,47,47,0
14,Broome County (West Central)--Greater Binghamton City & Greater Johnson City Village PUMA,2516,1668,848,2086,1238,848,430,430,0,1248,999,249,1126,877,249,122,122,0,854,361,493,854,361,493,0,0,0,414,308,106,106,0,106,308,308,0
15,Nassau County (Northwest)--North Hempstead Town (North) PUMA,8851,5597,3254,8394,5430,2964,457,167,290,5573,3585,1988,5520,3532,1988,53,53,0,2546,1649,897,2513,1616,897,33,33,0,732,363,369,361,282,79,371,81,290
16,Monroe County (Central)--Rochester City (East) PUMA,860,356,504,555,294,261,305,62,243,377,276,101,315,214,101,62,62,0,177,80,97,177,80,97,0,0,0,306,0,306,63,0,63,243,0,243
17,Westchester County (Northwest) PUMA,9125,5019,4106,8481,4817,3664,644,202,442,3640,2310,1330,3640,2310,1330,0,0,0,4269,2133,2136,3625,1931,1694,644,202,442,1216,576,640,1216,576,640,0,0,0
18,NYC-Brooklyn Community District 16--Brownsville & Ocean Hill PUMA,4672,2953,1719,3995,2466,1529,677,487,190,1694,962,732,1694,962,732,0,0,0,2758,1771,987,2081,1284,797,677,487,190,220,220,0,220,220,0,0,0,0
19,Onondaga County (Central)--Syracuse City PUMA,3219,1808,1411,2390,1043,1347,829,765,64,2376,1095,1281,2096,879,1217,280,216,64,732,646,86,183,97,86,549,549,0,111,67,44,111,67,44,0,0,0
20,Westchester County (Northeast) PUMA,5470,4046,1424,4838,3560,1278,632,486,146,2706,1698,1008,2706,1698,1008,0,0,0,1822,1546,276,1322,1192,130,500,354,146,942,802,140,810,670,140,132,132,0
21,Madison & Cortland Counties PUMA,247,42,205,227,42,185,20,0,20,137,42,95,117,42,75,20,0,20,30,0,30,30,0,30,0,0,0,80,0,80,80,0,80,0,0,0
22,Erie County (West Central)--Buffalo City (West) PUMA,3024,1291,1733,1294,504,790,1730,787,943,991,469,522,556,305,251,435,164,271,1077,630,447,493,199,294,584,431,153,956,192,764,245,0,245,711,192,519
23,Monroe County (Central)--Rochester City (West) PUMA,1455,1114,341,935,935,0,520,179,341,513,253,260,253,253,0,260,0,260,716,635,81,456,456,0,260,179,81,226,226,0,226,226,0,0,0,0
24,Suffolk County (Central)--Islip Town (East) PUMA,2259,1170,1089,2259,1170,1089,0,0,0,1349,734,615,1349,734,615,0,0,0,749,436,313,749,436,313,0,0,0,161,0,161,161,0,161,0,0,0
25,Nassau County (Central)--Hempstead Town (East Central) PUMA,3262,1859,1403,3114,1859,1255,148,0,148,2386,1372,1014,2386,1372,1014,0,0,0,789,400,389,641,400,241,148,0,148,87,87,0,87,87,0,0,0,0
26,"NYC-Bronx Community District 5--Morris Heights, Fordham South & Mount Hope PUMA",11157,6731,4426,9075,5651,3424,2082,1080,1002,2513,1470,1043,2129,1187,942,384,283,101,5807,3551,2256,4736,2977,1759,1071,574,497,2837,1710,1127,2210,1487,723,627,223,404
27,St. Lawrence County PUMA,627,333,294,389,241,148,238,92,146,481,333,148,389,241,148,92,92,0,146,0,146,0,0,0,146,0,146,0,0,0,0,0,0,0,0,0
28,Columbia & Greene Counties PUMA,691,377,314,616,302,314,75,75,0,266,200,66,251,185,66,15,15,0,400,177,223,340,117,223,60,60,0,25,0,25,25,0,25,0,0,0
29,NYC-Brooklyn Community District 2--Brooklyn Heights & Fort Greene PUMA,6481,3279,3202,6355,3193,3162,126,86,40,5139,2393,2746,5099,2393,2706,40,0,40,1266,810,456,1180,724,456,86,86,0,76,76,0,76,76,0,0,0,0
30,"NYC-Queens Community District 8--Briarwood, Fresh Meadows & Hillcrest PUMA",20182,12568,7614,17400,10585,6815,2782,1983,799,10332,5871,4461,9631,5360,4271,701,511,190,8702,6165,2537,6806,4721,2085,1896,1444,452,1148,532,616,963,504,459,185,28,157
31,Monroe County (North & West) PUMA,282,196,86,282,196,86,0,0,0,0,0,0,0,0,0,0,0,0,139,53,86,139,53,86,0,0,0,143,143,0,143,143,0,0,0,0
32,Schenectady County--Schenectady City PUMA,2856,1579,1277,2727,1483,1244,129,96,33,1331,732,599,1202,636,566,129,96,33,1468,790,678,1468,790,678,0,0,0,57,57,0,57,57,0,0,0,0
33,"Rockland County (West)--Spring Valley, Suffern Villages & Monsey PUMA",6803,3391,3412,6018,3066,2952,785,325,460,1780,822,958,1780,822,958,0,0,0,3597,1850,1747,3115,1619,1496,482,231,251,1426,719,707,1123,625,498,303,94,209
34,Niagara County (North & East) PUMA,419,295,124,419,295,124,0,0,0,294,201,93,294,201,93,0,0,0,98,78,20,98,78,20,0,0,0,27,16,11,27,16,11,0,0,0
35,Suffolk County (Central)--Brookhaven Town (Central) PUMA,4302,3162,1140,3601,2461,1140,701,701,0,1299,1006,293,1299,1006,293,0,0,0,2571,2056,515,1870,1355,515,701,701,0,432,100,332,432,100,332,0,0,0
36,Suffolk County (East) PUMA,7775,4716,3059,5558,3544,2014,2217,1172,1045,1440,702,738,1440,702,738,0,0,0,4614,2813,1801,3246,2490,756,1368,323,1045,1721,1201,520,872,352,520,849,849,0
37,Warren & Washington Counties PUMA,922,377,545,793,248,545,129,129,0,491,214,277,491,214,277,0,0,0,247,129,118,118,0,118,129,129,0,184,34,150,184,34,150,0,0,0
38,NYC-Queens Community District 6--Forest Hills & Rego Park PUMA,23995,11518,12477,23073,10926,12147,922,592,330,17593,7855,9738,17019,7556,9463,574,299,275,6147,3463,2684,5854,3170,2684,293,293,0,255,200,55,200,200,0,55,0,55
39,"NYC-Brooklyn Community District 9--Crown Heights South, Prospect Lefferts & Wingate PUMA",5089,2227,2862,4929,2067,2862,160,160,0,2280,694,1586,2280,694,1586,0,0,0,2362,1197,1165,2362,1197,1165,0,0,0,447,336,111,287,176,111,160,160,0
40,Westchester County (Central)--White Plains City PUMA,13400,8266,5134,12946,7812,5134,454,454,0,7523,4470,3053,7523,4470,3053,0,0,0,4946,3319,1627,4492,2865,1627,454,454,0,931,477,454,931,477,454,0,0,0
41,"NYC-Bronx Community District 1 & 2--Hunts Point, Longwood & Melrose PUMA",10580,6332,4248,7112,4089,3023,3468,2243,1225,2532,1139,1393,2109,716,1393,423,423,0,6184,3581,2603,4517,2887,1630,1667,694,973,1864,1612,252,486,486,0,1378,1126,252
42,Erie County (North Central) PUMA,3756,2044,1712,3171,1741,1430,585,303,282,2731,1323,1408,2664,1323,1341,67,0,67,649,560,89,420,331,89,229,229,0,376,161,215,87,87,0,289,74,215
43,Chautauqua County PUMA,626,387,239,571,332,239,55,55,0,419,180,239,419,180,239,0,0,0,152,152,0,152,152,0,0,0,0,55,55,0,0,0,0,55,55,0
44,Dutchess County (Southwest) PUMA,5921,3341,2580,5071,2741,2330,850,600,250,2144,1292,852,2144,1292,852,0,0,0,3013,1847,1166,2277,1247,1030,736,600,136,764,202,562,650,202,448,114,0,114
45,Westchester County (Southeast) PUMA,10507,8339,2168,8265,6216,2049,2242,2123,119,4575,3352,1223,3949,2845,1104,626,507,119,4727,3913,814,3295,2481,814,1432,1432,0,1205,1074,131,1021,890,131,184,184,0
46,Rockland County (North)--New City & Congers PUMA,9414,4884,4530,9272,4884,4388,142,0,142,4365,2346,2019,4223,2346,1877,142,0,142,4460,2000,2460,4460,2000,2460,0,0,0,589,538,51,589,538,51,0,0,0
47,NYC-Staten Island Community District 2--New Springville & South Beach PUMA,11730,7793,3937,11302,7539,3763,428,254,174,6832,4479,2353,6670,4417,2253,162,62,100,4119,2535,1584,3987,2477,1510,132,58,74,779,779,0,645,645,0,134,134,0
48,Suffolk County (Southwest)--Islip Town (South) PUMA,2662,1970,692,2258,1679,579,404,291,113,1650,958,692,1537,958,579,113,0,113,785,785,0,721,721,0,64,64,0,227,227,0,0,0,0,227,227,0
49,Erie County (West Central)--Buffalo City (East) PUMA,2626,1868,758,982,362,620,1644,1506,138,1081,877,204,408,204,204,673,673,0,1545,991,554,574,158,416,971,833,138,0,0,0,0,0,0,0,0,0
50,Wayne & Seneca Counties PUMA,559,160,399,505,106,399,54,54,0,160,160,0,106,106,0,54,54,0,399,0,399,399,0,399,0,0,0,0,0,0,0,0,0,0,0,0
51,Monroe County (South) PUMA,5221,2828,2393,4663,2570,2093,558,258,300,3543,1580,1963,3243,1580,1663,300,0,300,977,800,177,847,670,177,130,130,0,701,448,253,573,320,253,128,128,0
52,Tompkins County PUMA,2771,1339,1432,2712,1339,1373,59,0,59,1447,797,650,1388,797,591,59,0,59,1324,542,782,1324,542,782,0,0,0,0,0,0,0,0,0,0,0,0
53,Suffolk County (South Central)--Brookhaven Town (South) PUMA,5815,3224,2591,4316,2170,2146,1499,1054,445,1123,680,443,1123,680,443,0,0,0,2466,959,1507,2405,898,1507,61,61,0,2226,1585,641,788,592,196,1438,993,445
54,"Otsego, Schoharie, Oneida (South) & Herkimer (South) Counties PUMA",420,118,302,351,118,233,69,0,69,166,58,108,97,58,39,69,0,69,254,60,194,254,60,194,0,0,0,0,0,0,0,0,0,0,0,0
55,NYC-Manhattan Community District 8--Upper East Side PUMA,19385,9238,10147,19192,9201,9991,193,37,156,17651,8473,9178,17458,8436,9022,193,37,156,1692,723,969,1692,723,969,0,0,0,42,42,0,42,42,0,0,0,0
56,"NYC-Manhattan Community District 1 & 2--Battery Park City, Greenwich Village & Soho PUMA",8136,4014,4122,8136,4014,4122,0,0,0,7740,3743,3997,7740,3743,3997,0,0,0,396,271,125,396,271,125,0,0,0,0,0,0,0,0,0,0,0,0
57,"NYC-Manhattan Community District 12--Washington Heights, Inwood & Marble Hill PUMA",22554,14439,8115,19756,13100,6656,2798,1339,1459,8858,4102,4756,8506,4007,4499,352,95,257,11773,8521,3252,9853,7803,2050,1920,718,1202,1923,1816,107,1397,1290,107,526,526,0
58,NYC-Brooklyn Community District 18--Canarsie & Flatlands PUMA,13366,7005,6361,12538,6404,6134,828,601,227,5304,2543,2761,5265,2504,2761,39,39,0,7258,3839,3419,6716,3488,3228,542,351,191,804,623,181,557,412,145,247,211,36
59,"NYC-Bronx Community District 12--Wakefield, Williamsbridge & Woodlawn PUMA",7471,4031,3440,6425,3221,3204,1046,810,236,2660,945,1715,2503,886,1617,157,59,98,3706,2549,1157,3264,2107,1157,442,442,0,1105,537,568,658,228,430,447,309,138
60,Suffolk County (Central)--Islip Town (Northwest) PUMA,19210,10620,8590,17930,10015,7915,1280,605,675,2568,1167,1401,2454,1053,1401,114,114,0,12418,6894,5524,11920,6534,5386,498,360,138,4224,2559,1665,3556,2428,1128,668,131,537
61,"NYC-Queens Community District 14--Far Rockaway, Breezy Point & Broad Channel PUMA",10304,5975,4329,9867,5538,4329,437,437,0,5034,2533,2501,5034,2533,2501,0,0,0,4813,3442,1371,4376,3005,1371,437,437,0,457,0,457,457,0,457,0,0,0
62,Saratoga County (South & Central) PUMA,1683,1457,226,1683,1457,226,0,0,0,1188,1090,98,1188,1090,98,0,0,0,325,325,0,325,325,0,0,0,0,170,42,128,170,42,128,0,0,0
63,Cattaraugus & Allegany Counties PUMA,233,165,68,207,155,52,26,10,16,165,165,0,155,155,0,10,10,0,68,0,68,52,0,52,16,0,16,0,0,0,0,0,0,0,0,0
64,Genesee & Orleans Counties PUMA,464,464,0,421,421,0,43,43,0,0,0,0,0,0,0,0,0,0,464,464,0,421,421,0,43,43,0,0,0,0,0,0,0,0,0,0
65,Cayuga & Onondaga (South) Counties PUMA,831,496,335,580,245,335,251,251,0,393,212,181,393,212,181,0,0,0,392,238,154,174,20,154,218,218,0,46,46,0,13,13,0,33,33,0
66,Sullivan & Ulster (West) Counties PUMA,3037,1702,1335,2234,1503,731,803,199,604,966,437,529,589,391,198,377,46,331,1522,716,806,1145,612,533,377,104,273,549,549,0,500,500,0,49,49,0
67,"NYC-Bronx Community District 7--Bedford Park, Fordham North & Norwood PUMA",12194,8283,3911,8721,6103,2618,3473,2180,1293,4036,2082,1954,2762,1463,1299,1274,619,655,7215,5854,1361,5175,4293,882,2040,1561,479,943,347,596,784,347,437,159,0,159
68,Suffolk County (Central)--Brookhaven Town (West Central) PUMA,6125,4061,2064,5767,3703,2064,358,358,0,2776,1703,1073,2776,1703,1073,0,0,0,2384,1750,634,2311,1677,634,73,73,0,965,608,357,680,323,357,285,285,0
69,NYC-Queens Community District 1--Astoria & Long Island City PUMA,19684,10836,8848,18088,10143,7945,1596,693,903,10642,5785,4857,10162,5439,4723,480,346,134,7806,4329,3477,6926,4133,2793,880,196,684,1236,722,514,1000,571,429,236,151,85
70,Jefferson & Lewis Counties PUMA,938,549,389,938,549,389,0,0,0,609,261,348,609,261,348,0,0,0,329,288,41,329,288,41,0,0,0,0,0,0,0,0,0,0,0,0
71,Nassau County (West Central)--Hempstead Town (Northwest) PUMA,11514,6736,4778,11314,6536,4778,200,200,0,5796,2443,3353,5773,2420,3353,23,23,0,4294,3122,1172,4198,3026,1172,96,96,0,1424,1171,253,1343,1090,253,81,81,0
72,Nassau County (Central)--Hempstead Town (North Central)--Meadowbrook Corridor PUMA,12593,7114,5479,11349,6104,5245,1244,1010,234,2604,1141,1463,2604,1141,1463,0,0,0,6899,3241,3658,5872,2448,3424,1027,793,234,3090,2732,358,2873,2515,358,217,217,0
73,Orange County (Northeast)--Greater Newburgh City PUMA,4514,2704,1810,4240,2430,1810,274,274,0,1769,567,1202,1495,293,1202,274,274,0,2445,1837,608,2445,1837,608,0,0,0,300,300,0,300,300,0,0,0,0
74,"NYC-Bronx Community District 11--Pelham Parkway, Morris Park & Laconia PUMA",7582,4735,2847,6587,3877,2710,995,858,137,3163,1500,1663,3012,1349,1663,151,151,0,2889,2106,783,2605,1822,783,284,284,0,1530,1129,401,970,706,264,560,423,137
75,"NYC-Queens Community District 12--Jamaica, Hollis & St. Albans PUMA",12811,8581,4230,12152,7990,4162,659,591,68,4059,2758,1301,3917,2616,1301,142,142,0,6719,4321,2398,6529,4131,2398,190,190,0,2033,1502,531,1706,1243,463,327,259,68
76,Erie County (Central) PUMA,2291,1707,584,2010,1472,538,281,235,46,956,642,314,956,642,314,0,0,0,1335,1065,270,1054,830,224,281,235,46,0,0,0,0,0,0,0,0,0
77,"NYC-Staten Island Community District 1--Port Richmond, Stapleton & Mariner's Harbor PUMA",15928,8621,7307,14009,7604,6405,1919,1017,902,7524,3330,4194,7067,3330,3737,457,0,457,6650,4176,2474,5620,3497,2123,1030,679,351,1754,1115,639,1322,777,545,432,338,94
78,"NYC-Brooklyn Community District 15--Sheepshead Bay, Gerritsen Beach & Homecrest PUMA",21894,9704,12190,20459,8664,11795,1435,1040,395,11864,4286,7578,11455,4072,7383,409,214,195,8822,4423,4399,7934,3735,4199,888,688,200,1208,995,213,1070,857,213,138,138,0
79,"NYC-Bronx Community District 8--Riverdale, Fieldston & Kingsbridge PUMA",9346,5804,3542,8469,5349,3120,877,455,422,4355,2305,2050,4278,2228,2050,77,77,0,3941,2958,983,3567,2867,700,374,91,283,1050,541,509,624,254,370,426,287,139
80,NYC-Brooklyn Community District 5--East New York & Starrett City PUMA,16345,8540,7805,14738,7495,7243,1607,1045,562,1952,836,1116,1886,770,1116,66,66,0,11548,6140,5408,10532,5541,4991,1016,599,417,2845,1564,1281,2320,1184,1136,525,380,145
81,Onondaga County (Central)--Syracuse City (Outer) PUMA,2414,1318,1096,2414,1318,1096,0,0,0,1639,1012,627,1639,1012,627,0,0,0,685,216,469,685,216,469,0,0,0,90,90,0,90,90,0,0,0,0
82,"NYC-Manhattan Community District 6--Murray Hill, Gramercy & Stuyvesant Town PUMA",11250,5981,5269,10891,5622,5269,359,359,0,10295,5160,5135,10295,5160,5135,0,0,0,955,821,134,596,462,134,359,359,0,0,0,0,0,0,0,0,0,0
83,"Chenango, Delaware & Broome (East) Counties PUMA",719,273,446,719,273,446,0,0,0,165,65,100,165,65,100,0,0,0,478,132,346,478,132,346,0,0,0,76,76,0,76,76,0,0,0,0
84,Orange County (Northwest) PUMA,4866,2759,2107,4375,2425,1950,491,334,157,1393,688,705,1393,688,705,0,0,0,3409,2071,1338,2918,1737,1181,491,334,157,64,0,64,64,0,64,0,0,0
85,NYC-Brooklyn Community District 7--Sunset Park & Windsor Terrace PUMA,9882,5337,4545,8934,4482,4452,948,855,93,4251,1750,2501,4096,1595,2501,155,155,0,3518,2262,1256,2930,1767,1163,588,495,93,2113,1325,788,1908,1120,788,205,205,0
86,Nassau County (Northeast)--Oyster Bay Town (North) & Glen Cove City PUMA,6522,3869,2653,6180,3630,2550,342,239,103,4784,2499,2285,4713,2499,2214,71,0,71,1375,1007,368,1343,1007,336,32,0,32,363,363,0,124,124,0,239,239,0
87,Dutchess County (North & East) PUMA,2625,1803,822,2109,1461,648,516,342,174,917,303,614,687,247,440,230,56,174,869,661,208,869,661,208,0,0,0,839,839,0,553,553,0,286,286,0
88,Putnam County PUMA,4164,2111,2053,3972,1953,2019,192,158,34,1816,734,1082,1816,734,1082,0,0,0,1911,974,937,1911,974,937,0,0,0,437,403,34,245,245,0,192,158,34
89,Albany County (Outside Albany City) PUMA,6650,3474,3176,6463,3287,3176,187,187,0,4306,2271,2035,4306,2271,2035,0,0,0,2106,1018,1088,1919,831,1088,187,187,0,238,185,53,238,185,53,0,0,0
90,"NYC-Bronx Community District 10--Co-op City, Pelham Bay & Schuylerville PUMA",4431,2865,1566,4049,2798,1251,382,67,315,1729,1611,118,1729,1611,118,0,0,0,2087,1072,1015,1772,1072,700,315,0,315,615,182,433,548,115,433,67,67,0
91,NYC-Queens Community District 4--Elmhurst & South Corona PUMA,28252,18691,9561,23430,15311,8119,4822,3380,1442,7874,5746,2128,6498,4370,2128,1376,1376,0,15003,8615,6388,13030,7602,5428,1973,1013,960,5375,4330,1045,3902,3339,563,1473,991,482
92,"NYC-Brooklyn Community District 12--Borough Park, Kensington & Ocean Parkway PUMA",7965,5109,2856,6410,3761,2649,1555,1348,207,3834,2382,1452,3428,2013,1415,406,369,37,3219,1991,1228,2233,1175,1058,986,816,170,912,736,176,749,573,176,163,163,0
93,Nassau County (Southeast)--Oyster Bay Town (South) PUMA,1988,1579,409,1759,1350,409,229,229,0,1263,987,276,1034,758,276,229,229,0,434,362,72,434,362,72,0,0,0,291,230,61,291,230,61,0,0,0
94,Suffolk County (Northwest)--Huntington Town (South) PUMA,6172,3415,2757,6097,3415,2682,75,0,75,4669,2646,2023,4594,2646,1948,75,0,75,1048,314,734,1048,314,734,0,0,0,455,455,0,455,455,0,0,0,0
95,Oswego County PUMA,268,62,206,268,62,206,0,0,0,0,0,0,0,0,0,0,0,0,268,62,206,268,62,206,0,0,0,0,0,0,0,0,0,0,0,0
96,Rensselaer County--Troy City PUMA,2696,1869,827,2584,1792,792,112,77,35,2495,1703,792,2418,1626,792,77,77,0,166,166,0,166,166,0,0,0,0,35,0,35,0,0,0,35,0,35
97,Saratoga County (Outer) PUMA,969,627,342,969,627,342,0,0,0,644,573,71,644,573,71,0,0,0,325,54,271,325,54,271,0,0,0,0,0,0,0,0,0,0,0,0
98,Herkimer (North & Central) & Oneida (Outer) Counties PUMA,539,204,335,418,204,214,121,0,121,88,88,0,88,88,0,0,0,0,176,116,60,176,116,60,0,0,0,275,0,275,154,0,154,121,0,121
99,Monroe County (East) PUMA,2282,1378,904,2010,1106,904,272,272,0,1640,945,695,1368,673,695,272,272,0,642,433,209,642,433,209,0,0,0,0,0,0,0,0,0,0,0,0
100,"NYC-Queens Community District 13--Queens Village, Cambria Heights & Rosedale PUMA",18442,9954,8488,18058,9708,8350,384,246,138,8648,4554,4094,8648,4554,4094,0,0,0,8854,4663,4191,8638,4585,4053,216,78,138,940,737,203,772,569,203,168,168,0
101,Erie County (South) PUMA,617,617,0,617,617,0,0,0,0,134,134,0,134,134,0,0,0,0,483,483,0,483,483,0,0,0,0,0,0,0,0,0,0,0,0,0
102,Monroe County (Central)--Greece & Gates Towns PUMA,1490,882,608,1255,828,427,235,54,181,1034,586,448,853,586,267,181,0,181,416,256,160,362,202,160,54,54,0,40,40,0,40,40,0,0,0,0
103,NYC-Manhattan Community District 7--Upper West Side & West Side PUMA,17127,10060,7067,16893,10014,6879,234,46,188,15005,8280,6725,14771,8234,6537,234,46,188,1592,1250,342,1592,1250,342,0,0,0,530,530,0,530,530,0,0,0,0
104,NYC-Manhattan Community District 11--East Harlem PUMA,7873,3982,3891,6098,2931,3167,1775,1051,724,3496,1657,1839,2955,1116,1839,541,541,0,3057,1207,1850,2333,1207,1126,724,0,724,1320,1118,202,810,608,202,510,510,0
105,"NYC-Queens Community District 7--Flushing, Murray Hill & Whitestone PUMA",26740,14914,11826,22331,11573,10758,4409,3341,1068,10470,4690,5780,10064,4284,5780,406,406,0,12975,7785,5190,9819,5637,4182,3156,2148,1008,3295,2439,856,2448,1652,796,847,787,60
106,NYC-Brooklyn Community District 1--Greenpoint & Williamsburg PUMA,10277,5178,5099,9575,4757,4818,702,421,281,6571,2929,3642,6118,2567,3551,453,362,91,2701,1626,1075,2452,1567,885,249,59,190,1005,623,382,1005,623,382,0,0,0
107,Onondaga County (North) PUMA,2447,1593,854,2232,1482,750,215,111,104,1013,816,197,1013,816,197,0,0,0,1003,531,472,788,420,368,215,111,104,431,246,185,431,246,185,0,0,0
108,NYC-Brooklyn Community District 14--Flatbush & Midwood PUMA,13037,7816,5221,10975,5974,5001,2062,1842,220,5213,2367,2846,4872,2169,2703,341,198,143,5452,4069,1383,4342,3036,1306,1110,1033,77,2372,1380,992,1761,769,992,611,611,0
109,"Rockland County (South)--Orangetown, Clarkstown (South) & Ramapo (Southeast) Towns PUMA",3801,1766,2035,3222,1187,2035,579,579,0,1440,370,1070,1440,370,1070,0,0,0,2130,1165,965,1782,817,965,348,348,0,231,231,0,0,0,0,231,231,0
110,NYC-Brooklyn Community District 13--Brighton Beach & Coney Island PUMA,12059,5435,6624,10757,4975,5782,1302,460,842,8276,3589,4687,8052,3485,4567,224,104,120,3205,1430,1775,2516,1301,1215,689,129,560,578,416,162,189,189,0,389,227,162
111,"NYC-Bronx Community District 4--Concourse, Highbridge & Mount Eden PUMA",11443,5064,6379,9778,4474,5304,1665,590,1075,3712,1159,2553,3452,1159,2293,260,0,260,6306,3148,3158,5402,2857,2545,904,291,613,1425,757,668,924,458,466,501,299,202
112,Erie County (Northeast) PUMA,685,429,256,685,429,256,0,0,0,552,296,256,552,296,256,0,0,0,133,133,0,133,133,0,0,0,0,0,0,0,0,0,0,0,0,0
113,NYC-Brooklyn Community District 8--Crown Heights North & Prospect Heights PUMA,5077,3525,1552,4356,2804,1552,721,721,0,2962,1889,1073,2725,1652,1073,237,237,0,1535,1203,332,1051,719,332,484,484,0,580,433,147,580,433,147,0,0,0
114,NYC-Queens Community District 3--Jackson Heights & North Corona PUMA,27570,16996,10574,24972,15800,9172,2598,1196,1402,6351,2671,3680,6219,2539,3680,132,132,0,15084,9625,5459,13532,9173,4359,1552,452,1100,6135,4700,1435,5221,4088,1133,914,612,302
115,Fulton & Montgomery Counties PUMA,371,308,63,371,308,63,0,0,0,355,292,63,355,292,63,0,0,0,16,16,0,16,16,0,0,0,0,0,0,0,0,0,0,0,0,0
116,Niagara County (Southwest)--Greater Niagara Falls & North Tonawanda Area PUMA,1233,807,426,848,422,426,385,385,0,660,660,0,275,275,0,385,385,0,437,147,290,437,147,290,0,0,0,136,0,136,136,0,136,0,0,0
117,"Steuben (North & West), Schuyler & Chemung (North) Counties PUMA",664,559,105,494,389,105,170,170,0,222,175,47,222,175,47,0,0,0,0,0,0,0,0,0,0,0,0,442,384,58,272,214,58,170,170,0
118,NYC-Brooklyn Community District 4--Bushwick PUMA,7850,4517,3333,6396,3649,2747,1454,868,586,2053,1012,1041,1960,987,973,93,25,68,4565,2644,1921,3804,2309,1495,761,335,426,1232,861,371,632,353,279,600,508,92
119,"NYC-Manhattan Community District 4 & 5--Chelsea, Clinton & Midtown Business District PUMA",16690,8356,8334,16244,7984,8260,446,372,74,14071,6681,7390,13885,6569,7316,186,112,74,2452,1602,850,2192,1342,850,260,260,0,167,73,94,167,73,94,0,0,0
120,"NYC-Brooklyn Community District 6--Park Slope, Carroll Gardens & Red Hook PUMA",6988,3903,3085,6399,3832,2567,589,71,518,5606,3070,2536,5443,2999,2444,163,71,92,1259,833,426,833,833,0,426,0,426,123,0,123,123,0,123,0,0,0
121,NYC-Brooklyn Community District 3--Bedford-Stuyvesant PUMA,5645,3125,2520,4990,2938,2052,655,187,468,3156,1423,1733,2979,1423,1556,177,0,177,2294,1620,674,1816,1433,383,478,187,291,195,82,113,195,82,113,0,0,0
122,NYC-Queens Community District 10--Howard Beach & Ozone Park PUMA,10488,6247,4241,9718,5783,3935,770,464,306,4618,2144,2474,4284,2019,2265,334,125,209,4439,3044,1395,4104,2806,1298,335,238,97,1431,1059,372,1330,958,372,101,101,0
123,Suffolk County (Northwest)--Huntington Town (North) PUMA,3041,2007,1034,3041,2007,1034,0,0,0,942,483,459,942,483,459,0,0,0,1794,1219,575,1794,1219,575,0,0,0,305,305,0,305,305,0,0,0,0
124,Orange County (Southeast) PUMA,5049,2668,2381,4367,2376,1991,682,292,390,2876,1606,1270,2619,1349,1270,257,257,0,1599,941,658,1471,906,565,128,35,93,574,121,453,277,121,156,297,0,297
125,Nassau County (East Central)--Oyster Bay Town (Central) PUMA,10928,6667,4261,10825,6667,4158,103,0,103,6677,3205,3472,6677,3205,3472,0,0,0,3388,2734,654,3285,2734,551,103,0,103,863,728,135,863,728,135,0,0,0
126,Suffolk County (Northwest)--Smithtown Town PUMA,2550,1370,1180,2526,1370,1156,24,0,24,1674,894,780,1650,894,756,24,0,24,746,346,400,746,346,400,0,0,0,130,130,0,130,130,0,0,0,0
127,"NYC-Brooklyn Community District 17--East Flatbush, Farragut & Rugby PUMA",8093,4088,4005,7154,3790,3364,939,298,641,1722,839,883,1722,839,883,0,0,0,5307,2946,2361,4575,2855,1720,732,91,641,1064,303,761,857,96,761,207,207,0
128,"NYC-Bronx Community District 9--Castle Hill, Clason Point & Parkchester PUMA",15951,9529,6422,12875,6891,5984,3076,2638,438,5557,3349,2208,4541,2333,2208,1016,1016,0,8047,4647,3400,6718,3619,3099,1329,1028,301,2347,1533,814,1616,939,677,731,594,137
129,NYC-Queens Community District 9--Richmond Hill & Woodhaven PUMA,17478,10954,6524,16058,9865,6193,1420,1089,331,7400,4136,3264,7162,4009,3153,238,127,111,8340,5341,2999,7543,4690,2853,797,651,146,1738,1477,261,1353,1166,187,385,311,74
130,Westchester County (Southwest)--Yonkers City PUMA,17589,11712,5877,15327,10289,5038,2262,1423,839,5993,3648,2345,5039,2764,2275,954,884,70,8365,5338,3027,7662,5241,2421,703,97,606,3231,2726,505,2626,2284,342,605,442,163
131,Broome (Outer West) & Tioga Counties PUMA,334,230,104,334,230,104,0,0,0,153,49,104,153,49,104,0,0,0,144,144,0,144,144,0,0,0,0,37,37,0,37,37,0,0,0,0
132,NYC-Brooklyn Community District 10--Bay Ridge & Dyker Heights PUMA,13405,7959,5446,11623,6721,4902,1782,1238,544,7373,3997,3376,6921,3650,3271,452,347,105,4724,3213,1511,3629,2513,1116,1095,700,395,1308,749,559,1073,558,515,235,191,44
133,"NYC-Queens Community District 5--Ridgewood, Glendale & Middle Village PUMA",26259,15690,10569,24285,14598,9687,1974,1092,882,12489,6531,5958,12079,6229,5850,410,302,108,12464,8196,4268,11185,7691,3494,1279,505,774,1306,963,343,1021,678,343,285,285,0
134,NYC-Manhattan Community District 10--Central Harlem PUMA,10977,7032,3945,8886,5466,3420,2091,1566,525,4090,1789,2301,3725,1699,2026,365,90,275,4976,3545,1431,3608,2427,1181,1368,1118,250,1911,1698,213,1553,1340,213,358,358,0
135,"NYC-Queens Community District 11--Bayside, Douglaston & Little Neck PUMA",15934,8826,7108,15268,8315,6953,666,511,155,9272,4389,4883,9095,4212,4883,177,177,0,5508,3835,1673,5370,3697,1673,138,138,0,1154,602,552,803,406,397,351,196,155
136,Erie County (Northwest) PUMA,879,547,332,826,494,332,53,53,0,470,239,231,417,186,231,53,53,0,318,217,101,318,217,101,0,0,0,91,91,0,91,91,0,0,0,0
137,NYC-Queens Community District 2--Sunnyside & Woodside PUMA,26980,16682,10298,24395,14830,9565,2585,1852,733,11431,6292,5139,10863,5856,5007,568,436,132,11939,8019,3920,10300,6841,3459,1639,1178,461,3610,2371,1239,3232,2133,1099,378,238,140
138,Suffolk County (Southwest)--Babylon Town (Southeast) PUMA,5535,3070,2465,5253,3004,2249,282,66,216,1787,800,987,1787,800,987,0,0,0,3011,1533,1478,2795,1533,1262,216,0,216,737,737,0,671,671,0,66,66,0
139,"NYC-Staten Island Community District 3--Tottenville, Great Kills & Annadale PUMA",9880,5647,4233,8833,4600,4233,1047,1047,0,4141,1864,2277,4101,1824,2277,40,40,0,4838,3288,1550,4326,2776,1550,512,512,0,901,495,406,406,0,406,495,495,0
140,Nassau County (West Central)--Hempstead Town (West Central) PUMA,9666,5781,3885,9492,5607,3885,174,174,0,4570,2417,2153,4570,2417,2153,0,0,0,4657,2925,1732,4483,2751,1732,174,174,0,439,439,0,439,439,0,0,0,0
141,Nassau County (Central)--Hempstead Town (Northeast) PUMA,6973,3490,3483,6768,3409,3359,205,81,124,4402,1988,2414,4278,1988,2290,124,0,124,2005,1172,833,2005,1172,833,0,0,0,566,330,236,485,249,236,81,81,0
142,Nassau County (Southwest)--Hempstead Town (Southwest) & Long Beach City PUMA,6394,2696,3698,5450,2227,3223,944,469,475,4018,1407,2611,4018,1407,2611,0,0,0,1685,904,781,1432,820,612,253,84,169,691,385,306,0,0,0,691,385,306
143,NYC-Brooklyn Community District 11--Bensonhurst & Bath Beach PUMA,23047,14174,8873,19993,11354,8639,3054,2820,234,11505,5875,5630,10833,5313,5520,672,562,110,9193,6180,3013,7555,4622,2933,1638,1558,80,2349,2119,230,1605,1419,186,744,700,44
144,Nassau County (South Central)--Hempstead Town (Southeast) PUMA,4482,2308,2174,4374,2200,2174,108,108,0,1732,532,1200,1732,532,1200,0,0,0,2466,1492,974,2358,1384,974,108,108,0,284,284,0,284,284,0,0,0,0
145,Nassau County (West Central)--North Hempstead Town (South) PUMA,13983,8804,5179,13261,8165,5096,722,639,83,7508,4574,2934,7425,4574,2851,83,0,83,4500,2839,1661,4190,2529,1661,310,310,0,1975,1391,584,1646,1062,584,329,329,0
146,Capital Region,20734,12075,8659,19836,11245,8591,898,830,68,12518,7584,4934,12107,7206,4901,411,378,33,7251,3917,3334,6875,3541,3334,376,376,0,965,574,391,854,498,356,111,76,35
147,Central NY,9426,5319,4107,8111,4192,3919,1315,1127,188,5558,3177,2381,5258,2961,2297,300,216,84,3110,1693,1417,2128,815,1313,982,878,104,758,449,309,725,416,309,33,33,0
148,Finger Lakes,14460,8698,5762,12298,7601,4697,2162,1097,1065,8859,5066,3793,7555,4503,3052,1304,563,741,4164,2754,1410,3677,2348,1329,487,406,81,1437,878,559,1066,750,316,371,128,243
149,Long Island,173819,103188,70631,161459,95114,66345,12360,8074,4286,76646,40732,35914,75677,40253,35424,969,479,490,73899,45544,28355,68097,41960,26137,5802,3584,2218,23274,16912,6362,17685,12901,4784,5589,4011,1578
150,Mid-Hudson,122710,73977,48733,108595,64537,44058,14115,9440,4675,50245,28386,21859,46911,25975,20936,3334,2411,923,57069,34356,22713,49030,29155,19875,8039,5201,2838,15396,11235,4161,12654,9407,3247,2742,1828,914
151,Mohawk Valley,5373,3144,2229,4330,2362,1968,1043,782,261,1810,1100,710,1668,1027,641,142,73,69,2934,1690,1244,2154,981,1173,780,709,71,629,354,275,508,354,154,121,0,121
152,New York City,753600,432155,321445,672157,378559,293598,81443,53596,27847,361457,181380,180077,344521,169889,174632,16936,11491,5445,315872,197877,117995,269933,169888,100045,45939,27989,17950,76271,52898,23373,57703,38782,18921,18568,14116,4452
153,North Country,2899,1326,1573,2574,1162,1412,325,164,161,1947,826,1121,1855,734,1121,92,92,0,851,500,351,618,428,190,233,72,161,101,0,101,101,0,101,0,0,0
154,Southern Tier,8366,4604,3762,7543,3840,3703,823,764,59,4034,2456,1578,3853,2334,1519,181,122,59,2964,1343,1621,2800,1179,1621,164,164,0,1368,805,563,890,327,563,478,478,0
155,Western NY,16389,10157,6232,11630,6823,4807,4759,3334,1425,8453,5186,3267,6830,3901,2929,1623,1285,338,6295,4456,1839,4214,2728,1486,2081,1728,353,1641,515,1126,586,194,392,1055,321,734
