,puma,Total_geo,Total_geo_m,Total_geo_f,Total_NP_mf_t,Total_NP_m,Total_NP_f,Total_P_mf_t,Total_P_m,Total_P_f,Total_BABS,Total_BABS_m,Total_BABS_f,BABS_NP_mf_t,BABS_NP_m,BABS_NP_f,BABS_P_mf_t,BABS_P_m,BABS_P_f,Total_HS,Total_HS_m,Total_HS_f,HS_NP_mf_t,HS_NP_m,HS_NP_f,HS_P_mf_t,HS_P_m,HS_P_f,Total_HSINC,Total_HSINC_m,Total_HSINC_f,HSINC_NP_mf_t,HSINC_NP_m,HSINC_NP_f,HSINC_P_mf_t,HSINC_P_m,HSINC_P_f
0,Total Geo,399737,195743,203994,329792,163486,166306,69945,32257,37688,202346,93463,108883,178942,84462,94480,23404,9001,14403,164471,83072,81399,127576,66144,61432,36895,16928,19967,32920,19208,13712,23274,12880,10394,9646,6328,3318
1,NYC-Manhattan Community District 7--Upper West Side & West Side PUMA,8312,2326,5986,7014,2219,4795,1298,107,1191,5531,2124,3407,5103,2017,3086,428,107,321,1830,0,1830,960,0,960,870,0,870,951,202,749,951,202,749,0,0,0
2,Nassau County (West Central)--Hempstead Town (Northwest) PUMA,793,330,463,663,200,463,130,130,0,155,0,155,155,0,155,0,0,0,447,200,247,447,200,247,0,0,0,191,130,61,61,0,61,130,130,0
3,NYC-Brooklyn Community District 2--Brooklyn Heights & Fort Greene PUMA,4339,2310,2029,3799,2031,1768,540,279,261,3388,1654,1734,3220,1654,1566,168,0,168,586,291,295,493,291,202,93,0,93,365,365,0,86,86,0,279,279,0
4,Madison & Cortland Counties PUMA,199,107,92,199,107,92,0,0,0,53,30,23,53,30,23,0,0,0,146,77,69,146,77,69,0,0,0,0,0,0,0,0,0,0,0,0
5,Ontario & Yates Counties PUMA,495,195,300,495,195,300,0,0,0,359,195,164,359,195,164,0,0,0,136,0,136,136,0,136,0,0,0,0,0,0,0,0,0,0,0,0
6,Monroe County (Central)--Greece & Gates Towns PUMA,1037,560,477,1037,560,477,0,0,0,197,197,0,197,197,0,0,0,0,770,363,407,770,363,407,0,0,0,70,0,70,70,0,70,0,0,0
7,Nassau County (East Central)--Oyster Bay Town (Central) PUMA,3451,1379,2072,3411,1379,2032,40,0,40,1460,640,820,1460,640,820,0,0,0,1951,739,1212,1951,739,1212,0,0,0,40,0,40,0,0,0,40,0,40
8,"Clinton, Franklin, Essex & Hamilton Counties PUMA",551,308,243,420,237,183,131,71,60,146,43,103,146,43,103,0,0,0,292,180,112,189,109,80,103,71,32,113,85,28,85,85,0,28,0,28
9,NYC-Manhattan Community District 8--Upper East Side PUMA,9783,3783,6000,9264,3550,5714,519,233,286,9265,3650,5615,8913,3417,5496,352,233,119,518,133,385,351,133,218,167,0,167,0,0,0,0,0,0,0,0,0
10,Suffolk County (Southwest)--Islip Town (South) PUMA,875,452,423,559,172,387,316,280,36,204,53,151,204,53,151,0,0,0,396,160,236,295,59,236,101,101,0,275,239,36,60,60,0,215,179,36
11,Erie County (Northwest) PUMA,1201,732,469,1056,587,469,145,145,0,145,145,0,0,0,0,145,145,0,746,587,159,746,587,159,0,0,0,310,0,310,310,0,310,0,0,0
12,"NYC-Queens Community District 8--Briarwood, Fresh Meadows & Hillcrest PUMA",8212,4403,3809,6805,3638,3167,1407,765,642,3236,1529,1707,2756,1227,1529,480,302,178,4930,2874,2056,4003,2411,1592,927,463,464,46,0,46,46,0,46,0,0,0
13,NYC-Brooklyn Community District 5--East New York & Starrett City PUMA,499,150,349,373,24,349,126,126,0,131,24,107,131,24,107,0,0,0,368,126,242,242,0,242,126,126,0,0,0,0,0,0,0,0,0,0
14,Rockland County (North)--New City & Congers PUMA,1095,522,573,1095,522,573,0,0,0,862,442,420,862,442,420,0,0,0,233,80,153,233,80,153,0,0,0,0,0,0,0,0,0,0,0,0
15,"Otsego, Schoharie, Oneida (South) & Herkimer (South) Counties PUMA",233,108,125,233,108,125,0,0,0,69,42,27,69,42,27,0,0,0,84,14,70,84,14,70,0,0,0,80,52,28,80,52,28,0,0,0
16,NYC-Brooklyn Community District 7--Sunset Park & Windsor Terrace PUMA,2830,1139,1691,1840,827,1013,990,312,678,2060,754,1306,1446,513,933,614,241,373,604,314,290,394,314,80,210,0,210,166,71,95,0,0,0,166,71,95
17,NYC-Brooklyn Community District 11--Bensonhurst & Bath Beach PUMA,15718,7269,8449,11534,5565,5969,4184,1704,2480,7017,2456,4561,5663,2116,3547,1354,340,1014,7463,3908,3555,5219,2924,2295,2244,984,1260,1238,905,333,652,525,127,586,380,206
18,Tompkins County PUMA,1231,641,590,1100,641,459,131,0,131,1015,513,502,884,513,371,131,0,131,216,128,88,216,128,88,0,0,0,0,0,0,0,0,0,0,0,0
19,Dutchess County (Southwest) PUMA,1747,708,1039,1618,579,1039,129,129,0,431,64,367,431,64,367,0,0,0,1316,644,672,1187,515,672,129,129,0,0,0,0,0,0,0,0,0,0
20,NYC-Queens Community District 9--Richmond Hill & Woodhaven PUMA,2807,1075,1732,2544,964,1580,263,111,152,1324,663,661,1213,552,661,111,111,0,1362,374,988,1210,374,836,152,0,152,121,38,83,121,38,83,0,0,0
21,Westchester County (Northwest) PUMA,4169,2242,1927,3641,1928,1713,528,314,214,2156,1190,966,1842,876,966,314,314,0,1488,823,665,1488,823,665,0,0,0,525,229,296,311,229,82,214,0,214
22,Albany County (Outside Albany City) PUMA,2852,1332,1520,2565,1112,1453,287,220,67,1148,408,740,1081,408,673,67,0,67,1577,924,653,1357,704,653,220,220,0,127,0,127,127,0,127,0,0,0
23,Monroe County (South) PUMA,1665,888,777,1665,888,777,0,0,0,1507,888,619,1507,888,619,0,0,0,158,0,158,158,0,158,0,0,0,0,0,0,0,0,0,0,0,0
24,Jefferson & Lewis Counties PUMA,138,0,138,138,0,138,0,0,0,96,0,96,96,0,96,0,0,0,42,0,42,42,0,42,0,0,0,0,0,0,0,0,0,0,0,0
25,"Chenango, Delaware & Broome (East) Counties PUMA",768,391,377,663,391,272,105,0,105,140,69,71,91,69,22,49,0,49,628,322,306,572,322,250,56,0,56,0,0,0,0,0,0,0,0,0
26,Erie County (Central) PUMA,1085,720,365,954,646,308,131,74,57,266,77,189,266,77,189,0,0,0,819,643,176,688,569,119,131,74,57,0,0,0,0,0,0,0,0,0
27,St. Lawrence County PUMA,787,467,320,538,467,71,249,0,249,0,0,0,0,0,0,0,0,0,787,467,320,538,467,71,249,0,249,0,0,0,0,0,0,0,0,0
28,"NYC-Manhattan Community District 9--Hamilton Heights, Manhattanville & West Harlem PUMA",3127,1467,1660,2694,1420,1274,433,47,386,2795,1287,1508,2372,1250,1122,423,37,386,322,170,152,322,170,152,0,0,0,10,10,0,0,0,0,10,10,0
29,Suffolk County (North Central)--Brookhaven Town (North) PUMA,866,527,339,737,470,267,129,57,72,451,273,178,451,273,178,0,0,0,358,197,161,286,197,89,72,0,72,57,57,0,0,0,0,57,57,0
30,NYC-Brooklyn Community District 1--Greenpoint & Williamsburg PUMA,10104,4799,5305,8635,4125,4510,1469,674,795,4967,2198,2769,4540,2198,2342,427,0,427,4275,2064,2211,3727,1847,1880,548,217,331,862,537,325,368,80,288,494,457,37
31,Cayuga & Onondaga (South) Counties PUMA,226,78,148,226,78,148,0,0,0,226,78,148,226,78,148,0,0,0,0,0,0,0,0,0,0,0,0,0,0,0,0,0,0,0,0,0
32,Nassau County (Southeast)--Oyster Bay Town (South) PUMA,1108,339,769,1108,339,769,0,0,0,421,237,184,421,237,184,0,0,0,585,0,585,585,0,585,0,0,0,102,102,0,102,102,0,0,0,0
33,Fulton & Montgomery Counties PUMA,370,27,343,109,0,109,261,27,234,205,0,205,0,0,0,205,0,205,165,27,138,109,0,109,56,27,29,0,0,0,0,0,0,0,0,0
34,Onondaga County (Central)--Syracuse City (Outer) PUMA,2310,1263,1047,2045,1189,856,265,74,191,1131,624,507,1131,624,507,0,0,0,1047,565,482,914,565,349,133,0,133,132,74,58,0,0,0,132,74,58
35,NYC-Staten Island Community District 2--New Springville & South Beach PUMA,11723,5250,6473,9211,3845,5366,2512,1405,1107,5058,1901,3157,4794,1841,2953,264,60,204,6037,2856,3181,3851,1511,2340,2186,1345,841,628,493,135,566,493,73,62,0,62
36,Niagara County (Southwest)--Greater Niagara Falls & North Tonawanda Area PUMA,306,106,200,116,0,116,190,106,84,116,0,116,116,0,116,0,0,0,190,106,84,0,0,0,190,106,84,0,0,0,0,0,0,0,0,0
37,Suffolk County (Central)--Brookhaven Town (Central) PUMA,2580,1331,1249,2196,1125,1071,384,206,178,550,157,393,550,157,393,0,0,0,1372,650,722,988,444,544,384,206,178,658,524,134,658,524,134,0,0,0
38,"NYC-Bronx Community District 7--Bedford Park, Fordham North & Norwood PUMA",1379,985,394,1032,638,394,347,347,0,604,604,0,442,442,0,162,162,0,381,381,0,196,196,0,185,185,0,394,0,394,394,0,394,0,0,0
39,NYC-Queens Community District 4--Elmhurst & South Corona PUMA,867,297,570,867,297,570,0,0,0,312,172,140,312,172,140,0,0,0,555,125,430,555,125,430,0,0,0,0,0,0,0,0,0,0,0,0
40,"NYC-Brooklyn Community District 6--Park Slope, Carroll Gardens & Red Hook PUMA",3138,1305,1833,2685,1096,1589,453,209,244,2473,955,1518,2229,955,1274,244,0,244,546,350,196,337,141,196,209,209,0,119,0,119,119,0,119,0,0,0
41,Suffolk County (Central)--Islip Town (East) PUMA,1134,593,541,953,593,360,181,0,181,687,402,285,506,402,104,181,0,181,354,191,163,354,191,163,0,0,0,93,0,93,93,0,93,0,0,0
42,"NYC-Brooklyn Community District 9--Crown Heights South, Prospect Lefferts & Wingate PUMA",2730,1614,1116,1993,1026,967,737,588,149,1292,815,477,927,450,477,365,365,0,1335,749,586,963,526,437,372,223,149,103,50,53,103,50,53,0,0,0
43,"NYC-Queens Community District 7--Flushing, Murray Hill & Whitestone PUMA",4688,2564,2124,4300,2270,2030,388,294,94,1872,623,1249,1629,474,1155,243,149,94,2523,1817,706,2378,1672,706,145,145,0,293,124,169,293,124,169,0,0,0
44,NYC-Queens Community District 3--Jackson Heights & North Corona PUMA,3019,1633,1386,2759,1477,1282,260,156,104,1420,798,622,1420,798,622,0,0,0,559,251,308,403,95,308,156,156,0,1040,584,456,936,584,352,104,0,104
45,Saratoga County (Outer) PUMA,441,198,243,441,198,243,0,0,0,169,131,38,169,131,38,0,0,0,205,0,205,205,0,205,0,0,0,67,67,0,67,67,0,0,0,0
46,"NYC-Bronx Community District 12--Wakefield, Williamsbridge & Woodlawn PUMA",1235,894,341,1194,894,300,41,0,41,83,42,41,42,42,0,41,0,41,955,765,190,955,765,190,0,0,0,197,87,110,197,87,110,0,0,0
47,"NYC-Brooklyn Community District 15--Sheepshead Bay, Gerritsen Beach & Homecrest PUMA",22646,12094,10552,20020,11166,8854,2626,928,1698,13663,7015,6648,13255,6873,6382,408,142,266,7597,4345,3252,5726,3705,2021,1871,640,1231,1386,734,652,1039,588,451,347,146,201
48,Wayne & Seneca Counties PUMA,359,214,145,359,214,145,0,0,0,159,117,42,159,117,42,0,0,0,200,97,103,200,97,103,0,0,0,0,0,0,0,0,0,0,0,0
49,Schenectady County--Schenectady City PUMA,2033,1373,660,1662,1224,438,371,149,222,1311,900,411,940,751,189,371,149,222,673,424,249,673,424,249,0,0,0,49,49,0,49,49,0,0,0,0
50,NYC-Brooklyn Community District 10--Bay Ridge & Dyker Heights PUMA,8899,4189,4710,6070,2947,3123,2829,1242,1587,4663,2326,2337,3761,1965,1796,902,361,541,3267,1648,1619,1808,893,915,1459,755,704,969,215,754,501,89,412,468,126,342
51,Nassau County (Northwest)--North Hempstead Town (North) PUMA,5325,2103,3222,4732,1916,2816,593,187,406,3115,1275,1840,2899,1217,1682,216,58,158,2071,828,1243,1694,699,995,377,129,248,139,0,139,139,0,139,0,0,0
52,Suffolk County (West Central)--Babylon Town (Northwest) PUMA,1280,738,542,1103,738,365,177,0,177,371,69,302,194,69,125,177,0,177,837,597,240,837,597,240,0,0,0,72,72,0,72,72,0,0,0,0
53,"NYC-Manhattan Community District 4 & 5--Chelsea, Clinton & Midtown Business District PUMA",4910,2745,2165,4407,2553,1854,503,192,311,3713,2403,1310,3644,2334,1310,69,69,0,968,251,717,672,128,544,296,123,173,229,91,138,91,91,0,138,0,138
54,Columbia & Greene Counties PUMA,303,192,111,303,192,111,0,0,0,112,79,33,112,79,33,0,0,0,191,113,78,191,113,78,0,0,0,0,0,0,0,0,0,0,0,0
55,Rensselaer County--Troy City PUMA,834,575,259,834,575,259,0,0,0,720,525,195,720,525,195,0,0,0,114,50,64,114,50,64,0,0,0,0,0,0,0,0,0,0,0,0
56,Erie County (West Central)--Buffalo City (West) PUMA,1426,1065,361,1307,946,361,119,119,0,643,346,297,643,346,297,0,0,0,783,719,64,664,600,64,119,119,0,0,0,0,0,0,0,0,0,0
57,Erie County (South) PUMA,722,196,526,597,196,401,125,0,125,397,196,201,397,196,201,0,0,0,325,0,325,200,0,200,125,0,125,0,0,0,0,0,0,0,0,0
58,Oneida County (Central)--Greater Utica & Rome Cities PUMA,2156,839,1317,1396,492,904,760,347,413,505,168,337,505,168,337,0,0,0,1166,300,866,715,262,453,451,38,413,485,371,114,176,62,114,309,309,0
59,"NYC-Manhattan Community District 12--Washington Heights, Inwood & Marble Hill PUMA",3503,1964,1539,2596,1964,632,907,0,907,1994,1104,890,1736,1104,632,258,0,258,1509,860,649,860,860,0,649,0,649,0,0,0,0,0,0,0,0,0
60,NYC-Brooklyn Community District 13--Brighton Beach & Coney Island PUMA,16183,7037,9146,11947,5394,6553,4236,1643,2593,10244,4684,5560,8275,4142,4133,1969,542,1427,4831,1982,2849,3084,971,2113,1747,1011,736,1108,371,737,588,281,307,520,90,430
61,NYC-Manhattan Community District 10--Central Harlem PUMA,2487,1498,989,2256,1267,989,231,231,0,2146,1341,805,1997,1192,805,149,149,0,259,75,184,259,75,184,0,0,0,82,82,0,0,0,0,82,82,0
62,Nassau County (West Central)--North Hempstead Town (South) PUMA,3053,1746,1307,2971,1746,1225,82,0,82,699,540,159,699,540,159,0,0,0,1591,724,867,1509,724,785,82,0,82,763,482,281,763,482,281,0,0,0
63,NYC-Brooklyn Community District 16--Brownsville & Ocean Hill PUMA,96,0,96,0,0,0,96,0,96,96,0,96,0,0,0,96,0,96,0,0,0,0,0,0,0,0,0,0,0,0,0,0,0,0,0,0
64,Albany County (East Central)--Albany City PUMA,1012,565,447,659,305,354,353,260,93,407,209,198,267,69,198,140,140,0,605,356,249,392,236,156,213,120,93,0,0,0,0,0,0,0,0,0
65,Nassau County (West Central)--Hempstead Town (West Central) PUMA,1034,611,423,838,525,313,196,86,110,370,174,196,284,88,196,86,86,0,419,192,227,309,192,117,110,0,110,245,245,0,245,245,0,0,0,0
66,Chemung (South) & Steuben (East) Counties--Greater Elmira & Greater Corning Cities PUMA,89,0,89,89,0,89,0,0,0,89,0,89,89,0,89,0,0,0,0,0,0,0,0,0,0,0,0,0,0,0,0,0,0,0,0,0
67,"NYC-Bronx Community District 3 & 6--Belmont, Crotona Park East & East Tremont PUMA",573,212,361,476,115,361,97,97,0,0,0,0,0,0,0,0,0,0,115,115,0,115,115,0,0,0,0,458,97,361,361,0,361,97,97,0
68,"NYC-Bronx Community District 5--Morris Heights, Fordham South & Mount Hope PUMA",46,46,0,46,46,0,0,0,0,46,46,0,46,46,0,0,0,0,0,0,0,0,0,0,0,0,0,0,0,0,0,0,0,0,0,0
69,"NYC-Bronx Community District 8--Riverdale, Fieldston & Kingsbridge PUMA",4752,2127,2625,4442,2127,2315,310,0,310,3421,1597,1824,3249,1597,1652,172,0,172,854,443,411,716,443,273,138,0,138,477,87,390,477,87,390,0,0,0
70,Erie County (Northeast) PUMA,1550,945,605,1550,945,605,0,0,0,714,634,80,714,634,80,0,0,0,763,311,452,763,311,452,0,0,0,73,0,73,73,0,73,0,0,0
71,NYC-Manhattan Community District 11--East Harlem PUMA,781,239,542,634,239,395,147,0,147,539,144,395,539,144,395,0,0,0,95,95,0,95,95,0,0,0,0,147,0,147,0,0,0,147,0,147
72,Orange County (Southeast) PUMA,1870,760,1110,1466,626,840,404,134,270,518,232,286,518,232,286,0,0,0,1259,502,757,948,394,554,311,108,203,93,26,67,0,0,0,93,26,67
73,Westchester County (Southeast) PUMA,4183,1811,2372,3754,1746,2008,429,65,364,2429,1035,1394,2182,970,1212,247,65,182,1085,432,653,903,432,471,182,0,182,669,344,325,669,344,325,0,0,0
74,NYC-Queens Community District 1--Astoria & Long Island City PUMA,15182,7803,7379,12212,6767,5445,2970,1036,1934,6216,3034,3182,5458,2906,2552,758,128,630,7696,3606,4090,5710,2924,2786,1986,682,1304,1270,1163,107,1044,937,107,226,226,0
75,Livingston & Wyoming Counties PUMA,245,80,165,245,80,165,0,0,0,132,80,52,132,80,52,0,0,0,113,0,113,113,0,113,0,0,0,0,0,0,0,0,0,0,0,0
76,Suffolk County (Central)--Brookhaven Town (West Central) PUMA,1476,829,647,1426,829,597,50,0,50,662,238,424,612,238,374,50,0,50,652,505,147,652,505,147,0,0,0,162,86,76,162,86,76,0,0,0
77,Westchester County (Southwest)--Yonkers City PUMA,5830,2923,2907,3911,2121,1790,1919,802,1117,856,545,311,780,469,311,76,76,0,3896,1504,2392,2231,956,1275,1665,548,1117,1078,874,204,900,696,204,178,178,0
78,Erie County (North Central) PUMA,2454,1445,1009,1515,506,1009,939,939,0,2246,1445,801,1307,506,801,939,939,0,208,0,208,208,0,208,0,0,0,0,0,0,0,0,0,0,0,0
79,Saratoga County (South & Central) PUMA,545,172,373,487,172,315,58,0,58,345,172,173,345,172,173,0,0,0,142,0,142,142,0,142,0,0,0,58,0,58,0,0,0,58,0,58
80,Suffolk County (South Central)--Brookhaven Town (South) PUMA,2131,1054,1077,1581,773,808,550,281,269,700,289,411,700,289,411,0,0,0,596,274,322,596,274,322,0,0,0,835,491,344,285,210,75,550,281,269
81,"NYC-Staten Island Community District 3--Tottenville, Great Kills & Annadale PUMA",10019,5398,4621,8530,4688,3842,1489,710,779,4510,2043,2467,3511,1648,1863,999,395,604,5237,3208,2029,4747,2893,1854,490,315,175,272,147,125,272,147,125,0,0,0
82,Herkimer (North & Central) & Oneida (Outer) Counties PUMA,363,78,285,363,78,285,0,0,0,233,78,155,233,78,155,0,0,0,130,0,130,130,0,130,0,0,0,0,0,0,0,0,0,0,0,0
83,Niagara County (North & East) PUMA,375,337,38,207,169,38,168,168,0,0,0,0,0,0,0,0,0,0,375,337,38,207,169,38,168,168,0,0,0,0,0,0,0,0,0,0
84,Monroe County (Central)--Rochester City (East) PUMA,864,642,222,705,483,222,159,159,0,250,250,0,250,250,0,0,0,0,568,346,222,409,187,222,159,159,0,46,46,0,46,46,0,0,0,0
85,Warren & Washington Counties PUMA,961,449,512,929,449,480,32,0,32,561,449,112,561,449,112,0,0,0,400,0,400,368,0,368,32,0,32,0,0,0,0,0,0,0,0,0
86,Nassau County (Southwest)--Hempstead Town (Southwest) & Long Beach City PUMA,3179,1206,1973,2300,696,1604,879,510,369,1666,482,1184,1558,374,1184,108,108,0,1513,724,789,742,322,420,771,402,369,0,0,0,0,0,0,0,0,0
87,NYC-Brooklyn Community District 8--Crown Heights North & Prospect Heights PUMA,1826,1054,772,1487,970,517,339,84,255,1270,798,472,1169,798,371,101,0,101,410,256,154,172,172,0,238,84,154,146,0,146,146,0,146,0,0,0
88,Onondaga County (Central)--Syracuse City PUMA,1868,1369,499,891,706,185,977,663,314,906,744,162,532,467,65,374,277,97,443,323,120,359,239,120,84,84,0,519,302,217,0,0,0,519,302,217
89,Westchester County (Central)--White Plains City PUMA,3399,1738,1661,3399,1738,1661,0,0,0,2599,1236,1363,2599,1236,1363,0,0,0,674,433,241,674,433,241,0,0,0,126,69,57,126,69,57,0,0,0
90,NYC-Brooklyn Community District 3--Bedford-Stuyvesant PUMA,1697,607,1090,1347,430,917,350,177,173,1103,336,767,753,159,594,350,177,173,323,0,323,323,0,323,0,0,0,271,271,0,271,271,0,0,0,0
91,"NYC-Bronx Community District 1 & 2--Hunts Point, Longwood & Melrose PUMA",201,146,55,201,146,55,0,0,0,55,0,55,55,0,55,0,0,0,0,0,0,0,0,0,0,0,0,146,146,0,146,146,0,0,0,0
92,Cattaraugus & Allegany Counties PUMA,406,209,197,174,154,20,232,55,177,190,43,147,63,43,20,127,0,127,159,136,23,111,111,0,48,25,23,57,30,27,0,0,0,57,30,27
93,Oswego County PUMA,190,66,124,66,66,0,124,0,124,82,29,53,29,29,0,53,0,53,108,37,71,37,37,0,71,0,71,0,0,0,0,0,0,0,0,0
94,"NYC-Queens Community District 5--Ridgewood, Glendale & Middle Village PUMA",17399,8163,9236,14786,6582,8204,2613,1581,1032,4741,1626,3115,4165,1477,2688,576,149,427,11149,5692,5457,9429,4519,4910,1720,1173,547,1509,845,664,1192,586,606,317,259,58
95,Monroe County (East) PUMA,1396,882,514,912,398,514,484,484,0,695,449,246,644,398,246,51,51,0,268,0,268,268,0,268,0,0,0,433,433,0,0,0,0,433,433,0
96,Westchester County (South Central)--New Rochelle & Mount Vernon Cities PUMA,4554,2395,2159,4375,2216,2159,179,179,0,3026,1601,1425,2847,1422,1425,179,179,0,1113,654,459,1113,654,459,0,0,0,415,140,275,415,140,275,0,0,0
97,"NYC-Queens Community District 14--Far Rockaway, Breezy Point & Broad Channel PUMA",2379,1293,1086,2235,1263,972,144,30,114,1679,776,903,1649,746,903,30,30,0,700,517,183,586,517,69,114,0,114,0,0,0,0,0,0,0,0,0
98,"NYC-Brooklyn Community District 12--Borough Park, Kensington & Ocean Parkway PUMA",6961,3719,3242,5098,2659,2439,1863,1060,803,2807,1312,1495,2437,996,1441,370,316,54,3090,1715,1375,2046,1285,761,1044,430,614,1064,692,372,615,378,237,449,314,135
99,"NYC-Bronx Community District 10--Co-op City, Pelham Bay & Schuylerville PUMA",839,197,642,839,197,642,0,0,0,182,94,88,182,94,88,0,0,0,326,33,293,326,33,293,0,0,0,331,70,261,331,70,261,0,0,0
100,"NYC-Queens Community District 11--Bayside, Douglaston & Little Neck PUMA",4361,2287,2074,3459,1976,1483,902,311,591,1441,558,883,1071,493,578,370,65,305,2461,1380,1081,1974,1179,795,487,201,286,459,349,110,414,304,110,45,45,0
101,"NYC-Manhattan Community District 6--Murray Hill, Gramercy & Stuyvesant Town PUMA",3532,1335,2197,2894,1335,1559,638,0,638,3017,943,2074,2379,943,1436,638,0,638,515,392,123,515,392,123,0,0,0,0,0,0,0,0,0,0,0,0
102,Chautauqua County PUMA,367,292,75,367,292,75,0,0,0,153,78,75,153,78,75,0,0,0,214,214,0,214,214,0,0,0,0,0,0,0,0,0,0,0,0,0
103,NYC-Brooklyn Community District 18--Canarsie & Flatlands PUMA,4109,2385,1724,3692,2141,1551,417,244,173,1462,751,711,1357,751,606,105,0,105,2419,1513,906,2107,1269,838,312,244,68,228,121,107,228,121,107,0,0,0
104,Erie County (West Central)--Buffalo City (East) PUMA,1063,500,563,732,448,284,331,52,279,369,0,369,192,0,192,177,0,177,429,337,92,377,285,92,52,52,0,265,163,102,163,163,0,102,0,102
105,Genesee & Orleans Counties PUMA,224,75,149,145,75,70,79,0,79,0,0,0,0,0,0,0,0,0,224,75,149,145,75,70,79,0,79,0,0,0,0,0,0,0,0,0
106,"NYC-Staten Island Community District 1--Port Richmond, Stapleton & Mariner's Harbor PUMA",4325,2617,1708,3994,2286,1708,331,331,0,2343,1259,1084,2343,1259,1084,0,0,0,1560,972,588,1229,641,588,331,331,0,422,386,36,422,386,36,0,0,0
107,"Steuben (North & West), Schuyler & Chemung (North) Counties PUMA",11,0,11,11,0,11,0,0,0,11,0,11,11,0,11,0,0,0,0,0,0,0,0,0,0,0,0,0,0,0,0,0,0,0,0,0
108,Nassau County (South Central)--Hempstead Town (Southeast) PUMA,323,192,131,205,74,131,118,118,0,131,0,131,131,0,131,0,0,0,74,74,0,74,74,0,0,0,0,118,118,0,0,0,0,118,118,0
109,"NYC-Bronx Community District 9--Castle Hill, Clason Point & Parkchester PUMA",391,60,331,391,60,331,0,0,0,0,0,0,0,0,0,0,0,0,331,0,331,331,0,331,0,0,0,60,60,0,60,60,0,0,0,0
110,Suffolk County (East) PUMA,3181,1768,1413,2857,1514,1343,324,254,70,773,334,439,715,276,439,58,58,0,2087,1268,819,1821,1072,749,266,196,70,321,166,155,321,166,155,0,0,0
111,Orange County (Northwest) PUMA,968,63,905,736,63,673,232,0,232,460,0,460,228,0,228,232,0,232,508,63,445,508,63,445,0,0,0,0,0,0,0,0,0,0,0,0
112,Broome County (West Central)--Greater Binghamton City & Greater Johnson City Village PUMA,1947,997,950,1491,635,856,456,362,94,470,273,197,470,273,197,0,0,0,1121,368,753,784,125,659,337,243,94,356,356,0,237,237,0,119,119,0
113,"NYC-Bronx Community District 11--Pelham Parkway, Morris Park & Laconia PUMA",2594,1496,1098,2101,1235,866,493,261,232,745,445,300,676,445,231,69,0,69,1499,745,754,1075,484,591,424,261,163,350,306,44,350,306,44,0,0,0
114,Suffolk County (Northwest)--Smithtown Town PUMA,532,339,193,451,258,193,81,81,0,180,56,124,180,56,124,0,0,0,271,202,69,271,202,69,0,0,0,81,81,0,0,0,0,81,81,0
115,Ulster County (East) PUMA,355,45,310,264,45,219,91,0,91,202,0,202,111,0,111,91,0,91,108,0,108,108,0,108,0,0,0,45,45,0,45,45,0,0,0,0
116,Westchester County (Northeast) PUMA,2584,1086,1498,2212,923,1289,372,163,209,1357,472,885,1284,399,885,73,73,0,919,429,490,743,339,404,176,90,86,308,185,123,185,185,0,123,0,123
117,NYC-Brooklyn Community District 4--Bushwick PUMA,1062,395,667,772,345,427,290,50,240,588,232,356,588,232,356,0,0,0,424,113,311,184,113,71,240,0,240,50,50,0,0,0,0,50,50,0
118,NYC-Manhattan Community District 3--Chinatown & Lower East Side PUMA,5080,2010,3070,4012,1575,2437,1068,435,633,3460,1445,2015,3298,1445,1853,162,0,162,1593,538,1055,714,130,584,879,408,471,27,27,0,0,0,0,27,27,0
119,Dutchess County (North & East) PUMA,832,484,348,450,102,348,382,382,0,502,311,191,236,45,191,266,266,0,207,173,34,91,57,34,116,116,0,123,0,123,123,0,123,0,0,0
120,Nassau County (Central)--Hempstead Town (North Central)--Meadowbrook Corridor PUMA,120,0,120,120,0,120,0,0,0,120,0,120,120,0,120,0,0,0,0,0,0,0,0,0,0,0,0,0,0,0,0,0,0,0,0,0
121,Broome (Outer West) & Tioga Counties PUMA,474,229,245,474,229,245,0,0,0,158,158,0,158,158,0,0,0,0,316,71,245,316,71,245,0,0,0,0,0,0,0,0,0,0,0,0
122,"Rockland County (South)--Orangetown, Clarkstown (South) & Ramapo (Southeast) Towns PUMA",2254,1260,994,1943,1108,835,311,152,159,707,292,415,627,212,415,80,80,0,1513,934,579,1282,862,420,231,72,159,34,34,0,34,34,0,0,0,0
123,"NYC-Brooklyn Community District 17--East Flatbush, Farragut & Rugby PUMA",152,152,0,0,0,0,152,152,0,0,0,0,0,0,0,0,0,0,152,152,0,0,0,0,152,152,0,0,0,0,0,0,0,0,0,0
124,Orange County (Northeast)--Greater Newburgh City PUMA,701,443,258,593,443,150,108,0,108,352,352,0,352,352,0,0,0,0,349,91,258,241,91,150,108,0,108,0,0,0,0,0,0,0,0,0
125,"NYC-Manhattan Community District 1 & 2--Battery Park City, Greenwich Village & Soho PUMA",6184,2601,3583,5453,2350,3103,731,251,480,5298,2352,2946,4766,2101,2665,532,251,281,886,249,637,687,249,438,199,0,199,0,0,0,0,0,0,0,0,0
126,NYC-Queens Community District 6--Forest Hills & Rego Park PUMA,11488,5801,5687,8330,4696,3634,3158,1105,2053,5661,2533,3128,4603,2433,2170,1058,100,958,5210,2725,2485,3419,2029,1390,1791,696,1095,617,543,74,308,234,74,309,309,0
127,Onondaga County (North) PUMA,1148,418,730,910,418,492,238,0,238,588,264,324,588,264,324,0,0,0,436,154,282,322,154,168,114,0,114,124,0,124,0,0,0,124,0,124
128,Nassau County (Northeast)--Oyster Bay Town (North) & Glen Cove City PUMA,1936,1075,861,1670,958,712,266,117,149,1020,640,380,903,523,380,117,117,0,867,435,432,718,435,283,149,0,149,49,0,49,49,0,49,0,0,0
129,Monroe County (North & West) PUMA,2545,844,1701,2545,844,1701,0,0,0,1522,93,1429,1522,93,1429,0,0,0,1023,751,272,1023,751,272,0,0,0,0,0,0,0,0,0,0,0,0
130,Sullivan & Ulster (West) Counties PUMA,646,319,327,373,255,118,273,64,209,144,26,118,144,26,118,0,0,0,490,281,209,229,229,0,261,52,209,12,12,0,0,0,0,12,12,0
131,Suffolk County (Southwest)--Babylon Town (Southeast) PUMA,1552,774,778,1552,774,778,0,0,0,467,180,287,467,180,287,0,0,0,899,594,305,899,594,305,0,0,0,186,0,186,186,0,186,0,0,0
132,Suffolk County (Northwest)--Huntington Town (North) PUMA,919,354,565,769,282,487,150,72,78,611,145,466,533,145,388,78,0,78,308,209,99,236,137,99,72,72,0,0,0,0,0,0,0,0,0,0
133,"NYC-Queens Community District 12--Jamaica, Hollis & St. Albans PUMA",572,374,198,522,374,148,50,0,50,0,0,0,0,0,0,0,0,0,133,83,50,83,83,0,50,0,50,439,291,148,439,291,148,0,0,0
134,"NYC-Queens Community District 13--Queens Village, Cambria Heights & Rosedale PUMA",347,70,277,347,70,277,0,0,0,288,11,277,288,11,277,0,0,0,59,59,0,59,59,0,0,0,0,0,0,0,0,0,0,0,0,0
135,Monroe County (Central)--Rochester City (West) PUMA,314,223,91,235,144,91,79,79,0,144,144,0,144,144,0,0,0,0,56,0,56,56,0,56,0,0,0,114,79,35,35,0,35,79,79,0
136,NYC-Queens Community District 10--Howard Beach & Ozone Park PUMA,1380,664,716,1190,474,716,190,190,0,73,36,37,73,36,37,0,0,0,1035,356,679,988,309,679,47,47,0,272,272,0,129,129,0,143,143,0
137,Suffolk County (Central)--Islip Town (Northwest) PUMA,505,404,101,505,404,101,0,0,0,101,0,101,101,0,101,0,0,0,206,206,0,206,206,0,0,0,0,198,198,0,198,198,0,0,0,0
138,Putnam County PUMA,1181,658,523,1037,579,458,144,79,65,404,230,174,404,230,174,0,0,0,743,428,315,599,349,250,144,79,65,34,0,34,34,0,34,0,0,0
139,NYC-Queens Community District 2--Sunnyside & Woodside PUMA,5328,2934,2394,4366,2264,2102,962,670,292,2747,1603,1144,2507,1494,1013,240,109,131,1713,794,919,1357,599,758,356,195,161,868,537,331,502,171,331,366,366,0
140,Nassau County (Central)--Hempstead Town (East Central) PUMA,1927,999,928,1480,999,481,447,0,447,1203,598,605,1079,598,481,124,0,124,724,401,323,401,401,0,323,0,323,0,0,0,0,0,0,0,0,0
141,Suffolk County (Northwest)--Huntington Town (South) PUMA,795,447,348,795,447,348,0,0,0,418,237,181,418,237,181,0,0,0,377,210,167,377,210,167,0,0,0,0,0,0,0,0,0,0,0,0
142,"NYC-Bronx Community District 4--Concourse, Highbridge & Mount Eden PUMA",156,156,0,0,0,0,156,156,0,0,0,0,0,0,0,0,0,0,0,0,0,0,0,0,0,0,0,156,156,0,0,0,0,156,156,0
143,Nassau County (Central)--Hempstead Town (Northeast) PUMA,2549,1287,1262,2549,1287,1262,0,0,0,507,154,353,507,154,353,0,0,0,1846,1003,843,1846,1003,843,0,0,0,196,130,66,196,130,66,0,0,0
144,NYC-Brooklyn Community District 14--Flatbush & Midwood PUMA,7238,3516,3722,3981,1945,2036,3257,1571,1686,3337,1520,1817,1572,790,782,1765,730,1035,3705,1941,1764,2268,1155,1113,1437,786,651,196,55,141,141,0,141,55,55,0
145,"Rockland County (West)--Spring Valley, Suffern Villages & Monsey PUMA",2418,1370,1048,1558,603,955,860,767,93,823,283,540,823,283,540,0,0,0,938,695,243,310,160,150,628,535,93,657,392,265,425,160,265,232,232,0
146,Capital Region,8981,4856,4125,7880,4227,3653,1101,629,472,4773,2873,1900,4195,2584,1611,578,289,289,3907,1867,2040,3442,1527,1915,465,340,125,301,116,185,243,116,127,58,0,58
147,Central NY,5941,3301,2640,4337,2564,1773,1604,737,867,2986,1769,1217,2559,1492,1067,427,277,150,2180,1156,1024,1778,1072,706,402,84,318,775,376,399,0,0,0,775,376,399
148,Finger Lakes,9144,4603,4541,8343,3881,4462,801,722,79,4965,2413,2552,4914,2362,2552,51,51,0,3516,1632,1884,3278,1473,1805,238,159,79,663,558,105,151,46,105,512,512,0
149,Long Island,42624,20877,21747,37531,18498,19033,5093,2379,2714,17042,7173,9869,15847,6746,9101,1195,427,768,20801,10583,10218,18094,9477,8617,2707,1106,1601,4781,3121,1660,3590,2275,1315,1191,846,345
150,Mid-Hudson,38786,18827,19959,32425,15597,16828,6361,3230,3131,17828,8311,9517,16270,7258,9012,1558,1053,505,16839,8166,8673,12888,6437,6451,3951,1729,2222,4119,2350,1769,3267,1902,1365,852,448,404
151,Mohawk Valley,3122,1052,2070,2101,678,1423,1021,374,647,1012,288,724,807,288,519,205,0,205,1545,341,1204,1038,276,762,507,65,442,565,423,142,256,114,142,309,309,0
152,New York City,274188,132647,141541,223676,110552,113124,50512,22095,28417,146376,66616,79760,128554,60796,67758,17822,5820,12002,107270,54401,52869,80223,41814,38409,27047,12587,14460,20542,11630,8912,14899,7942,6957,5643,3688,1955
153,North Country,1476,775,701,1096,704,392,380,71,309,242,43,199,242,43,199,0,0,0,1121,647,474,769,576,193,352,71,281,113,85,28,85,85,0,28,0,28
154,Southern Tier,4520,2258,2262,3828,1896,1932,692,362,330,1883,1013,870,1703,1013,690,180,0,180,2281,889,1392,1888,646,1242,393,243,150,356,356,0,237,237,0,119,119,0
155,Western NY,10955,6547,4408,8575,4889,3686,2380,1658,722,5239,2964,2275,3851,1880,1971,1388,1084,304,5011,3390,1621,4178,2846,1332,833,544,289,705,193,512,546,163,383,159,30,129
