,puma,Total_geo,Total_geo_m,Total_geo_f,Total_Emp_mf_t,Total_emp_m,Total_emp_f,Total_UnEmp_mf_t,Total_UnEmp_m,Total_UnEmp_f,Total_BABS,Total_BABS_m,Total_BABS_f,BABS_Emp_mf_t,BABS_emp_m,BABS_emp_f,BABS_UnEmp_mf_t,BABS_UnEmp_m,BABS_UnEmp_f,Total_HS,Total_HS_m,Total_HS_f,HS_Emp_mf_t,HS_emp_m,HS_emp_f,HS_UnEmp_mf_t,HS_UnEmp_m,HS_UnEmp_f,Total_HSINC,Total_HSINC_m,Total_HSINC_f,HSINC_Emp_mf_t,HSINC_emp_m,HSINC_emp_f,HSINC_UnEmp_mf_t,HSINC_UnEmp_m,HSINC_UnEmp_f
0,Total Geo,319720,175059,144661,303372,168240,135132,16348,6819,9529,171499,86694,84805,162391,84027,78364,9108,2667,6441,126603,73525,53078,120329,69855,50474,6274,3670,2604,21618,14840,6778,20652,14358,6294,966,482,484
1,NYC-Manhattan Community District 7--Upper West Side & West Side PUMA,7180,1865,5315,7180,1865,5315,0,0,0,4508,1663,2845,4508,1663,2845,0,0,0,1721,0,1721,1721,0,1721,0,0,0,951,202,749,951,202,749,0,0,0
2,Nassau County (West Central)--Hempstead Town (Northwest) PUMA,459,124,335,459,124,335,0,0,0,155,0,155,155,0,155,0,0,0,304,124,180,304,124,180,0,0,0,0,0,0,0,0,0,0,0,0
3,NYC-Brooklyn Community District 2--Brooklyn Heights & Fort Greene PUMA,3559,1956,1603,3341,1898,1443,218,58,160,2763,1300,1463,2545,1242,1303,218,58,160,431,291,140,431,291,140,0,0,0,365,365,0,365,365,0,0,0,0
4,Madison & Cortland Counties PUMA,199,107,92,199,107,92,0,0,0,53,30,23,53,30,23,0,0,0,146,77,69,146,77,69,0,0,0,0,0,0,0,0,0,0,0,0
5,Ontario & Yates Counties PUMA,405,195,210,344,195,149,61,0,61,269,195,74,269,195,74,0,0,0,136,0,136,75,0,75,61,0,61,0,0,0,0,0,0,0,0,0
6,Monroe County (Central)--Greece & Gates Towns PUMA,964,560,404,964,560,404,0,0,0,197,197,0,197,197,0,0,0,0,697,363,334,697,363,334,0,0,0,70,0,70,70,0,70,0,0,0
7,Nassau County (East Central)--Oyster Bay Town (Central) PUMA,2567,1379,1188,2567,1379,1188,0,0,0,906,640,266,906,640,266,0,0,0,1661,739,922,1661,739,922,0,0,0,0,0,0,0,0,0,0,0,0
8,"Clinton, Franklin, Essex & Hamilton Counties PUMA",370,159,211,370,159,211,0,0,0,146,43,103,146,43,103,0,0,0,111,31,80,111,31,80,0,0,0,113,85,28,113,85,28,0,0,0
9,NYC-Manhattan Community District 8--Upper East Side PUMA,7546,3455,4091,7066,3455,3611,480,0,480,7028,3322,3706,6715,3322,3393,313,0,313,518,133,385,351,133,218,167,0,167,0,0,0,0,0,0,0,0,0
10,Suffolk County (Southwest)--Islip Town (South) PUMA,564,320,244,564,320,244,0,0,0,114,53,61,114,53,61,0,0,0,343,160,183,343,160,183,0,0,0,107,107,0,107,107,0,0,0,0
11,Erie County (Northwest) PUMA,732,732,0,587,587,0,145,145,0,145,145,0,0,0,0,145,145,0,587,587,0,587,587,0,0,0,0,0,0,0,0,0,0,0,0,0
12,"NYC-Queens Community District 8--Briarwood, Fresh Meadows & Hillcrest PUMA",6892,3794,3098,6349,3794,2555,543,0,543,2793,1209,1584,2793,1209,1584,0,0,0,4099,2585,1514,3556,2585,971,543,0,543,0,0,0,0,0,0,0,0,0
13,NYC-Brooklyn Community District 5--East New York & Starrett City PUMA,444,150,294,318,24,294,126,126,0,131,24,107,131,24,107,0,0,0,313,126,187,187,0,187,126,126,0,0,0,0,0,0,0,0,0,0
14,Rockland County (North)--New City & Congers PUMA,1023,450,573,1023,450,573,0,0,0,790,370,420,790,370,420,0,0,0,233,80,153,233,80,153,0,0,0,0,0,0,0,0,0,0,0,0
15,"Otsego, Schoharie, Oneida (South) & Herkimer (South) Counties PUMA",163,108,55,163,108,55,0,0,0,69,42,27,69,42,27,0,0,0,14,14,0,14,14,0,0,0,0,80,52,28,80,52,28,0,0,0
16,NYC-Brooklyn Community District 7--Sunset Park & Windsor Terrace PUMA,1927,1139,788,1740,1139,601,187,0,187,1447,754,693,1260,754,506,187,0,187,314,314,0,314,314,0,0,0,0,166,71,95,166,71,95,0,0,0
17,NYC-Brooklyn Community District 11--Bensonhurst & Bath Beach PUMA,12348,6208,6140,11328,5764,5564,1020,444,576,6387,2328,4059,5733,2250,3483,654,78,576,5330,3249,2081,4964,2883,2081,366,366,0,631,631,0,631,631,0,0,0,0
18,Tompkins County PUMA,1066,641,425,1066,641,425,0,0,0,850,513,337,850,513,337,0,0,0,216,128,88,216,128,88,0,0,0,0,0,0,0,0,0,0,0,0
19,Dutchess County (Southwest) PUMA,1563,708,855,1319,708,611,244,0,244,309,64,245,191,64,127,118,0,118,1254,644,610,1128,644,484,126,0,126,0,0,0,0,0,0,0,0,0
20,NYC-Queens Community District 9--Richmond Hill & Woodhaven PUMA,1971,933,1038,1826,894,932,145,39,106,1002,521,481,896,521,375,106,0,106,931,374,557,892,335,557,39,39,0,38,38,0,38,38,0,0,0,0
21,Westchester County (Northwest) PUMA,3408,2072,1336,3184,2072,1112,224,0,224,2065,1099,966,1841,1099,742,224,0,224,818,744,74,818,744,74,0,0,0,525,229,296,525,229,296,0,0,0
22,Albany County (Outside Albany City) PUMA,2222,1213,1009,2222,1213,1009,0,0,0,1148,408,740,1148,408,740,0,0,0,981,805,176,981,805,176,0,0,0,93,0,93,93,0,93,0,0,0
23,Monroe County (South) PUMA,1448,888,560,1321,888,433,127,0,127,1373,888,485,1246,888,358,127,0,127,75,0,75,75,0,75,0,0,0,0,0,0,0,0,0,0,0,0
24,Jefferson & Lewis Counties PUMA,31,0,31,31,0,31,0,0,0,0,0,0,0,0,0,0,0,0,31,0,31,31,0,31,0,0,0,0,0,0,0,0,0,0,0,0
25,"Chenango, Delaware & Broome (East) Counties PUMA",720,343,377,651,274,377,69,69,0,140,69,71,71,0,71,69,69,0,580,274,306,580,274,306,0,0,0,0,0,0,0,0,0,0,0,0
26,Erie County (Central) PUMA,1085,720,365,952,587,365,133,133,0,266,77,189,266,77,189,0,0,0,819,643,176,686,510,176,133,133,0,0,0,0,0,0,0,0,0,0
27,St. Lawrence County PUMA,716,467,249,716,467,249,0,0,0,0,0,0,0,0,0,0,0,0,716,467,249,716,467,249,0,0,0,0,0,0,0,0,0,0,0,0
28,"NYC-Manhattan Community District 9--Hamilton Heights, Manhattanville & West Harlem PUMA",3052,1457,1595,2870,1457,1413,182,0,182,2730,1287,1443,2548,1287,1261,182,0,182,322,170,152,322,170,152,0,0,0,0,0,0,0,0,0,0,0,0
29,Suffolk County (North Central)--Brookhaven Town (North) PUMA,796,527,269,724,527,197,72,0,72,451,273,178,451,273,178,0,0,0,288,197,91,216,197,19,72,0,72,57,57,0,57,57,0,0,0,0
30,NYC-Brooklyn Community District 1--Greenpoint & Williamsburg PUMA,8227,4398,3829,8157,4398,3759,70,0,70,4012,2138,1874,3942,2138,1804,70,0,70,3521,1723,1798,3521,1723,1798,0,0,0,694,537,157,694,537,157,0,0,0
31,Cayuga & Onondaga (South) Counties PUMA,226,78,148,226,78,148,0,0,0,226,78,148,226,78,148,0,0,0,0,0,0,0,0,0,0,0,0,0,0,0,0,0,0,0,0,0
32,Nassau County (Southeast)--Oyster Bay Town (South) PUMA,798,269,529,798,269,529,0,0,0,227,167,60,227,167,60,0,0,0,469,0,469,469,0,469,0,0,0,102,102,0,102,102,0,0,0,0
33,Fulton & Montgomery Counties PUMA,343,0,343,343,0,343,0,0,0,205,0,205,205,0,205,0,0,0,138,0,138,138,0,138,0,0,0,0,0,0,0,0,0,0,0,0
34,Onondaga County (Central)--Syracuse City (Outer) PUMA,2021,1208,813,1746,1053,693,275,155,120,964,624,340,809,469,340,155,155,0,925,510,415,805,510,295,120,0,120,132,74,58,132,74,58,0,0,0
35,NYC-Staten Island Community District 2--New Springville & South Beach PUMA,7929,3923,4006,7688,3923,3765,241,0,241,4041,1824,2217,3800,1824,1976,241,0,241,3322,1606,1716,3322,1606,1716,0,0,0,566,493,73,566,493,73,0,0,0
36,Niagara County (Southwest)--Greater Niagara Falls & North Tonawanda Area PUMA,190,106,84,190,106,84,0,0,0,0,0,0,0,0,0,0,0,0,190,106,84,190,106,84,0,0,0,0,0,0,0,0,0,0,0,0
37,Suffolk County (Central)--Brookhaven Town (Central) PUMA,2008,1331,677,1624,1125,499,384,206,178,550,157,393,550,157,393,0,0,0,934,650,284,550,444,106,384,206,178,524,524,0,524,524,0,0,0,0
38,"NYC-Bronx Community District 7--Bedford Park, Fordham North & Norwood PUMA",823,823,0,823,823,0,0,0,0,442,442,0,442,442,0,0,0,0,381,381,0,381,381,0,0,0,0,0,0,0,0,0,0,0,0,0
39,NYC-Queens Community District 4--Elmhurst & South Corona PUMA,867,297,570,867,297,570,0,0,0,312,172,140,312,172,140,0,0,0,555,125,430,555,125,430,0,0,0,0,0,0,0,0,0,0,0,0
40,"NYC-Brooklyn Community District 6--Park Slope, Carroll Gardens & Red Hook PUMA",2674,1180,1494,2430,1180,1250,244,0,244,2198,830,1368,1954,830,1124,244,0,244,476,350,126,476,350,126,0,0,0,0,0,0,0,0,0,0,0,0
41,Suffolk County (Central)--Islip Town (East) PUMA,1041,593,448,860,593,267,181,0,181,687,402,285,506,402,104,181,0,181,354,191,163,354,191,163,0,0,0,0,0,0,0,0,0,0,0,0
42,"NYC-Brooklyn Community District 9--Crown Heights South, Prospect Lefferts & Wingate PUMA",1995,1227,768,1995,1227,768,0,0,0,751,478,273,751,478,273,0,0,0,1191,749,442,1191,749,442,0,0,0,53,0,53,53,0,53,0,0,0
43,"NYC-Queens Community District 7--Flushing, Murray Hill & Whitestone PUMA",3662,2132,1530,3421,1931,1490,241,201,40,1383,345,1038,1383,345,1038,0,0,0,2026,1663,363,1825,1462,363,201,201,0,253,124,129,213,124,89,40,0,40
44,NYC-Queens Community District 3--Jackson Heights & North Corona PUMA,1994,1156,838,1994,1156,838,0,0,0,1309,798,511,1309,798,511,0,0,0,474,251,223,474,251,223,0,0,0,211,107,104,211,107,104,0,0,0
45,Saratoga County (Outer) PUMA,307,198,109,240,131,109,67,67,0,169,131,38,169,131,38,0,0,0,71,0,71,71,0,71,0,0,0,67,67,0,0,0,0,67,67,0
46,"NYC-Bronx Community District 12--Wakefield, Williamsbridge & Woodlawn PUMA",1042,894,148,932,894,38,110,0,110,42,42,0,42,42,0,0,0,0,803,765,38,803,765,38,0,0,0,197,87,110,87,87,0,110,0,110
47,"NYC-Brooklyn Community District 15--Sheepshead Bay, Gerritsen Beach & Homecrest PUMA",20142,11447,8695,19482,11291,8191,660,156,504,12717,7015,5702,12603,6973,5630,114,42,72,6318,3776,2542,5968,3662,2306,350,114,236,1107,656,451,911,656,255,196,0,196
48,Wayne & Seneca Counties PUMA,359,214,145,359,214,145,0,0,0,159,117,42,159,117,42,0,0,0,200,97,103,200,97,103,0,0,0,0,0,0,0,0,0,0,0,0
49,Schenectady County--Schenectady City PUMA,1984,1324,660,1640,1324,316,344,0,344,1311,900,411,967,900,67,344,0,344,673,424,249,673,424,249,0,0,0,0,0,0,0,0,0,0,0,0
50,NYC-Brooklyn Community District 10--Bay Ridge & Dyker Heights PUMA,6771,4020,2751,5940,3496,2444,831,524,307,3770,2195,1575,3278,1878,1400,492,317,175,2470,1610,860,2204,1476,728,266,134,132,531,215,316,458,142,316,73,73,0
51,Nassau County (Northwest)--North Hempstead Town (North) PUMA,4349,2067,2282,3952,1877,2075,397,190,207,2575,1239,1336,2439,1239,1200,136,0,136,1711,828,883,1450,638,812,261,190,71,63,0,63,63,0,63,0,0,0
52,Suffolk County (West Central)--Babylon Town (Northwest) PUMA,1063,738,325,1063,738,325,0,0,0,285,69,216,285,69,216,0,0,0,706,597,109,706,597,109,0,0,0,72,72,0,72,72,0,0,0,0
53,"NYC-Manhattan Community District 4 & 5--Chelsea, Clinton & Midtown Business District PUMA",4544,2676,1868,4199,2676,1523,345,0,345,3453,2334,1119,3345,2334,1011,108,0,108,862,251,611,763,251,512,99,0,99,229,91,138,91,91,0,138,0,138
54,Columbia & Greene Counties PUMA,303,192,111,303,192,111,0,0,0,112,79,33,112,79,33,0,0,0,191,113,78,191,113,78,0,0,0,0,0,0,0,0,0,0,0,0
55,Rensselaer County--Troy City PUMA,668,575,93,668,575,93,0,0,0,618,525,93,618,525,93,0,0,0,50,50,0,50,50,0,0,0,0,0,0,0,0,0,0,0,0,0
56,Erie County (West Central)--Buffalo City (West) PUMA,1050,689,361,881,520,361,169,169,0,643,346,297,474,177,297,169,169,0,407,343,64,407,343,64,0,0,0,0,0,0,0,0,0,0,0,0
57,Erie County (South) PUMA,597,196,401,597,196,401,0,0,0,397,196,201,397,196,201,0,0,0,200,0,200,200,0,200,0,0,0,0,0,0,0,0,0,0,0,0
58,Oneida County (Central)--Greater Utica & Rome Cities PUMA,1547,741,806,1547,741,806,0,0,0,505,168,337,505,168,337,0,0,0,769,300,469,769,300,469,0,0,0,273,273,0,273,273,0,0,0,0
59,"NYC-Manhattan Community District 12--Washington Heights, Inwood & Marble Hill PUMA",2971,1964,1007,2852,1845,1007,119,119,0,1915,1104,811,1796,985,811,119,119,0,1056,860,196,1056,860,196,0,0,0,0,0,0,0,0,0,0,0,0
60,NYC-Brooklyn Community District 13--Brighton Beach & Coney Island PUMA,13836,6557,7279,12493,5791,6702,1343,766,577,9064,4311,4753,8312,4068,4244,752,243,509,4178,1875,2303,3587,1352,2235,591,523,68,594,371,223,594,371,223,0,0,0
61,NYC-Manhattan Community District 10--Central Harlem PUMA,1671,1148,523,1671,1148,523,0,0,0,1547,1073,474,1547,1073,474,0,0,0,124,75,49,124,75,49,0,0,0,0,0,0,0,0,0,0,0,0
62,Nassau County (West Central)--North Hempstead Town (South) PUMA,2816,1597,1219,2816,1597,1219,0,0,0,699,540,159,699,540,159,0,0,0,1510,643,867,1510,643,867,0,0,0,607,414,193,607,414,193,0,0,0
63,NYC-Brooklyn Community District 16--Brownsville & Ocean Hill PUMA,96,0,96,96,0,96,0,0,0,96,0,96,96,0,96,0,0,0,0,0,0,0,0,0,0,0,0,0,0,0,0,0,0,0,0,0
64,Albany County (East Central)--Albany City PUMA,799,445,354,799,445,354,0,0,0,407,209,198,407,209,198,0,0,0,392,236,156,392,236,156,0,0,0,0,0,0,0,0,0,0,0,0
65,Nassau County (West Central)--Hempstead Town (West Central) PUMA,960,611,349,960,611,349,0,0,0,370,174,196,370,174,196,0,0,0,345,192,153,345,192,153,0,0,0,245,245,0,245,245,0,0,0,0
66,Chemung (South) & Steuben (East) Counties--Greater Elmira & Greater Corning Cities PUMA,0,0,0,0,0,0,0,0,0,0,0,0,0,0,0,0,0,0,0,0,0,0,0,0,0,0,0,0,0,0,0,0,0,0,0,0
67,"NYC-Bronx Community District 3 & 6--Belmont, Crotona Park East & East Tremont PUMA",214,115,99,214,115,99,0,0,0,0,0,0,0,0,0,0,0,0,115,115,0,115,115,0,0,0,0,99,0,99,99,0,99,0,0,0
68,"NYC-Bronx Community District 5--Morris Heights, Fordham South & Mount Hope PUMA",46,46,0,46,46,0,0,0,0,46,46,0,46,46,0,0,0,0,0,0,0,0,0,0,0,0,0,0,0,0,0,0,0,0,0,0
69,"NYC-Bronx Community District 8--Riverdale, Fieldston & Kingsbridge PUMA",3650,1977,1673,3650,1977,1673,0,0,0,2674,1597,1077,2674,1597,1077,0,0,0,566,293,273,566,293,273,0,0,0,410,87,323,410,87,323,0,0,0
70,Erie County (Northeast) PUMA,1222,945,277,1148,871,277,74,74,0,714,634,80,640,560,80,74,74,0,508,311,197,508,311,197,0,0,0,0,0,0,0,0,0,0,0,0
71,NYC-Manhattan Community District 11--East Harlem PUMA,634,239,395,634,239,395,0,0,0,539,144,395,539,144,395,0,0,0,95,95,0,95,95,0,0,0,0,0,0,0,0,0,0,0,0,0
72,Orange County (Southeast) PUMA,1282,760,522,1075,760,315,207,0,207,518,232,286,440,232,208,78,0,78,738,502,236,609,502,107,129,0,129,26,26,0,26,26,0,0,0,0
73,Westchester County (Southeast) PUMA,3252,1656,1596,2937,1456,1481,315,200,115,1662,880,782,1547,880,667,115,0,115,921,432,489,721,232,489,200,200,0,669,344,325,669,344,325,0,0,0
74,NYC-Queens Community District 1--Astoria & Long Island City PUMA,12001,6817,5184,11404,6532,4872,597,285,312,5400,2936,2464,4956,2804,2152,444,132,312,6067,3347,2720,5976,3256,2720,91,91,0,534,534,0,472,472,0,62,62,0
75,Livingston & Wyoming Counties PUMA,132,80,52,64,12,52,68,68,0,132,80,52,64,12,52,68,68,0,0,0,0,0,0,0,0,0,0,0,0,0,0,0,0,0,0,0
76,Suffolk County (Central)--Brookhaven Town (West Central) PUMA,1208,757,451,1208,757,451,0,0,0,612,238,374,612,238,374,0,0,0,510,433,77,510,433,77,0,0,0,86,86,0,86,86,0,0,0,0
77,Westchester County (Southwest)--Yonkers City PUMA,4444,2759,1685,4444,2759,1685,0,0,0,856,545,311,856,545,311,0,0,0,2606,1436,1170,2606,1436,1170,0,0,0,982,778,204,982,778,204,0,0,0
78,Erie County (North Central) PUMA,2380,1445,935,1918,983,935,462,462,0,2172,1445,727,1710,983,727,462,462,0,208,0,208,208,0,208,0,0,0,0,0,0,0,0,0,0,0,0
79,Saratoga County (South & Central) PUMA,292,172,120,292,172,120,0,0,0,292,172,120,292,172,120,0,0,0,0,0,0,0,0,0,0,0,0,0,0,0,0,0,0,0,0,0
80,Suffolk County (South Central)--Brookhaven Town (South) PUMA,782,607,175,782,607,175,0,0,0,426,251,175,426,251,175,0,0,0,274,274,0,274,274,0,0,0,0,82,82,0,82,82,0,0,0,0
81,"NYC-Staten Island Community District 3--Tottenville, Great Kills & Annadale PUMA",7399,4409,2990,7034,4328,2706,365,81,284,3852,2043,1809,3568,2043,1525,284,0,284,3275,2219,1056,3194,2138,1056,81,81,0,272,147,125,272,147,125,0,0,0
82,Herkimer (North & Central) & Oneida (Outer) Counties PUMA,363,78,285,363,78,285,0,0,0,233,78,155,233,78,155,0,0,0,130,0,130,130,0,130,0,0,0,0,0,0,0,0,0,0,0,0
83,Niagara County (North & East) PUMA,375,337,38,375,337,38,0,0,0,0,0,0,0,0,0,0,0,0,375,337,38,375,337,38,0,0,0,0,0,0,0,0,0,0,0,0
84,Monroe County (Central)--Rochester City (East) PUMA,706,642,64,590,526,64,116,116,0,250,250,0,250,250,0,0,0,0,410,346,64,340,276,64,70,70,0,46,46,0,0,0,0,46,46,0
85,Warren & Washington Counties PUMA,961,449,512,961,449,512,0,0,0,561,449,112,561,449,112,0,0,0,400,0,400,400,0,400,0,0,0,0,0,0,0,0,0,0,0,0
86,Nassau County (Southwest)--Hempstead Town (Southwest) & Long Beach City PUMA,2647,1206,1441,2301,1206,1095,346,0,346,1666,482,1184,1320,482,838,346,0,346,981,724,257,981,724,257,0,0,0,0,0,0,0,0,0,0,0,0
87,NYC-Brooklyn Community District 8--Crown Heights North & Prospect Heights PUMA,1689,977,712,1579,905,674,110,72,38,1193,721,472,1193,721,472,0,0,0,350,256,94,240,184,56,110,72,38,146,0,146,146,0,146,0,0,0
88,Onondaga County (Central)--Syracuse City PUMA,1338,1187,151,1277,1126,151,61,61,0,850,744,106,850,744,106,0,0,0,320,275,45,259,214,45,61,61,0,168,168,0,168,168,0,0,0,0
89,Westchester County (Central)--White Plains City PUMA,2697,1671,1026,2697,1671,1026,0,0,0,1954,1169,785,1954,1169,785,0,0,0,674,433,241,674,433,241,0,0,0,69,69,0,69,69,0,0,0,0
90,NYC-Brooklyn Community District 3--Bedford-Stuyvesant PUMA,1482,607,875,1482,607,875,0,0,0,1103,336,767,1103,336,767,0,0,0,108,0,108,108,0,108,0,0,0,271,271,0,271,271,0,0,0,0
91,"NYC-Bronx Community District 1 & 2--Hunts Point, Longwood & Melrose PUMA",201,146,55,201,146,55,0,0,0,55,0,55,55,0,55,0,0,0,0,0,0,0,0,0,0,0,0,146,146,0,146,146,0,0,0,0
92,Cattaraugus & Allegany Counties PUMA,184,184,0,184,184,0,0,0,0,43,43,0,43,43,0,0,0,0,111,111,0,111,111,0,0,0,0,30,30,0,30,30,0,0,0,0
93,Oswego County PUMA,119,66,53,66,66,0,53,0,53,82,29,53,29,29,0,53,0,53,37,37,0,37,37,0,0,0,0,0,0,0,0,0,0,0,0,0
94,"NYC-Queens Community District 5--Ridgewood, Glendale & Middle Village PUMA",13392,7026,6366,12849,6744,6105,543,282,261,4250,1484,2766,3989,1484,2505,261,0,261,8119,4822,3297,7837,4540,3297,282,282,0,1023,720,303,1023,720,303,0,0,0
95,Monroe County (East) PUMA,963,449,514,963,449,514,0,0,0,695,449,246,695,449,246,0,0,0,268,0,268,268,0,268,0,0,0,0,0,0,0,0,0,0,0,0
96,Westchester County (South Central)--New Rochelle & Mount Vernon Cities PUMA,3769,2104,1665,3589,1953,1636,180,151,29,2451,1390,1061,2271,1239,1032,180,151,29,1113,654,459,1113,654,459,0,0,0,205,60,145,205,60,145,0,0,0
97,"NYC-Queens Community District 14--Far Rockaway, Breezy Point & Broad Channel PUMA",2235,1263,972,1911,939,972,324,324,0,1649,746,903,1649,746,903,0,0,0,586,517,69,262,193,69,324,324,0,0,0,0,0,0,0,0,0,0
98,"NYC-Brooklyn Community District 12--Borough Park, Kensington & Ocean Parkway PUMA",5262,3245,2017,4964,3067,1897,298,178,120,2317,1276,1041,2065,1098,967,252,178,74,2138,1427,711,2092,1427,665,46,0,46,807,542,265,807,542,265,0,0,0
99,"NYC-Bronx Community District 10--Co-op City, Pelham Bay & Schuylerville PUMA",626,70,556,626,70,556,0,0,0,88,0,88,88,0,88,0,0,0,207,0,207,207,0,207,0,0,0,331,70,261,331,70,261,0,0,0
100,"NYC-Queens Community District 11--Bayside, Douglaston & Little Neck PUMA",3441,2222,1219,3441,2222,1219,0,0,0,848,493,355,848,493,355,0,0,0,2244,1380,864,2244,1380,864,0,0,0,349,349,0,349,349,0,0,0,0
101,"NYC-Manhattan Community District 6--Murray Hill, Gramercy & Stuyvesant Town PUMA",3470,1335,2135,3470,1335,2135,0,0,0,2955,943,2012,2955,943,2012,0,0,0,515,392,123,515,392,123,0,0,0,0,0,0,0,0,0,0,0,0
102,Chautauqua County PUMA,367,292,75,367,292,75,0,0,0,153,78,75,153,78,75,0,0,0,214,214,0,214,214,0,0,0,0,0,0,0,0,0,0,0,0,0
103,NYC-Brooklyn Community District 18--Canarsie & Flatlands PUMA,3649,2231,1418,3649,2231,1418,0,0,0,1251,636,615,1251,636,615,0,0,0,2277,1474,803,2277,1474,803,0,0,0,121,121,0,121,121,0,0,0,0
104,Erie County (West Central)--Buffalo City (East) PUMA,742,448,294,742,448,294,0,0,0,192,0,192,192,0,192,0,0,0,285,285,0,285,285,0,0,0,0,265,163,102,265,163,102,0,0,0
105,Genesee & Orleans Counties PUMA,224,75,149,145,75,70,79,0,79,0,0,0,0,0,0,0,0,0,224,75,149,145,75,70,79,0,79,0,0,0,0,0,0,0,0,0
106,"NYC-Staten Island Community District 1--Port Richmond, Stapleton & Mariner's Harbor PUMA",3660,2331,1329,3660,2331,1329,0,0,0,2236,1193,1043,2236,1193,1043,0,0,0,1038,752,286,1038,752,286,0,0,0,386,386,0,386,386,0,0,0,0
107,"Steuben (North & West), Schuyler & Chemung (North) Counties PUMA",11,0,11,11,0,11,0,0,0,11,0,11,11,0,11,0,0,0,0,0,0,0,0,0,0,0,0,0,0,0,0,0,0,0,0,0
108,Nassau County (South Central)--Hempstead Town (Southeast) PUMA,249,118,131,131,0,131,118,118,0,131,0,131,131,0,131,0,0,0,0,0,0,0,0,0,0,0,0,118,118,0,0,0,0,118,118,0
109,"NYC-Bronx Community District 9--Castle Hill, Clason Point & Parkchester PUMA",331,0,331,331,0,331,0,0,0,0,0,0,0,0,0,0,0,0,331,0,331,331,0,331,0,0,0,0,0,0,0,0,0,0,0,0
110,Suffolk County (East) PUMA,2678,1768,910,2678,1768,910,0,0,0,598,334,264,598,334,264,0,0,0,1759,1268,491,1759,1268,491,0,0,0,321,166,155,321,166,155,0,0,0
111,Orange County (Northwest) PUMA,909,63,846,909,63,846,0,0,0,460,0,460,460,0,460,0,0,0,449,63,386,449,63,386,0,0,0,0,0,0,0,0,0,0,0,0
112,Broome County (West Central)--Greater Binghamton City & Greater Johnson City Village PUMA,1344,997,347,1344,997,347,0,0,0,385,273,112,385,273,112,0,0,0,603,368,235,603,368,235,0,0,0,356,356,0,356,356,0,0,0,0
113,"NYC-Bronx Community District 11--Pelham Parkway, Morris Park & Laconia PUMA",2296,1496,800,2253,1496,757,43,0,43,745,445,300,702,445,257,43,0,43,1245,745,500,1245,745,500,0,0,0,306,306,0,306,306,0,0,0,0
114,Suffolk County (Northwest)--Smithtown Town PUMA,471,278,193,390,197,193,81,81,0,180,56,124,180,56,124,0,0,0,210,141,69,210,141,69,0,0,0,81,81,0,0,0,0,81,81,0
115,Ulster County (East) PUMA,355,45,310,355,45,310,0,0,0,202,0,202,202,0,202,0,0,0,108,0,108,108,0,108,0,0,0,45,45,0,45,45,0,0,0,0
116,Westchester County (Northeast) PUMA,1736,986,750,1632,986,646,104,0,104,896,472,424,792,472,320,104,0,104,532,329,203,532,329,203,0,0,0,308,185,123,308,185,123,0,0,0
117,NYC-Brooklyn Community District 4--Bushwick PUMA,733,306,427,733,306,427,0,0,0,588,232,356,588,232,356,0,0,0,145,74,71,145,74,71,0,0,0,0,0,0,0,0,0,0,0,0
118,NYC-Manhattan Community District 3--Chinatown & Lower East Side PUMA,4457,1549,2908,4394,1549,2845,63,0,63,3119,1266,1853,3056,1266,1790,63,0,63,1338,283,1055,1338,283,1055,0,0,0,0,0,0,0,0,0,0,0,0
119,Dutchess County (North & East) PUMA,832,484,348,798,484,314,34,0,34,502,311,191,502,311,191,0,0,0,207,173,34,173,173,0,34,0,34,123,0,123,123,0,123,0,0,0
120,Nassau County (Central)--Hempstead Town (North Central)--Meadowbrook Corridor PUMA,120,0,120,120,0,120,0,0,0,120,0,120,120,0,120,0,0,0,0,0,0,0,0,0,0,0,0,0,0,0,0,0,0,0,0,0
121,Broome (Outer West) & Tioga Counties PUMA,398,229,169,398,229,169,0,0,0,158,158,0,158,158,0,0,0,0,240,71,169,240,71,169,0,0,0,0,0,0,0,0,0,0,0,0
122,"Rockland County (South)--Orangetown, Clarkstown (South) & Ramapo (Southeast) Towns PUMA",1626,1076,550,1626,1076,550,0,0,0,645,292,353,645,292,353,0,0,0,947,750,197,947,750,197,0,0,0,34,34,0,34,34,0,0,0,0
123,"NYC-Brooklyn Community District 17--East Flatbush, Farragut & Rugby PUMA",152,152,0,152,152,0,0,0,0,0,0,0,0,0,0,0,0,0,152,152,0,152,152,0,0,0,0,0,0,0,0,0,0,0,0,0
124,Orange County (Northeast)--Greater Newburgh City PUMA,625,443,182,625,443,182,0,0,0,352,352,0,352,352,0,0,0,0,273,91,182,273,91,182,0,0,0,0,0,0,0,0,0,0,0,0
125,"NYC-Manhattan Community District 1 & 2--Battery Park City, Greenwich Village & Soho PUMA",4482,2189,2293,3957,2056,1901,525,133,392,3596,1940,1656,3461,1940,1521,135,0,135,886,249,637,496,116,380,390,133,257,0,0,0,0,0,0,0,0,0
126,NYC-Queens Community District 6--Forest Hills & Rego Park PUMA,9369,5130,4239,8937,4932,4005,432,198,234,4340,2171,2169,3943,2008,1935,397,163,234,4721,2725,1996,4721,2725,1996,0,0,0,308,234,74,273,199,74,35,35,0
127,Onondaga County (North) PUMA,782,418,364,738,374,364,44,44,0,460,264,196,460,264,196,0,0,0,322,154,168,278,110,168,44,44,0,0,0,0,0,0,0,0,0,0
128,Nassau County (Northeast)--Oyster Bay Town (North) & Glen Cove City PUMA,1413,915,498,1369,871,498,44,44,0,727,523,204,683,479,204,44,44,0,637,392,245,637,392,245,0,0,0,49,0,49,49,0,49,0,0,0
129,Monroe County (North & West) PUMA,2407,844,1563,2407,844,1563,0,0,0,1384,93,1291,1384,93,1291,0,0,0,1023,751,272,1023,751,272,0,0,0,0,0,0,0,0,0,0,0,0
130,Sullivan & Ulster (West) Counties PUMA,425,307,118,373,255,118,52,52,0,144,26,118,144,26,118,0,0,0,281,281,0,229,229,0,52,52,0,0,0,0,0,0,0,0,0,0
131,Suffolk County (Southwest)--Babylon Town (Southeast) PUMA,1091,774,317,1091,774,317,0,0,0,254,180,74,254,180,74,0,0,0,708,594,114,708,594,114,0,0,0,129,0,129,129,0,129,0,0,0
132,Suffolk County (Northwest)--Huntington Town (North) PUMA,627,354,273,627,354,273,0,0,0,319,145,174,319,145,174,0,0,0,308,209,99,308,209,99,0,0,0,0,0,0,0,0,0,0,0,0
133,"NYC-Queens Community District 12--Jamaica, Hollis & St. Albans PUMA",374,374,0,374,374,0,0,0,0,0,0,0,0,0,0,0,0,0,83,83,0,83,83,0,0,0,0,291,291,0,291,291,0,0,0,0
134,"NYC-Queens Community District 13--Queens Village, Cambria Heights & Rosedale PUMA",347,70,277,347,70,277,0,0,0,288,11,277,288,11,277,0,0,0,59,59,0,59,59,0,0,0,0,0,0,0,0,0,0,0,0,0
135,Monroe County (Central)--Rochester City (West) PUMA,314,223,91,314,223,91,0,0,0,144,144,0,144,144,0,0,0,0,56,0,56,56,0,56,0,0,0,114,79,35,114,79,35,0,0,0
136,NYC-Queens Community District 10--Howard Beach & Ozone Park PUMA,1233,617,616,1233,617,616,0,0,0,36,36,0,36,36,0,0,0,0,925,309,616,925,309,616,0,0,0,272,272,0,272,272,0,0,0,0
137,Suffolk County (Central)--Islip Town (Northwest) PUMA,505,404,101,505,404,101,0,0,0,101,0,101,101,0,101,0,0,0,206,206,0,206,206,0,0,0,0,198,198,0,198,198,0,0,0,0
138,Putnam County PUMA,1022,658,364,1022,658,364,0,0,0,344,230,114,344,230,114,0,0,0,678,428,250,678,428,250,0,0,0,0,0,0,0,0,0,0,0,0
139,NYC-Queens Community District 2--Sunnyside & Woodside PUMA,4283,2506,1777,4218,2441,1777,65,65,0,2551,1538,1013,2551,1538,1013,0,0,0,1216,523,693,1151,458,693,65,65,0,516,445,71,516,445,71,0,0,0
140,Nassau County (Central)--Hempstead Town (East Central) PUMA,1377,896,481,1377,896,481,0,0,0,1079,598,481,1079,598,481,0,0,0,298,298,0,298,298,0,0,0,0,0,0,0,0,0,0,0,0,0
141,Suffolk County (Northwest)--Huntington Town (South) PUMA,563,394,169,563,394,169,0,0,0,359,237,122,359,237,122,0,0,0,204,157,47,204,157,47,0,0,0,0,0,0,0,0,0,0,0,0
142,"NYC-Bronx Community District 4--Concourse, Highbridge & Mount Eden PUMA",0,0,0,0,0,0,0,0,0,0,0,0,0,0,0,0,0,0,0,0,0,0,0,0,0,0,0,0,0,0,0,0,0,0,0,0
143,Nassau County (Central)--Hempstead Town (Northeast) PUMA,1999,1013,986,1768,887,881,231,126,105,445,154,291,340,154,186,105,0,105,1485,790,695,1359,664,695,126,126,0,69,69,0,69,69,0,0,0,0
144,NYC-Brooklyn Community District 14--Flatbush & Midwood PUMA,4550,2750,1800,4270,2750,1520,280,0,280,1969,962,1007,1837,962,875,132,0,132,2433,1733,700,2285,1733,552,148,0,148,148,55,93,148,55,93,0,0,0
145,"Rockland County (West)--Spring Valley, Suffern Villages & Monsey PUMA",1641,1124,517,1604,1087,517,37,37,0,501,283,218,501,283,218,0,0,0,547,449,98,510,412,98,37,37,0,593,392,201,593,392,201,0,0,0
146,Capital Region,7536,4568,2968,7125,4501,2624,411,67,344,4618,2873,1745,4274,2873,1401,344,0,344,2758,1628,1130,2758,1628,1130,0,0,0,160,67,93,93,0,93,67,67,0
147,Central NY,4685,3064,1621,4252,2804,1448,433,260,173,2635,1769,866,2427,1614,813,208,155,53,1750,1053,697,1525,948,577,225,105,120,300,242,58,300,242,58,0,0,0
148,Finger Lakes,7922,4170,3752,7471,3986,3485,451,184,267,4603,2413,2190,4408,2345,2063,195,68,127,3089,1632,1457,2879,1562,1317,210,70,140,230,125,105,184,79,105,46,46,0
149,Long Island,33151,19040,14111,31297,18275,13022,1854,765,1089,14036,6912,7124,13224,6868,6356,812,44,768,16205,9807,6398,15362,9285,6077,843,522,321,2910,2321,589,2711,2122,589,199,199,0
150,Mid-Hudson,30609,17366,13243,29212,16926,12286,1397,440,957,14651,7715,6936,13832,7564,6268,819,151,668,12379,7489,4890,11801,7200,4601,578,289,289,3579,2162,1417,3579,2162,1417,0,0,0
151,Mohawk Valley,2416,927,1489,2416,927,1489,0,0,0,1012,288,724,1012,288,724,0,0,0,1051,314,737,1051,314,737,0,0,0,353,325,28,353,325,28,0,0,0
152,New York City,219821,116994,102827,209071,112943,96128,10750,4051,6699,123529,60704,62825,117718,59374,58344,5811,1330,4481,82970,47326,35644,78685,44775,33910,4285,2551,1734,13322,8964,4358,12668,8794,3874,654,170,484
153,North Country,1117,626,491,1117,626,491,0,0,0,146,43,103,146,43,103,0,0,0,858,498,360,858,498,360,0,0,0,113,85,28,113,85,28,0,0,0
154,Southern Tier,3539,2210,1329,3470,2141,1329,69,69,0,1544,1013,531,1475,944,531,69,69,0,1639,841,798,1639,841,798,0,0,0,356,356,0,356,356,0,0,0,0
155,Western NY,8924,6094,2830,7941,5111,2830,983,983,0,4725,2964,1761,3875,2114,1761,850,850,0,3904,2937,967,3771,2804,967,133,133,0,295,193,102,295,193,102,0,0,0
