,puma,Total_geo,Total_geo_m,Total_geo_f,Total_FT_mf_t,Total_FT_m,Total_FT_f,Total_PT_mf_t,Total_PT_m,Total_PT_f,Total_BABS,Total_BABS_m,Total_BABS_f,BABS_FT_mf_t,BABS_FT_m,BABS_FT_f,BABS_PT_mf_t,BABS_PT_m,BABS_PT_f,Total_HS,Total_HS_m,Total_HS_f,HS_FT_mf_t,HS_FT_m,HS_FT_f,HS_PT_mf_t,HS_PT_m,HS_PT_f,Total_HSINC,Total_HSINC_m,Total_HSINC_f,HSINC_FT_mf_t,HSINC_FT_m,HSINC_FT_f,HSINC_PT_mf_t,HSINC_PT_m,HSINC_PT_f
0,Total Geo,305528,165525,140003,256473,148299,108174,49055,17226,31829,176742,89023,87719,153492,81547,71945,23250,7476,15774,114435,67217,47218,92264,58917,33347,22171,8300,13871,14351,9285,5066,10717,7835,2882,3634,1450,2184
1,Monroe County (Central)--Rochester City (East) PUMA,455,138,317,167,70,97,288,68,220,0,0,0,0,0,0,0,0,0,358,138,220,70,70,0,288,68,220,97,0,97,97,0,97,0,0,0
2,NYC-Brooklyn Community District 4--Bushwick PUMA,1806,971,835,1349,776,573,457,195,262,999,542,457,717,347,370,282,195,87,616,238,378,441,238,203,175,0,175,191,191,0,191,191,0,0,0,0
3,NYC-Manhattan Community District 10--Central Harlem PUMA,1368,674,694,961,575,386,407,99,308,1273,579,694,866,480,386,407,99,308,95,95,0,95,95,0,0,0,0,0,0,0,0,0,0,0,0,0
4,Ontario & Yates Counties PUMA,39,39,0,39,39,0,0,0,0,0,0,0,0,0,0,0,0,0,39,39,0,39,39,0,0,0,0,0,0,0,0,0,0,0,0,0
5,Albany County (Outside Albany City) PUMA,1128,766,362,1128,766,362,0,0,0,559,459,100,559,459,100,0,0,0,501,239,262,501,239,262,0,0,0,68,68,0,68,68,0,0,0,0
6,"Otsego, Schoharie, Oneida (South) & Herkimer (South) Counties PUMA",542,382,160,482,382,100,60,0,60,125,125,0,125,125,0,0,0,0,417,257,160,357,257,100,60,0,60,0,0,0,0,0,0,0,0,0
7,NYC-Brooklyn Community District 11--Bensonhurst & Bath Beach PUMA,12571,7924,4647,10022,6599,3423,2549,1325,1224,6853,3770,3083,5936,3340,2596,917,430,487,4970,3564,1406,3665,2912,753,1305,652,653,748,590,158,421,347,74,327,243,84
8,"Rockland County (South)--Orangetown, Clarkstown (South) & Ramapo (Southeast) Towns PUMA",1600,1023,577,1532,1023,509,68,0,68,903,573,330,903,573,330,0,0,0,697,450,247,629,450,179,68,0,68,0,0,0,0,0,0,0,0,0
9,Warren & Washington Counties PUMA,124,87,37,87,87,0,37,0,37,0,0,0,0,0,0,0,0,0,124,87,37,87,87,0,37,0,37,0,0,0,0,0,0,0,0,0
10,Erie County (North Central) PUMA,1875,957,918,1663,957,706,212,0,212,1114,573,541,974,573,401,140,0,140,611,234,377,539,234,305,72,0,72,150,150,0,150,150,0,0,0,0
11,"NYC-Manhattan Community District 4 & 5--Chelsea, Clinton & Midtown Business District PUMA",5239,1768,3471,4951,1683,3268,288,85,203,4843,1575,3268,4843,1575,3268,0,0,0,193,193,0,108,108,0,85,85,0,203,0,203,0,0,0,203,0,203
12,Nassau County (Southeast)--Oyster Bay Town (South) PUMA,669,144,525,233,144,89,436,0,436,232,69,163,69,69,0,163,0,163,437,75,362,164,75,89,273,0,273,0,0,0,0,0,0,0,0,0
13,Nassau County (Central)--Hempstead Town (Northeast) PUMA,1886,1488,398,1828,1488,340,58,0,58,1142,744,398,1084,744,340,58,0,58,646,646,0,646,646,0,0,0,0,98,98,0,98,98,0,0,0,0
14,NYC-Brooklyn Community District 16--Brownsville & Ocean Hill PUMA,122,122,0,0,0,0,122,122,0,0,0,0,0,0,0,0,0,0,122,122,0,0,0,0,122,122,0,0,0,0,0,0,0,0,0,0
15,NYC-Brooklyn Community District 2--Brooklyn Heights & Fort Greene PUMA,2780,1453,1327,2447,1253,1194,333,200,133,2458,1287,1171,2182,1087,1095,276,200,76,322,166,156,265,166,99,57,0,57,0,0,0,0,0,0,0,0,0
16,Onondaga County (Central)--Syracuse City PUMA,1422,822,600,923,609,314,499,213,286,897,567,330,515,354,161,382,213,169,483,255,228,408,255,153,75,0,75,42,0,42,0,0,0,42,0,42
17,NYC-Staten Island Community District 2--New Springville & South Beach PUMA,11537,7138,4399,10067,6900,3167,1470,238,1232,6275,3271,3004,5505,3184,2321,770,87,683,4726,3549,1177,4026,3398,628,700,151,549,536,318,218,536,318,218,0,0,0
18,Nassau County (West Central)--Hempstead Town (Northwest) PUMA,1625,729,896,1328,729,599,297,0,297,968,363,605,729,363,366,239,0,239,657,366,291,599,366,233,58,0,58,0,0,0,0,0,0,0,0,0
19,"NYC-Manhattan Community District 9--Hamilton Heights, Manhattanville & West Harlem PUMA",2380,1960,420,1487,1223,264,893,737,156,1825,1405,420,1085,821,264,740,584,156,478,478,0,325,325,0,153,153,0,77,77,0,77,77,0,0,0,0
20,Monroe County (Central)--Rochester City (West) PUMA,109,109,0,109,109,0,0,0,0,0,0,0,0,0,0,0,0,0,109,109,0,109,109,0,0,0,0,0,0,0,0,0,0,0,0,0
21,"Chenango, Delaware & Broome (East) Counties PUMA",42,42,0,42,42,0,0,0,0,42,42,0,42,42,0,0,0,0,0,0,0,0,0,0,0,0,0,0,0,0,0,0,0,0,0,0
22,Dutchess County (North & East) PUMA,832,456,376,566,338,228,266,118,148,290,193,97,290,193,97,0,0,0,542,263,279,276,145,131,266,118,148,0,0,0,0,0,0,0,0,0
23,NYC-Brooklyn Community District 10--Bay Ridge & Dyker Heights PUMA,5391,3149,2242,4612,2844,1768,779,305,474,3402,1768,1634,3047,1618,1429,355,150,205,1460,1064,396,1240,989,251,220,75,145,529,317,212,325,237,88,204,80,124
24,NYC-Brooklyn Community District 1--Greenpoint & Williamsburg PUMA,6802,4186,2616,5823,3678,2145,979,508,471,3545,1792,1753,3382,1725,1657,163,67,96,2805,2160,645,2294,1806,488,511,354,157,452,234,218,147,147,0,305,87,218
25,NYC-Brooklyn Community District 18--Canarsie & Flatlands PUMA,3776,1515,2261,2956,1399,1557,820,116,704,1775,727,1048,1775,727,1048,0,0,0,1967,788,1179,1181,672,509,786,116,670,34,0,34,0,0,0,34,0,34
26,Westchester County (Southeast) PUMA,3311,1594,1717,2918,1533,1385,393,61,332,1863,828,1035,1531,828,703,332,0,332,1313,689,624,1252,628,624,61,61,0,135,77,58,135,77,58,0,0,0
27,Nassau County (Central)--Hempstead Town (North Central)--Meadowbrook Corridor PUMA,390,129,261,106,0,106,284,129,155,390,129,261,106,0,106,284,129,155,0,0,0,0,0,0,0,0,0,0,0,0,0,0,0,0,0,0
28,Westchester County (Northwest) PUMA,1703,890,813,1433,890,543,270,0,270,1262,787,475,1107,787,320,155,0,155,218,103,115,103,103,0,115,0,115,223,0,223,223,0,223,0,0,0
29,Monroe County (South) PUMA,1193,727,466,802,538,264,391,189,202,832,529,303,621,414,207,211,115,96,361,198,163,181,124,57,180,74,106,0,0,0,0,0,0,0,0,0
30,Rockland County (North)--New City & Congers PUMA,1750,760,990,1553,760,793,197,0,197,874,207,667,746,207,539,128,0,128,876,553,323,807,553,254,69,0,69,0,0,0,0,0,0,0,0,0
31,"NYC-Bronx Community District 1 & 2--Hunts Point, Longwood & Melrose PUMA",128,128,0,0,0,0,128,128,0,0,0,0,0,0,0,0,0,0,82,82,0,0,0,0,82,82,0,46,46,0,0,0,0,46,46,0
32,Orange County (Southeast) PUMA,2043,1269,774,1709,1088,621,334,181,153,1257,771,486,1076,590,486,181,181,0,786,498,288,633,498,135,153,0,153,0,0,0,0,0,0,0,0,0
33,"NYC-Queens Community District 12--Jamaica, Hollis & St. Albans PUMA",366,313,53,237,184,53,129,129,0,53,0,53,53,0,53,0,0,0,264,264,0,135,135,0,129,129,0,49,49,0,49,49,0,0,0,0
34,Nassau County (Northeast)--Oyster Bay Town (North) & Glen Cove City PUMA,2181,1352,829,1552,1175,377,629,177,452,1330,1170,160,1154,1072,82,176,98,78,851,182,669,398,103,295,453,79,374,0,0,0,0,0,0,0,0,0
35,"Rockland County (West)--Spring Valley, Suffern Villages & Monsey PUMA",2540,1284,1256,1872,961,911,668,323,345,989,402,587,884,402,482,105,0,105,1192,576,616,762,386,376,430,190,240,359,306,53,226,173,53,133,133,0
36,NYC-Queens Community District 2--Sunnyside & Woodside PUMA,2110,922,1188,1848,826,1022,262,96,166,648,159,489,544,116,428,104,43,61,1357,763,594,1304,710,594,53,53,0,105,0,105,0,0,0,105,0,105
37,Suffolk County (Northwest)--Huntington Town (South) PUMA,1947,897,1050,1400,897,503,547,0,547,1581,749,832,1034,749,285,547,0,547,366,148,218,366,148,218,0,0,0,0,0,0,0,0,0,0,0,0
38,Westchester County (Southwest)--Yonkers City PUMA,3118,2298,820,2528,2163,365,590,135,455,1049,704,345,706,569,137,343,135,208,1992,1517,475,1745,1517,228,247,0,247,77,77,0,77,77,0,0,0,0
39,"NYC-Manhattan Community District 1 & 2--Battery Park City, Greenwich Village & Soho PUMA",7433,4408,3025,6745,4243,2502,688,165,523,7012,4236,2776,6573,4071,2502,439,165,274,421,172,249,172,172,0,249,0,249,0,0,0,0,0,0,0,0,0
40,NYC-Brooklyn Community District 14--Flatbush & Midwood PUMA,5999,3286,2713,4638,2748,1890,1361,538,823,2823,1252,1571,2262,1090,1172,561,162,399,2968,1826,1142,2168,1450,718,800,376,424,208,208,0,208,208,0,0,0,0
41,NYC-Queens Community District 9--Richmond Hill & Woodhaven PUMA,3260,1512,1748,2992,1425,1567,268,87,181,1803,1087,716,1601,1000,601,202,87,115,1426,425,1001,1391,425,966,35,0,35,31,0,31,0,0,0,31,0,31
42,Erie County (West Central)--Buffalo City (West) PUMA,634,350,284,634,350,284,0,0,0,467,183,284,467,183,284,0,0,0,167,167,0,167,167,0,0,0,0,0,0,0,0,0,0,0,0,0
43,Fulton & Montgomery Counties PUMA,170,79,91,104,13,91,66,66,0,0,0,0,0,0,0,0,0,0,170,79,91,104,13,91,66,66,0,0,0,0,0,0,0,0,0,0
44,Westchester County (Central)--White Plains City PUMA,3178,1878,1300,2597,1554,1043,581,324,257,1796,977,819,1453,821,632,343,156,187,1181,700,481,1039,628,411,142,72,70,201,201,0,105,105,0,96,96,0
45,St. Lawrence County PUMA,353,91,262,180,91,89,173,0,173,241,91,150,180,91,89,61,0,61,112,0,112,0,0,0,112,0,112,0,0,0,0,0,0,0,0,0
46,Saratoga County (South & Central) PUMA,1479,705,774,895,208,687,584,497,87,655,72,583,584,72,512,71,0,71,824,633,191,311,136,175,513,497,16,0,0,0,0,0,0,0,0,0
47,Suffolk County (Central)--Brookhaven Town (West Central) PUMA,550,239,311,493,239,254,57,0,57,360,106,254,360,106,254,0,0,0,128,71,57,71,71,0,57,0,57,62,62,0,62,62,0,0,0,0
48,Suffolk County (North Central)--Brookhaven Town (North) PUMA,1567,658,909,1331,589,742,236,69,167,1311,658,653,1151,589,562,160,69,91,256,0,256,180,0,180,76,0,76,0,0,0,0,0,0,0,0,0
49,Niagara County (Southwest)--Greater Niagara Falls & North Tonawanda Area PUMA,216,131,85,216,131,85,0,0,0,0,0,0,0,0,0,0,0,0,216,131,85,216,131,85,0,0,0,0,0,0,0,0,0,0,0,0
50,Suffolk County (Central)--Islip Town (East) PUMA,822,341,481,743,341,402,79,0,79,79,0,79,0,0,0,79,0,79,628,226,402,628,226,402,0,0,0,115,115,0,115,115,0,0,0,0
51,"NYC-Brooklyn Community District 9--Crown Heights South, Prospect Lefferts & Wingate PUMA",1439,840,599,932,465,467,507,375,132,950,456,494,737,375,362,213,81,132,489,384,105,195,90,105,294,294,0,0,0,0,0,0,0,0,0,0
52,Westchester County (Northeast) PUMA,1763,1046,717,1605,962,643,158,84,74,1305,743,562,1221,659,562,84,84,0,458,303,155,384,303,81,74,0,74,0,0,0,0,0,0,0,0,0
53,Chautauqua County PUMA,132,93,39,132,93,39,0,0,0,93,54,39,93,54,39,0,0,0,39,39,0,39,39,0,0,0,0,0,0,0,0,0,0,0,0,0
54,Erie County (West Central)--Buffalo City (East) PUMA,810,751,59,394,335,59,416,416,0,366,307,59,59,0,59,307,307,0,444,444,0,335,335,0,109,109,0,0,0,0,0,0,0,0,0,0
55,Cayuga & Onondaga (South) Counties PUMA,104,0,104,104,0,104,0,0,0,104,0,104,104,0,104,0,0,0,0,0,0,0,0,0,0,0,0,0,0,0,0,0,0,0,0,0
56,Oneida County (Central)--Greater Utica & Rome Cities PUMA,1857,881,976,1587,793,794,270,88,182,731,352,379,731,352,379,0,0,0,1062,529,533,792,441,351,270,88,182,64,0,64,64,0,64,0,0,0
57,Suffolk County (Southwest)--Babylon Town (Southeast) PUMA,1541,970,571,1316,970,346,225,0,225,370,152,218,201,152,49,169,0,169,1084,731,353,1028,731,297,56,0,56,87,87,0,87,87,0,0,0,0
58,"NYC-Manhattan Community District 6--Murray Hill, Gramercy & Stuyvesant Town PUMA",6017,2206,3811,5853,2118,3735,164,88,76,5485,1674,3811,5321,1586,3735,164,88,76,532,532,0,532,532,0,0,0,0,0,0,0,0,0,0,0,0,0
59,NYC-Manhattan Community District 11--East Harlem PUMA,1977,1183,794,1900,1106,794,77,77,0,1105,874,231,1028,797,231,77,77,0,872,309,563,872,309,563,0,0,0,0,0,0,0,0,0,0,0,0
60,Schenectady County--Schenectady City PUMA,277,132,145,277,132,145,0,0,0,0,0,0,0,0,0,0,0,0,277,132,145,277,132,145,0,0,0,0,0,0,0,0,0,0,0,0
61,"Clinton, Franklin, Essex & Hamilton Counties PUMA",401,232,169,353,209,144,48,23,25,350,232,118,327,209,118,23,23,0,51,0,51,26,0,26,25,0,25,0,0,0,0,0,0,0,0,0
62,Onondaga County (Central)--Syracuse City (Outer) PUMA,966,400,566,839,400,439,127,0,127,576,286,290,525,286,239,51,0,51,334,114,220,258,114,144,76,0,76,56,0,56,56,0,56,0,0,0
63,"NYC-Queens Community District 11--Bayside, Douglaston & Little Neck PUMA",1819,806,1013,1628,724,904,191,82,109,684,267,417,645,267,378,39,0,39,1021,495,526,939,413,526,82,82,0,114,44,70,44,44,0,70,0,70
64,"NYC-Staten Island Community District 3--Tottenville, Great Kills & Annadale PUMA",8007,4241,3766,7261,3782,3479,746,459,287,4601,2518,2083,4121,2260,1861,480,258,222,2876,1723,1153,2610,1522,1088,266,201,65,530,0,530,530,0,530,0,0,0
65,Onondaga County (North) PUMA,674,74,600,490,0,490,184,74,110,131,0,131,131,0,131,0,0,0,477,74,403,293,0,293,184,74,110,66,0,66,66,0,66,0,0,0
66,Ulster County (East) PUMA,266,204,62,266,204,62,0,0,0,204,204,0,204,204,0,0,0,0,62,0,62,62,0,62,0,0,0,0,0,0,0,0,0,0,0,0
67,Oswego County PUMA,51,51,0,51,51,0,0,0,0,0,0,0,0,0,0,0,0,0,51,51,0,51,51,0,0,0,0,0,0,0,0,0,0,0,0,0
68,Niagara County (North & East) PUMA,185,64,121,185,64,121,0,0,0,64,64,0,64,64,0,0,0,0,121,0,121,121,0,121,0,0,0,0,0,0,0,0,0,0,0,0
69,Broome (Outer West) & Tioga Counties PUMA,1012,677,335,414,195,219,598,482,116,404,195,209,299,195,104,105,0,105,608,482,126,115,0,115,493,482,11,0,0,0,0,0,0,0,0,0
70,"NYC-Bronx Community District 4--Concourse, Highbridge & Mount Eden PUMA",120,120,0,120,120,0,0,0,0,0,0,0,0,0,0,0,0,0,0,0,0,0,0,0,0,0,0,120,120,0,120,120,0,0,0,0
71,Suffolk County (Southwest)--Islip Town (South) PUMA,527,275,252,473,221,252,54,54,0,115,54,61,61,0,61,54,54,0,412,221,191,412,221,191,0,0,0,0,0,0,0,0,0,0,0,0
72,Erie County (Central) PUMA,384,298,86,384,298,86,0,0,0,221,135,86,221,135,86,0,0,0,71,71,0,71,71,0,0,0,0,92,92,0,92,92,0,0,0,0
73,"NYC-Bronx Community District 8--Riverdale, Fieldston & Kingsbridge PUMA",1083,523,560,811,393,418,272,130,142,772,212,560,630,212,418,142,0,142,130,130,0,0,0,0,130,130,0,181,181,0,181,181,0,0,0,0
74,Chemung (South) & Steuben (East) Counties--Greater Elmira & Greater Corning Cities PUMA,516,355,161,431,355,76,85,0,85,516,355,161,431,355,76,85,0,85,0,0,0,0,0,0,0,0,0,0,0,0,0,0,0,0,0,0
75,Nassau County (South Central)--Hempstead Town (Southeast) PUMA,1177,823,354,964,823,141,213,0,213,739,561,178,639,561,78,100,0,100,438,262,176,325,262,63,113,0,113,0,0,0,0,0,0,0,0,0
76,"NYC-Queens Community District 13--Queens Village, Cambria Heights & Rosedale PUMA",749,470,279,668,389,279,81,81,0,312,158,154,312,158,154,0,0,0,349,224,125,304,179,125,45,45,0,88,88,0,52,52,0,36,36,0
77,Cattaraugus & Allegany Counties PUMA,199,84,115,199,84,115,0,0,0,144,29,115,144,29,115,0,0,0,55,55,0,55,55,0,0,0,0,0,0,0,0,0,0,0,0,0
78,"NYC-Queens Community District 7--Flushing, Murray Hill & Whitestone PUMA",2803,1820,983,2186,1463,723,617,357,260,1168,801,367,1072,801,271,96,0,96,1324,895,429,971,662,309,353,233,120,311,124,187,143,0,143,168,124,44
79,Jefferson & Lewis Counties PUMA,247,81,166,226,60,166,21,21,0,163,60,103,163,60,103,0,0,0,84,21,63,63,0,63,21,21,0,0,0,0,0,0,0,0,0,0
80,"NYC-Brooklyn Community District 6--Park Slope, Carroll Gardens & Red Hook PUMA",2573,1545,1028,2244,1432,812,329,113,216,2255,1314,941,1926,1201,725,329,113,216,318,231,87,318,231,87,0,0,0,0,0,0,0,0,0,0,0,0
81,NYC-Queens Community District 1--Astoria & Long Island City PUMA,8243,4146,4097,7378,4088,3290,865,58,807,4887,1890,2997,4310,1832,2478,577,58,519,3093,2079,1014,2891,2079,812,202,0,202,263,177,86,177,177,0,86,0,86
82,Saratoga County (Outer) PUMA,132,132,0,132,132,0,0,0,0,132,132,0,132,132,0,0,0,0,0,0,0,0,0,0,0,0,0,0,0,0,0,0,0,0,0,0
83,Dutchess County (Southwest) PUMA,2449,1154,1295,2377,1154,1223,72,0,72,1314,547,767,1314,547,767,0,0,0,1135,607,528,1063,607,456,72,0,72,0,0,0,0,0,0,0,0,0
84,Erie County (Northwest) PUMA,1305,720,585,1305,720,585,0,0,0,402,132,270,402,132,270,0,0,0,903,588,315,903,588,315,0,0,0,0,0,0,0,0,0,0,0,0
85,Genesee & Orleans Counties PUMA,0,0,0,0,0,0,0,0,0,0,0,0,0,0,0,0,0,0,0,0,0,0,0,0,0,0,0,0,0,0,0,0,0,0,0,0
86,Erie County (Northeast) PUMA,486,241,245,420,241,179,66,0,66,486,241,245,420,241,179,66,0,66,0,0,0,0,0,0,0,0,0,0,0,0,0,0,0,0,0,0
87,"NYC-Queens Community District 5--Ridgewood, Glendale & Middle Village PUMA",12229,6840,5389,10787,6543,4244,1442,297,1145,4715,2356,2359,4093,2122,1971,622,234,388,6514,3800,2714,5742,3737,2005,772,63,709,1000,684,316,952,684,268,48,0,48
88,NYC-Brooklyn Community District 3--Bedford-Stuyvesant PUMA,1225,978,247,1148,901,247,77,77,0,1077,830,247,1077,830,247,0,0,0,148,148,0,71,71,0,77,77,0,0,0,0,0,0,0,0,0,0
89,Nassau County (West Central)--Hempstead Town (West Central) PUMA,1229,596,633,938,305,633,291,291,0,741,405,336,547,211,336,194,194,0,488,191,297,391,94,297,97,97,0,0,0,0,0,0,0,0,0,0
90,Suffolk County (South Central)--Brookhaven Town (South) PUMA,763,245,518,701,245,456,62,0,62,442,167,275,442,167,275,0,0,0,321,78,243,259,78,181,62,0,62,0,0,0,0,0,0,0,0,0
91,Orange County (Northeast)--Greater Newburgh City PUMA,591,518,73,453,380,73,138,138,0,86,86,0,86,86,0,0,0,0,428,355,73,290,217,73,138,138,0,77,77,0,77,77,0,0,0,0
92,Sullivan & Ulster (West) Counties PUMA,1521,402,1119,1447,328,1119,74,74,0,1205,180,1025,1131,106,1025,74,74,0,294,200,94,294,200,94,0,0,0,22,22,0,22,22,0,0,0,0
93,"NYC-Staten Island Community District 1--Port Richmond, Stapleton & Mariner's Harbor PUMA",3767,2755,1012,3555,2684,871,212,71,141,2381,1578,803,2240,1578,662,141,0,141,1141,932,209,1070,861,209,71,71,0,245,245,0,245,245,0,0,0,0
94,Wayne & Seneca Counties PUMA,1134,784,350,1134,784,350,0,0,0,264,172,92,264,172,92,0,0,0,753,495,258,753,495,258,0,0,0,117,117,0,117,117,0,0,0,0
95,Albany County (East Central)--Albany City PUMA,842,519,323,448,199,249,394,320,74,432,109,323,358,109,249,74,0,74,410,410,0,90,90,0,320,320,0,0,0,0,0,0,0,0,0,0
96,Nassau County (Northwest)--North Hempstead Town (North) PUMA,4290,2425,1865,3612,2237,1375,678,188,490,3130,1536,1594,2689,1348,1341,441,188,253,1011,740,271,774,740,34,237,0,237,149,149,0,149,149,0,0,0,0
97,Rensselaer County--Troy City PUMA,469,214,255,411,156,255,58,58,0,109,58,51,51,0,51,58,58,0,360,156,204,360,156,204,0,0,0,0,0,0,0,0,0,0,0,0
98,Tompkins County PUMA,2095,927,1168,1733,717,1016,362,210,152,1866,823,1043,1608,717,891,258,106,152,229,104,125,125,0,125,104,104,0,0,0,0,0,0,0,0,0,0
99,Suffolk County (West Central)--Babylon Town (Northwest) PUMA,2219,1356,863,1615,1293,322,604,63,541,538,362,176,538,362,176,0,0,0,1681,994,687,1077,931,146,604,63,541,0,0,0,0,0,0,0,0,0
100,NYC-Queens Community District 3--Jackson Heights & North Corona PUMA,2226,709,1517,1362,673,689,864,36,828,718,0,718,445,0,445,273,0,273,1508,709,799,917,673,244,591,36,555,0,0,0,0,0,0,0,0,0
101,NYC-Queens Community District 4--Elmhurst & South Corona PUMA,596,435,161,435,435,0,161,0,161,0,0,0,0,0,0,0,0,0,435,435,0,435,435,0,0,0,0,161,0,161,0,0,0,161,0,161
102,Columbia & Greene Counties PUMA,475,218,257,446,218,228,29,0,29,382,177,205,353,177,176,29,0,29,41,41,0,41,41,0,0,0,0,52,0,52,52,0,52,0,0,0
103,Madison & Cortland Counties PUMA,150,0,150,132,0,132,18,0,18,0,0,0,0,0,0,0,0,0,150,0,150,132,0,132,18,0,18,0,0,0,0,0,0,0,0,0
104,NYC-Queens Community District 6--Forest Hills & Rego Park PUMA,10362,4029,6333,8833,3731,5102,1529,298,1231,6412,2372,4040,5387,2142,3245,1025,230,795,3483,1296,2187,3085,1228,1857,398,68,330,467,361,106,361,361,0,106,0,106
105,NYC-Brooklyn Community District 5--East New York & Starrett City PUMA,353,0,353,353,0,353,0,0,0,0,0,0,0,0,0,0,0,0,353,0,353,353,0,353,0,0,0,0,0,0,0,0,0,0,0,0
106,"NYC-Bronx Community District 5--Morris Heights, Fordham South & Mount Hope PUMA",36,36,0,36,36,0,0,0,0,36,36,0,36,36,0,0,0,0,0,0,0,0,0,0,0,0,0,0,0,0,0,0,0,0,0,0
107,NYC-Brooklyn Community District 8--Crown Heights North & Prospect Heights PUMA,1883,838,1045,1441,669,772,442,169,273,1006,560,446,740,391,349,266,169,97,877,278,599,701,278,423,176,0,176,0,0,0,0,0,0,0,0,0
108,"Steuben (North & West), Schuyler & Chemung (North) Counties PUMA",108,90,18,84,66,18,24,24,0,66,66,0,66,66,0,0,0,0,18,0,18,18,0,18,0,0,0,24,24,0,0,0,0,24,24,0
109,Herkimer (North & Central) & Oneida (Outer) Counties PUMA,856,508,348,706,508,198,150,0,150,264,135,129,135,135,0,129,0,129,373,175,198,373,175,198,0,0,0,219,198,21,198,198,0,21,0,21
110,Livingston & Wyoming Counties PUMA,56,56,0,56,56,0,0,0,0,0,0,0,0,0,0,0,0,0,56,56,0,56,56,0,0,0,0,0,0,0,0,0,0,0,0,0
111,Putnam County PUMA,1728,673,1055,1543,542,1001,185,131,54,435,99,336,381,99,282,54,0,54,1162,443,719,1162,443,719,0,0,0,131,131,0,0,0,0,131,131,0
112,"NYC-Brooklyn Community District 17--East Flatbush, Farragut & Rugby PUMA",228,141,87,228,141,87,0,0,0,228,141,87,228,141,87,0,0,0,0,0,0,0,0,0,0,0,0,0,0,0,0,0,0,0,0,0
113,Suffolk County (Northwest)--Huntington Town (North) PUMA,1244,946,298,1244,946,298,0,0,0,638,426,212,638,426,212,0,0,0,606,520,86,606,520,86,0,0,0,0,0,0,0,0,0,0,0,0
114,"NYC-Bronx Community District 12--Wakefield, Williamsbridge & Woodlawn PUMA",183,63,120,120,0,120,63,63,0,61,0,61,61,0,61,0,0,0,122,63,59,59,0,59,63,63,0,0,0,0,0,0,0,0,0,0
115,NYC-Manhattan Community District 3--Chinatown & Lower East Side PUMA,2812,1623,1189,2256,1623,633,556,0,556,1974,1182,792,1815,1182,633,159,0,159,410,110,300,110,110,0,300,0,300,428,331,97,331,331,0,97,0,97
116,Nassau County (East Central)--Oyster Bay Town (Central) PUMA,1474,929,545,1410,865,545,64,64,0,878,424,454,814,360,454,64,64,0,558,467,91,558,467,91,0,0,0,38,38,0,38,38,0,0,0,0
117,Westchester County (South Central)--New Rochelle & Mount Vernon Cities PUMA,2991,1936,1055,2668,1822,846,323,114,209,1973,1145,828,1854,1107,747,119,38,81,701,474,227,497,398,99,204,76,128,317,317,0,317,317,0,0,0,0
118,Orange County (Northwest) PUMA,746,370,376,669,370,299,77,0,77,0,0,0,0,0,0,0,0,0,638,262,376,561,262,299,77,0,77,108,108,0,108,108,0,0,0,0
119,Nassau County (Central)--Hempstead Town (East Central) PUMA,2485,1159,1326,2134,1081,1053,351,78,273,1323,703,620,1158,703,455,165,0,165,669,404,265,483,326,157,186,78,108,493,52,441,493,52,441,0,0,0
120,Monroe County (North & West) PUMA,791,497,294,495,335,160,296,162,134,390,256,134,256,256,0,134,0,134,401,241,160,239,79,160,162,162,0,0,0,0,0,0,0,0,0,0
121,Suffolk County (Northwest)--Smithtown Town PUMA,1113,773,340,1060,773,287,53,0,53,70,70,0,70,70,0,0,0,0,1043,703,340,990,703,287,53,0,53,0,0,0,0,0,0,0,0,0
122,Broome County (West Central)--Greater Binghamton City & Greater Johnson City Village PUMA,1130,945,185,864,864,0,266,81,185,341,341,0,260,260,0,81,81,0,789,604,185,604,604,0,185,0,185,0,0,0,0,0,0,0,0,0
123,"NYC-Brooklyn Community District 12--Borough Park, Kensington & Ocean Parkway PUMA",4810,2389,2421,3551,1886,1665,1259,503,756,2290,857,1433,1730,751,979,560,106,454,1805,914,891,1393,771,622,412,143,269,715,618,97,428,364,64,287,254,33
124,Suffolk County (Central)--Brookhaven Town (Central) PUMA,1606,1069,537,1529,992,537,77,77,0,754,478,276,754,478,276,0,0,0,711,450,261,634,373,261,77,77,0,141,141,0,141,141,0,0,0,0
125,NYC-Queens Community District 10--Howard Beach & Ozone Park PUMA,1412,797,615,1167,797,370,245,0,245,370,0,370,370,0,370,0,0,0,818,695,123,695,695,0,123,0,123,224,102,122,102,102,0,122,0,122
126,Erie County (South) PUMA,394,261,133,394,261,133,0,0,0,226,93,133,226,93,133,0,0,0,168,168,0,168,168,0,0,0,0,0,0,0,0,0,0,0,0,0
127,"NYC-Bronx Community District 11--Pelham Parkway, Morris Park & Laconia PUMA",2955,1530,1425,2616,1530,1086,339,0,339,1019,520,499,952,520,432,67,0,67,1704,896,808,1432,896,536,272,0,272,232,114,118,232,114,118,0,0,0
128,"NYC-Queens Community District 14--Far Rockaway, Breezy Point & Broad Channel PUMA",740,319,421,384,268,116,356,51,305,540,119,421,184,68,116,356,51,305,200,200,0,200,200,0,0,0,0,0,0,0,0,0,0,0,0,0
129,"NYC-Bronx Community District 10--Co-op City, Pelham Bay & Schuylerville PUMA",382,114,268,186,81,105,196,33,163,0,0,0,0,0,0,0,0,0,382,114,268,186,81,105,196,33,163,0,0,0,0,0,0,0,0,0
130,Nassau County (West Central)--North Hempstead Town (South) PUMA,1718,713,1005,1381,713,668,337,0,337,568,257,311,568,257,311,0,0,0,854,352,502,709,352,357,145,0,145,296,104,192,104,104,0,192,0,192
131,Monroe County (Central)--Greece & Gates Towns PUMA,316,134,182,187,134,53,129,0,129,122,69,53,122,69,53,0,0,0,194,65,129,65,65,0,129,0,129,0,0,0,0,0,0,0,0,0
132,"NYC-Manhattan Community District 12--Washington Heights, Inwood & Marble Hill PUMA",2196,1140,1056,2025,1140,885,171,0,171,1671,812,859,1500,812,688,171,0,171,525,328,197,525,328,197,0,0,0,0,0,0,0,0,0,0,0,0
133,"NYC-Brooklyn Community District 15--Sheepshead Bay, Gerritsen Beach & Homecrest PUMA",17806,9078,8728,15344,8729,6615,2462,349,2113,8840,4365,4475,7972,4319,3653,868,46,822,8108,4101,4007,6655,3798,2857,1453,303,1150,858,612,246,717,612,105,141,0,141
134,"NYC-Bronx Community District 3 & 6--Belmont, Crotona Park East & East Tremont PUMA",0,0,0,0,0,0,0,0,0,0,0,0,0,0,0,0,0,0,0,0,0,0,0,0,0,0,0,0,0,0,0,0,0,0,0,0
135,Nassau County (Southwest)--Hempstead Town (Southwest) & Long Beach City PUMA,1755,795,960,1518,743,775,237,52,185,1443,748,695,1345,696,649,98,52,46,312,47,265,173,47,126,139,0,139,0,0,0,0,0,0,0,0,0
136,NYC-Brooklyn Community District 13--Brighton Beach & Coney Island PUMA,11121,4800,6321,8430,4030,4400,2691,770,1921,7093,3124,3969,5217,2572,2645,1876,552,1324,3713,1450,2263,2987,1232,1755,726,218,508,315,226,89,226,226,0,89,0,89
137,NYC-Manhattan Community District 8--Upper East Side PUMA,10290,6063,4227,9929,6032,3897,361,31,330,9710,5726,3984,9482,5695,3787,228,31,197,376,266,110,376,266,110,0,0,0,204,71,133,71,71,0,133,0,133
138,NYC-Brooklyn Community District 7--Sunset Park & Windsor Terrace PUMA,2120,1153,967,1280,759,521,840,394,446,1200,818,382,639,424,215,561,394,167,756,335,421,477,335,142,279,0,279,164,0,164,164,0,164,0,0,0
139,"NYC-Bronx Community District 7--Bedford Park, Fordham North & Norwood PUMA",814,739,75,814,739,75,0,0,0,265,190,75,265,190,75,0,0,0,549,549,0,549,549,0,0,0,0,0,0,0,0,0,0,0,0,0
140,Monroe County (East) PUMA,938,551,387,739,352,387,199,199,0,527,298,229,391,162,229,136,136,0,411,253,158,348,190,158,63,63,0,0,0,0,0,0,0,0,0,0
141,Suffolk County (East) PUMA,1582,904,678,1510,904,606,72,0,72,550,145,405,550,145,405,0,0,0,1032,759,273,960,759,201,72,0,72,0,0,0,0,0,0,0,0,0
142,"NYC-Queens Community District 8--Briarwood, Fresh Meadows & Hillcrest PUMA",4382,2524,1858,2839,2008,831,1543,516,1027,2190,1129,1061,1276,965,311,914,164,750,1894,1097,797,1413,893,520,481,204,277,298,298,0,150,150,0,148,148,0
143,"NYC-Bronx Community District 9--Castle Hill, Clason Point & Parkchester PUMA",540,335,205,0,0,0,540,335,205,205,0,205,0,0,0,205,0,205,287,287,0,0,0,0,287,287,0,48,48,0,0,0,0,48,48,0
144,Suffolk County (Central)--Islip Town (Northwest) PUMA,93,31,62,93,31,62,0,0,0,0,0,0,0,0,0,0,0,0,93,31,62,93,31,62,0,0,0,0,0,0,0,0,0,0,0,0
145,NYC-Manhattan Community District 7--Upper West Side & West Side PUMA,4306,2632,1674,3767,2408,1359,539,224,315,3634,1960,1674,3319,1960,1359,315,0,315,672,672,0,448,448,0,224,224,0,0,0,0,0,0,0,0,0,0
146,Capital Region,4926,2773,2153,3824,1898,1926,1102,875,227,2269,1007,1262,2037,949,1088,232,58,174,2537,1698,839,1667,881,786,870,817,53,120,68,52,120,68,52,0,0,0
147,Central NY,3367,1347,2020,2539,1060,1479,828,287,541,1708,853,855,1275,640,635,433,213,220,1495,494,1001,1142,420,722,353,74,279,164,0,164,122,0,122,42,0,42
148,Finger Lakes,5031,3035,1996,3728,2417,1311,1303,618,685,2135,1324,811,1654,1073,581,481,251,230,2682,1594,1088,1860,1227,633,822,367,455,214,117,97,214,117,97,0,0,0
149,Long Island,36453,19986,16467,30512,18744,11768,5941,1242,4699,19692,10476,9216,16701,9628,7073,2991,848,2143,15282,8664,6618,12524,8270,4254,2758,394,2364,1479,846,633,1287,846,441,192,0,192
150,Mid-Hudson,32130,17755,14375,27736,16072,11664,4394,1683,2711,16805,8446,8359,14887,7778,7109,1918,668,1250,13675,7993,5682,11559,7338,4221,2116,655,1461,1650,1316,334,1290,956,334,360,360,0
151,Mohawk Valley,3425,1850,1575,2879,1696,1183,546,154,392,1120,612,508,991,612,379,129,0,129,2022,1040,982,1626,886,740,396,154,242,283,198,85,262,198,64,21,0,21
152,New York City,207672,111389,96283,175002,100279,74723,32670,11110,21560,125441,62289,63152,109501,57368,52133,15940,4921,11019,72056,42626,29430,58321,37503,20818,13735,5123,8612,10175,6474,3701,7180,5408,1772,2995,1066,1929
153,North Country,1001,404,597,759,360,399,242,44,198,754,383,371,670,360,310,84,23,61,247,21,226,89,0,89,158,21,137,0,0,0,0,0,0,0,0,0
154,Southern Tier,4903,3036,1867,3568,2239,1329,1335,797,538,3235,1822,1413,2706,1635,1071,529,187,342,1644,1190,454,862,604,258,782,586,196,24,24,0,0,0,0,24,24,0
155,Western NY,6620,3950,2670,5926,3534,2392,694,416,278,3583,1811,1772,3070,1504,1566,513,307,206,2795,1897,898,2614,1788,826,181,109,72,242,242,0,242,242,0,0,0,0
