,puma,Total_geo,Total_geo_m,Total_geo_f,Total_Emp_mf_t,Total_emp_m,Total_emp_f,Total_UnEmp_mf_t,Total_UnEmp_m,Total_UnEmp_f,Total_BABS,Total_BABS_m,Total_BABS_f,BABS_Emp_mf_t,BABS_emp_m,BABS_emp_f,BABS_UnEmp_mf_t,BABS_UnEmp_m,BABS_UnEmp_f,Total_HS,Total_HS_m,Total_HS_f,HS_Emp_mf_t,HS_emp_m,HS_emp_f,HS_UnEmp_mf_t,HS_UnEmp_m,HS_UnEmp_f,Total_HSINC,Total_HSINC_m,Total_HSINC_f,HSINC_Emp_mf_t,HSINC_emp_m,HSINC_emp_f,HSINC_UnEmp_mf_t,HSINC_UnEmp_m,HSINC_UnEmp_f
0,Total Geo,301169,162923,138246,291856,159295,132561,9313,3628,5685,173806,87471,86335,168543,85088,83455,5263,2383,2880,113114,66315,46799,109677,65118,44559,3437,1197,2240,14249,9137,5112,13636,9089,4547,613,48,565
1,Monroe County (Central)--Rochester City (East) PUMA,455,138,317,455,138,317,0,0,0,0,0,0,0,0,0,0,0,0,358,138,220,358,138,220,0,0,0,97,0,97,97,0,97,0,0,0
2,NYC-Brooklyn Community District 4--Bushwick PUMA,1764,929,835,1764,929,835,0,0,0,957,500,457,957,500,457,0,0,0,616,238,378,616,238,378,0,0,0,191,191,0,191,191,0,0,0,0
3,NYC-Manhattan Community District 10--Central Harlem PUMA,1368,674,694,1368,674,694,0,0,0,1273,579,694,1273,579,694,0,0,0,95,95,0,95,95,0,0,0,0,0,0,0,0,0,0,0,0,0
4,Ontario & Yates Counties PUMA,39,39,0,39,39,0,0,0,0,0,0,0,0,0,0,0,0,0,39,39,0,39,39,0,0,0,0,0,0,0,0,0,0,0,0,0
5,Albany County (Outside Albany City) PUMA,1168,806,362,1128,766,362,40,40,0,559,459,100,559,459,100,0,0,0,541,279,262,501,239,262,40,40,0,68,68,0,68,68,0,0,0,0
6,"Otsego, Schoharie, Oneida (South) & Herkimer (South) Counties PUMA",416,304,112,416,304,112,0,0,0,125,125,0,125,125,0,0,0,0,291,179,112,291,179,112,0,0,0,0,0,0,0,0,0,0,0,0
7,NYC-Brooklyn Community District 11--Bensonhurst & Bath Beach PUMA,12539,7852,4687,12057,7612,4445,482,240,242,6816,3733,3083,6575,3551,3024,241,182,59,4978,3567,1411,4772,3509,1263,206,58,148,745,552,193,710,552,158,35,0,35
8,"Rockland County (South)--Orangetown, Clarkstown (South) & Ramapo (Southeast) Towns PUMA",1600,1023,577,1600,1023,577,0,0,0,903,573,330,903,573,330,0,0,0,697,450,247,697,450,247,0,0,0,0,0,0,0,0,0,0,0,0
9,Warren & Washington Counties PUMA,0,0,0,0,0,0,0,0,0,0,0,0,0,0,0,0,0,0,0,0,0,0,0,0,0,0,0,0,0,0,0,0,0,0,0,0
10,Erie County (North Central) PUMA,1735,957,778,1735,957,778,0,0,0,974,573,401,974,573,401,0,0,0,611,234,377,611,234,377,0,0,0,150,150,0,150,150,0,0,0,0
11,"NYC-Manhattan Community District 4 & 5--Chelsea, Clinton & Midtown Business District PUMA",5387,1916,3471,5239,1768,3471,148,148,0,4991,1723,3268,4843,1575,3268,148,148,0,193,193,0,193,193,0,0,0,0,203,0,203,203,0,203,0,0,0
12,Nassau County (Southeast)--Oyster Bay Town (South) PUMA,669,144,525,669,144,525,0,0,0,232,69,163,232,69,163,0,0,0,437,75,362,437,75,362,0,0,0,0,0,0,0,0,0,0,0,0
13,Nassau County (Central)--Hempstead Town (Northeast) PUMA,1886,1488,398,1886,1488,398,0,0,0,1142,744,398,1142,744,398,0,0,0,646,646,0,646,646,0,0,0,0,98,98,0,98,98,0,0,0,0
14,NYC-Brooklyn Community District 16--Brownsville & Ocean Hill PUMA,122,122,0,122,122,0,0,0,0,0,0,0,0,0,0,0,0,0,122,122,0,122,122,0,0,0,0,0,0,0,0,0,0,0,0,0
15,NYC-Brooklyn Community District 2--Brooklyn Heights & Fort Greene PUMA,2723,1453,1270,2723,1453,1270,0,0,0,2458,1287,1171,2458,1287,1171,0,0,0,265,166,99,265,166,99,0,0,0,0,0,0,0,0,0,0,0,0
16,Onondaga County (Central)--Syracuse City PUMA,1625,822,803,1422,822,600,203,0,203,897,567,330,897,567,330,0,0,0,686,255,431,483,255,228,203,0,203,42,0,42,42,0,42,0,0,0
17,NYC-Staten Island Community District 2--New Springville & South Beach PUMA,12153,7207,4946,11373,7138,4235,780,69,711,6703,3271,3432,6187,3271,2916,516,0,516,4914,3618,1296,4726,3549,1177,188,69,119,536,318,218,460,318,142,76,0,76
18,Nassau County (West Central)--Hempstead Town (Northwest) PUMA,1513,729,784,1426,642,784,87,87,0,856,363,493,769,276,493,87,87,0,657,366,291,657,366,291,0,0,0,0,0,0,0,0,0,0,0,0
19,"NYC-Manhattan Community District 9--Hamilton Heights, Manhattanville & West Harlem PUMA",1947,1574,373,1947,1574,373,0,0,0,1478,1105,373,1478,1105,373,0,0,0,392,392,0,392,392,0,0,0,0,77,77,0,77,77,0,0,0,0
20,Monroe County (Central)--Rochester City (West) PUMA,109,109,0,109,109,0,0,0,0,0,0,0,0,0,0,0,0,0,109,109,0,109,109,0,0,0,0,0,0,0,0,0,0,0,0,0
21,"Chenango, Delaware & Broome (East) Counties PUMA",42,42,0,42,42,0,0,0,0,42,42,0,42,42,0,0,0,0,0,0,0,0,0,0,0,0,0,0,0,0,0,0,0,0,0,0
22,Dutchess County (North & East) PUMA,843,456,387,681,456,225,162,0,162,290,193,97,290,193,97,0,0,0,553,263,290,391,263,128,162,0,162,0,0,0,0,0,0,0,0,0
23,NYC-Brooklyn Community District 10--Bay Ridge & Dyker Heights PUMA,5277,3093,2184,5219,3035,2184,58,58,0,3402,1768,1634,3344,1710,1634,58,58,0,1404,1008,396,1404,1008,396,0,0,0,471,317,154,471,317,154,0,0,0
24,NYC-Brooklyn Community District 1--Greenpoint & Williamsburg PUMA,6984,4186,2798,6712,4096,2616,272,90,182,3727,1792,1935,3455,1702,1753,272,90,182,2805,2160,645,2805,2160,645,0,0,0,452,234,218,452,234,218,0,0,0
25,NYC-Brooklyn Community District 18--Canarsie & Flatlands PUMA,3450,1515,1935,3450,1515,1935,0,0,0,1775,727,1048,1775,727,1048,0,0,0,1641,788,853,1641,788,853,0,0,0,34,0,34,34,0,34,0,0,0
26,Westchester County (Southeast) PUMA,3067,1666,1401,2995,1594,1401,72,72,0,1677,900,777,1605,828,777,72,72,0,1313,689,624,1313,689,624,0,0,0,77,77,0,77,77,0,0,0,0
27,Nassau County (Central)--Hempstead Town (North Central)--Meadowbrook Corridor PUMA,390,129,261,261,0,261,129,129,0,390,129,261,261,0,261,129,129,0,0,0,0,0,0,0,0,0,0,0,0,0,0,0,0,0,0,0
28,Westchester County (Northwest) PUMA,1588,890,698,1588,890,698,0,0,0,1262,787,475,1262,787,475,0,0,0,103,103,0,103,103,0,0,0,0,223,0,223,223,0,223,0,0,0
29,Monroe County (South) PUMA,1193,727,466,1193,727,466,0,0,0,832,529,303,832,529,303,0,0,0,361,198,163,361,198,163,0,0,0,0,0,0,0,0,0,0,0,0
30,Rockland County (North)--New City & Congers PUMA,1622,760,862,1622,760,862,0,0,0,746,207,539,746,207,539,0,0,0,876,553,323,876,553,323,0,0,0,0,0,0,0,0,0,0,0,0
31,"NYC-Bronx Community District 1 & 2--Hunts Point, Longwood & Melrose PUMA",0,0,0,0,0,0,0,0,0,0,0,0,0,0,0,0,0,0,0,0,0,0,0,0,0,0,0,0,0,0,0,0,0,0,0,0
32,Orange County (Southeast) PUMA,2043,1269,774,2043,1269,774,0,0,0,1257,771,486,1257,771,486,0,0,0,786,498,288,786,498,288,0,0,0,0,0,0,0,0,0,0,0,0
33,"NYC-Queens Community District 12--Jamaica, Hollis & St. Albans PUMA",366,313,53,366,313,53,0,0,0,53,0,53,53,0,53,0,0,0,264,264,0,264,264,0,0,0,0,49,49,0,49,49,0,0,0,0
34,Nassau County (Northeast)--Oyster Bay Town (North) & Glen Cove City PUMA,2103,1352,751,2103,1352,751,0,0,0,1330,1170,160,1330,1170,160,0,0,0,773,182,591,773,182,591,0,0,0,0,0,0,0,0,0,0,0,0
35,"Rockland County (West)--Spring Valley, Suffern Villages & Monsey PUMA",2540,1284,1256,2540,1284,1256,0,0,0,989,402,587,989,402,587,0,0,0,1192,576,616,1192,576,616,0,0,0,359,306,53,359,306,53,0,0,0
36,NYC-Queens Community District 2--Sunnyside & Woodside PUMA,2040,922,1118,1959,922,1037,81,0,81,578,159,419,578,159,419,0,0,0,1357,763,594,1276,763,513,81,0,81,105,0,105,105,0,105,0,0,0
37,Suffolk County (Northwest)--Huntington Town (South) PUMA,1947,897,1050,1947,897,1050,0,0,0,1581,749,832,1581,749,832,0,0,0,366,148,218,366,148,218,0,0,0,0,0,0,0,0,0,0,0,0
38,Westchester County (Southwest)--Yonkers City PUMA,3118,2298,820,3118,2298,820,0,0,0,1049,704,345,1049,704,345,0,0,0,1992,1517,475,1992,1517,475,0,0,0,77,77,0,77,77,0,0,0,0
39,"NYC-Manhattan Community District 1 & 2--Battery Park City, Greenwich Village & Soho PUMA",7505,4480,3025,7010,4171,2839,495,309,186,6775,3999,2776,6589,3999,2590,186,0,186,730,481,249,421,172,249,309,309,0,0,0,0,0,0,0,0,0,0
40,NYC-Brooklyn Community District 14--Flatbush & Midwood PUMA,5797,3286,2511,5723,3286,2437,74,0,74,2683,1252,1431,2609,1252,1357,74,0,74,2906,1826,1080,2906,1826,1080,0,0,0,208,208,0,208,208,0,0,0,0
41,NYC-Queens Community District 9--Richmond Hill & Woodhaven PUMA,3283,1650,1633,3110,1512,1598,173,138,35,1826,1225,601,1688,1087,601,138,138,0,1426,425,1001,1391,425,966,35,0,35,31,0,31,31,0,31,0,0,0
42,Erie County (West Central)--Buffalo City (West) PUMA,634,350,284,634,350,284,0,0,0,467,183,284,467,183,284,0,0,0,167,167,0,167,167,0,0,0,0,0,0,0,0,0,0,0,0,0
43,Fulton & Montgomery Counties PUMA,170,79,91,170,79,91,0,0,0,0,0,0,0,0,0,0,0,0,170,79,91,170,79,91,0,0,0,0,0,0,0,0,0,0,0,0
44,Westchester County (Central)--White Plains City PUMA,3024,1724,1300,3024,1724,1300,0,0,0,1706,887,819,1706,887,819,0,0,0,1181,700,481,1181,700,481,0,0,0,137,137,0,137,137,0,0,0,0
45,St. Lawrence County PUMA,353,91,262,353,91,262,0,0,0,241,91,150,241,91,150,0,0,0,112,0,112,112,0,112,0,0,0,0,0,0,0,0,0,0,0,0
46,Saratoga County (South & Central) PUMA,982,208,774,966,208,758,16,0,16,655,72,583,655,72,583,0,0,0,327,136,191,311,136,175,16,0,16,0,0,0,0,0,0,0,0,0
47,Suffolk County (Central)--Brookhaven Town (West Central) PUMA,550,239,311,550,239,311,0,0,0,360,106,254,360,106,254,0,0,0,128,71,57,128,71,57,0,0,0,62,62,0,62,62,0,0,0,0
48,Suffolk County (North Central)--Brookhaven Town (North) PUMA,1567,658,909,1567,658,909,0,0,0,1311,658,653,1311,658,653,0,0,0,256,0,256,256,0,256,0,0,0,0,0,0,0,0,0,0,0,0
49,Niagara County (Southwest)--Greater Niagara Falls & North Tonawanda Area PUMA,216,131,85,216,131,85,0,0,0,0,0,0,0,0,0,0,0,0,216,131,85,216,131,85,0,0,0,0,0,0,0,0,0,0,0,0
50,Suffolk County (Central)--Islip Town (East) PUMA,822,341,481,822,341,481,0,0,0,79,0,79,79,0,79,0,0,0,628,226,402,628,226,402,0,0,0,115,115,0,115,115,0,0,0,0
51,"NYC-Brooklyn Community District 9--Crown Heights South, Prospect Lefferts & Wingate PUMA",1439,840,599,1439,840,599,0,0,0,950,456,494,950,456,494,0,0,0,489,384,105,489,384,105,0,0,0,0,0,0,0,0,0,0,0,0
52,Westchester County (Northeast) PUMA,1763,1046,717,1763,1046,717,0,0,0,1305,743,562,1305,743,562,0,0,0,458,303,155,458,303,155,0,0,0,0,0,0,0,0,0,0,0,0
53,Chautauqua County PUMA,132,93,39,132,93,39,0,0,0,93,54,39,93,54,39,0,0,0,39,39,0,39,39,0,0,0,0,0,0,0,0,0,0,0,0,0
54,Erie County (West Central)--Buffalo City (East) PUMA,810,751,59,503,444,59,307,307,0,366,307,59,59,0,59,307,307,0,444,444,0,444,444,0,0,0,0,0,0,0,0,0,0,0,0,0
55,Cayuga & Onondaga (South) Counties PUMA,233,129,104,104,0,104,129,129,0,104,0,104,104,0,104,0,0,0,129,129,0,0,0,0,129,129,0,0,0,0,0,0,0,0,0,0
56,Oneida County (Central)--Greater Utica & Rome Cities PUMA,1809,833,976,1809,833,976,0,0,0,683,304,379,683,304,379,0,0,0,1062,529,533,1062,529,533,0,0,0,64,0,64,64,0,64,0,0,0
57,Suffolk County (Southwest)--Babylon Town (Southeast) PUMA,1534,963,571,1534,963,571,0,0,0,370,152,218,370,152,218,0,0,0,1077,724,353,1077,724,353,0,0,0,87,87,0,87,87,0,0,0,0
58,"NYC-Manhattan Community District 6--Murray Hill, Gramercy & Stuyvesant Town PUMA",5675,1940,3735,5675,1940,3735,0,0,0,5143,1408,3735,5143,1408,3735,0,0,0,532,532,0,532,532,0,0,0,0,0,0,0,0,0,0,0,0,0
59,NYC-Manhattan Community District 11--East Harlem PUMA,1977,1183,794,1977,1183,794,0,0,0,1105,874,231,1105,874,231,0,0,0,872,309,563,872,309,563,0,0,0,0,0,0,0,0,0,0,0,0
60,Schenectady County--Schenectady City PUMA,277,132,145,277,132,145,0,0,0,0,0,0,0,0,0,0,0,0,277,132,145,277,132,145,0,0,0,0,0,0,0,0,0,0,0,0
61,"Clinton, Franklin, Essex & Hamilton Counties PUMA",401,232,169,401,232,169,0,0,0,350,232,118,350,232,118,0,0,0,51,0,51,51,0,51,0,0,0,0,0,0,0,0,0,0,0,0
62,Onondaga County (Central)--Syracuse City (Outer) PUMA,966,400,566,966,400,566,0,0,0,576,286,290,576,286,290,0,0,0,334,114,220,334,114,220,0,0,0,56,0,56,56,0,56,0,0,0
63,"NYC-Queens Community District 11--Bayside, Douglaston & Little Neck PUMA",1780,806,974,1729,806,923,51,0,51,645,267,378,645,267,378,0,0,0,1021,495,526,970,495,475,51,0,51,114,44,70,114,44,70,0,0,0
64,"NYC-Staten Island Community District 3--Tottenville, Great Kills & Annadale PUMA",7997,4090,3907,7500,3832,3668,497,258,239,4530,2447,2083,4272,2189,2083,258,258,0,2937,1643,1294,2698,1643,1055,239,0,239,530,0,530,530,0,530,0,0,0
65,Onondaga County (North) PUMA,674,74,600,674,74,600,0,0,0,131,0,131,131,0,131,0,0,0,477,74,403,477,74,403,0,0,0,66,0,66,66,0,66,0,0,0
66,Ulster County (East) PUMA,266,204,62,266,204,62,0,0,0,204,204,0,204,204,0,0,0,0,62,0,62,62,0,62,0,0,0,0,0,0,0,0,0,0,0,0
67,Oswego County PUMA,51,51,0,51,51,0,0,0,0,0,0,0,0,0,0,0,0,0,51,51,0,51,51,0,0,0,0,0,0,0,0,0,0,0,0,0
68,Niagara County (North & East) PUMA,185,64,121,185,64,121,0,0,0,64,64,0,64,64,0,0,0,0,121,0,121,121,0,121,0,0,0,0,0,0,0,0,0,0,0,0
69,Broome (Outer West) & Tioga Counties PUMA,1001,677,324,1001,677,324,0,0,0,404,195,209,404,195,209,0,0,0,597,482,115,597,482,115,0,0,0,0,0,0,0,0,0,0,0,0
70,"NYC-Bronx Community District 4--Concourse, Highbridge & Mount Eden PUMA",120,120,0,120,120,0,0,0,0,0,0,0,0,0,0,0,0,0,0,0,0,0,0,0,0,0,0,120,120,0,120,120,0,0,0,0
71,Suffolk County (Southwest)--Islip Town (South) PUMA,527,275,252,527,275,252,0,0,0,115,54,61,115,54,61,0,0,0,412,221,191,412,221,191,0,0,0,0,0,0,0,0,0,0,0,0
72,Erie County (Central) PUMA,384,298,86,384,298,86,0,0,0,221,135,86,221,135,86,0,0,0,71,71,0,71,71,0,0,0,0,92,92,0,92,92,0,0,0,0
73,"NYC-Bronx Community District 8--Riverdale, Fieldston & Kingsbridge PUMA",1083,523,560,1083,523,560,0,0,0,772,212,560,772,212,560,0,0,0,130,130,0,130,130,0,0,0,0,181,181,0,181,181,0,0,0,0
74,Chemung (South) & Steuben (East) Counties--Greater Elmira & Greater Corning Cities PUMA,549,355,194,431,355,76,118,0,118,549,355,194,431,355,76,118,0,118,0,0,0,0,0,0,0,0,0,0,0,0,0,0,0,0,0,0
75,Nassau County (South Central)--Hempstead Town (Southeast) PUMA,1177,823,354,1177,823,354,0,0,0,739,561,178,739,561,178,0,0,0,438,262,176,438,262,176,0,0,0,0,0,0,0,0,0,0,0,0
76,"NYC-Queens Community District 13--Queens Village, Cambria Heights & Rosedale PUMA",780,470,310,704,425,279,76,45,31,312,158,154,312,158,154,0,0,0,380,224,156,304,179,125,76,45,31,88,88,0,88,88,0,0,0,0
77,Cattaraugus & Allegany Counties PUMA,199,84,115,199,84,115,0,0,0,144,29,115,144,29,115,0,0,0,55,55,0,55,55,0,0,0,0,0,0,0,0,0,0,0,0,0
78,"NYC-Queens Community District 7--Flushing, Murray Hill & Whitestone PUMA",2851,1820,1031,2803,1820,983,48,0,48,1216,801,415,1168,801,367,48,0,48,1324,895,429,1324,895,429,0,0,0,311,124,187,311,124,187,0,0,0
79,Jefferson & Lewis Counties PUMA,247,81,166,247,81,166,0,0,0,163,60,103,163,60,103,0,0,0,84,21,63,84,21,63,0,0,0,0,0,0,0,0,0,0,0,0
80,"NYC-Brooklyn Community District 6--Park Slope, Carroll Gardens & Red Hook PUMA",2515,1545,970,2293,1545,748,222,0,222,2197,1314,883,1975,1314,661,222,0,222,318,231,87,318,231,87,0,0,0,0,0,0,0,0,0,0,0,0
81,NYC-Queens Community District 1--Astoria & Long Island City PUMA,8229,4146,4083,7837,3919,3918,392,227,165,4811,1890,2921,4708,1890,2818,103,0,103,3155,2079,1076,2866,1852,1014,289,227,62,263,177,86,263,177,86,0,0,0
82,Saratoga County (Outer) PUMA,132,132,0,132,132,0,0,0,0,132,132,0,132,132,0,0,0,0,0,0,0,0,0,0,0,0,0,0,0,0,0,0,0,0,0,0
83,Dutchess County (Southwest) PUMA,2351,1079,1272,2351,1079,1272,0,0,0,1291,547,744,1291,547,744,0,0,0,1060,532,528,1060,532,528,0,0,0,0,0,0,0,0,0,0,0,0
84,Erie County (Northwest) PUMA,1305,720,585,1305,720,585,0,0,0,402,132,270,402,132,270,0,0,0,903,588,315,903,588,315,0,0,0,0,0,0,0,0,0,0,0,0
85,Genesee & Orleans Counties PUMA,0,0,0,0,0,0,0,0,0,0,0,0,0,0,0,0,0,0,0,0,0,0,0,0,0,0,0,0,0,0,0,0,0,0,0,0
86,Erie County (Northeast) PUMA,486,241,245,486,241,245,0,0,0,486,241,245,486,241,245,0,0,0,0,0,0,0,0,0,0,0,0,0,0,0,0,0,0,0,0,0
87,"NYC-Queens Community District 5--Ridgewood, Glendale & Middle Village PUMA",12443,6957,5486,11960,6749,5211,483,208,275,4824,2380,2444,4573,2319,2254,251,61,190,6619,3893,2726,6387,3746,2641,232,147,85,1000,684,316,1000,684,316,0,0,0
88,NYC-Brooklyn Community District 3--Bedford-Stuyvesant PUMA,1148,901,247,1148,901,247,0,0,0,1077,830,247,1077,830,247,0,0,0,71,71,0,71,71,0,0,0,0,0,0,0,0,0,0,0,0,0
89,Nassau County (West Central)--Hempstead Town (West Central) PUMA,1229,596,633,1229,596,633,0,0,0,741,405,336,741,405,336,0,0,0,488,191,297,488,191,297,0,0,0,0,0,0,0,0,0,0,0,0
90,Suffolk County (South Central)--Brookhaven Town (South) PUMA,665,245,420,665,245,420,0,0,0,344,167,177,344,167,177,0,0,0,321,78,243,321,78,243,0,0,0,0,0,0,0,0,0,0,0,0
91,Orange County (Northeast)--Greater Newburgh City PUMA,591,518,73,591,518,73,0,0,0,86,86,0,86,86,0,0,0,0,428,355,73,428,355,73,0,0,0,77,77,0,77,77,0,0,0,0
92,Sullivan & Ulster (West) Counties PUMA,1447,328,1119,1447,328,1119,0,0,0,1131,106,1025,1131,106,1025,0,0,0,294,200,94,294,200,94,0,0,0,22,22,0,22,22,0,0,0,0
93,"NYC-Staten Island Community District 1--Port Richmond, Stapleton & Mariner's Harbor PUMA",3704,2755,949,3704,2755,949,0,0,0,2318,1578,740,2318,1578,740,0,0,0,1141,932,209,1141,932,209,0,0,0,245,245,0,245,245,0,0,0,0
94,Wayne & Seneca Counties PUMA,1134,784,350,1134,784,350,0,0,0,264,172,92,264,172,92,0,0,0,753,495,258,753,495,258,0,0,0,117,117,0,117,117,0,0,0,0
95,Albany County (East Central)--Albany City PUMA,842,519,323,842,519,323,0,0,0,432,109,323,432,109,323,0,0,0,410,410,0,410,410,0,0,0,0,0,0,0,0,0,0,0,0,0
96,Nassau County (Northwest)--North Hempstead Town (North) PUMA,4522,2628,1894,4139,2425,1714,383,203,180,3456,1739,1717,3073,1536,1537,383,203,180,917,740,177,917,740,177,0,0,0,149,149,0,149,149,0,0,0,0
97,Rensselaer County--Troy City PUMA,469,214,255,469,214,255,0,0,0,109,58,51,109,58,51,0,0,0,360,156,204,360,156,204,0,0,0,0,0,0,0,0,0,0,0,0
98,Tompkins County PUMA,1823,655,1168,1823,655,1168,0,0,0,1594,551,1043,1594,551,1043,0,0,0,229,104,125,229,104,125,0,0,0,0,0,0,0,0,0,0,0,0
99,Suffolk County (West Central)--Babylon Town (Northwest) PUMA,2219,1356,863,2219,1356,863,0,0,0,538,362,176,538,362,176,0,0,0,1681,994,687,1681,994,687,0,0,0,0,0,0,0,0,0,0,0,0
100,NYC-Queens Community District 3--Jackson Heights & North Corona PUMA,2226,709,1517,2226,709,1517,0,0,0,718,0,718,718,0,718,0,0,0,1508,709,799,1508,709,799,0,0,0,0,0,0,0,0,0,0,0,0
101,NYC-Queens Community District 4--Elmhurst & South Corona PUMA,596,435,161,435,435,0,161,0,161,0,0,0,0,0,0,0,0,0,435,435,0,435,435,0,0,0,0,161,0,161,0,0,0,161,0,161
102,Columbia & Greene Counties PUMA,475,218,257,475,218,257,0,0,0,382,177,205,382,177,205,0,0,0,41,41,0,41,41,0,0,0,0,52,0,52,52,0,52,0,0,0
103,Madison & Cortland Counties PUMA,150,0,150,150,0,150,0,0,0,0,0,0,0,0,0,0,0,0,150,0,150,150,0,150,0,0,0,0,0,0,0,0,0,0,0,0
104,NYC-Queens Community District 6--Forest Hills & Rego Park PUMA,10318,4029,6289,10255,4029,6226,63,0,63,6305,2372,3933,6305,2372,3933,0,0,0,3546,1296,2250,3483,1296,2187,63,0,63,467,361,106,467,361,106,0,0,0
105,NYC-Brooklyn Community District 5--East New York & Starrett City PUMA,353,0,353,353,0,353,0,0,0,0,0,0,0,0,0,0,0,0,353,0,353,353,0,353,0,0,0,0,0,0,0,0,0,0,0,0
106,"NYC-Bronx Community District 5--Morris Heights, Fordham South & Mount Hope PUMA",36,36,0,36,36,0,0,0,0,36,36,0,36,36,0,0,0,0,0,0,0,0,0,0,0,0,0,0,0,0,0,0,0,0,0,0
107,NYC-Brooklyn Community District 8--Crown Heights North & Prospect Heights PUMA,1786,838,948,1786,838,948,0,0,0,909,560,349,909,560,349,0,0,0,877,278,599,877,278,599,0,0,0,0,0,0,0,0,0,0,0,0
108,"Steuben (North & West), Schuyler & Chemung (North) Counties PUMA",108,90,18,108,90,18,0,0,0,66,66,0,66,66,0,0,0,0,18,0,18,18,0,18,0,0,0,24,24,0,24,24,0,0,0,0
109,Herkimer (North & Central) & Oneida (Outer) Counties PUMA,856,508,348,856,508,348,0,0,0,264,135,129,264,135,129,0,0,0,373,175,198,373,175,198,0,0,0,219,198,21,219,198,21,0,0,0
110,Livingston & Wyoming Counties PUMA,56,56,0,56,56,0,0,0,0,0,0,0,0,0,0,0,0,0,56,56,0,56,56,0,0,0,0,0,0,0,0,0,0,0,0,0
111,Putnam County PUMA,1728,673,1055,1728,673,1055,0,0,0,435,99,336,435,99,336,0,0,0,1162,443,719,1162,443,719,0,0,0,131,131,0,131,131,0,0,0,0
112,"NYC-Brooklyn Community District 17--East Flatbush, Farragut & Rugby PUMA",228,141,87,228,141,87,0,0,0,228,141,87,228,141,87,0,0,0,0,0,0,0,0,0,0,0,0,0,0,0,0,0,0,0,0,0
113,Suffolk County (Northwest)--Huntington Town (North) PUMA,1380,946,434,1244,946,298,136,0,136,678,426,252,638,426,212,40,0,40,606,520,86,606,520,86,0,0,0,96,0,96,0,0,0,96,0,96
114,"NYC-Bronx Community District 12--Wakefield, Williamsbridge & Woodlawn PUMA",183,63,120,183,63,120,0,0,0,61,0,61,61,0,61,0,0,0,122,63,59,122,63,59,0,0,0,0,0,0,0,0,0,0,0,0
115,NYC-Manhattan Community District 3--Chinatown & Lower East Side PUMA,2378,1463,915,2378,1463,915,0,0,0,1540,1022,518,1540,1022,518,0,0,0,410,110,300,410,110,300,0,0,0,428,331,97,428,331,97,0,0,0
116,Nassau County (East Central)--Oyster Bay Town (Central) PUMA,1474,929,545,1474,929,545,0,0,0,878,424,454,878,424,454,0,0,0,558,467,91,558,467,91,0,0,0,38,38,0,38,38,0,0,0,0
117,Westchester County (South Central)--New Rochelle & Mount Vernon Cities PUMA,2991,1936,1055,2991,1936,1055,0,0,0,1973,1145,828,1973,1145,828,0,0,0,701,474,227,701,474,227,0,0,0,317,317,0,317,317,0,0,0,0
118,Orange County (Northwest) PUMA,673,370,303,673,370,303,0,0,0,0,0,0,0,0,0,0,0,0,565,262,303,565,262,303,0,0,0,108,108,0,108,108,0,0,0,0
119,Nassau County (Central)--Hempstead Town (East Central) PUMA,2299,1081,1218,2299,1081,1218,0,0,0,1323,703,620,1323,703,620,0,0,0,483,326,157,483,326,157,0,0,0,493,52,441,493,52,441,0,0,0
120,Monroe County (North & West) PUMA,671,377,294,671,377,294,0,0,0,390,256,134,390,256,134,0,0,0,281,121,160,281,121,160,0,0,0,0,0,0,0,0,0,0,0,0
121,Suffolk County (Northwest)--Smithtown Town PUMA,1060,773,287,1060,773,287,0,0,0,70,70,0,70,70,0,0,0,0,990,703,287,990,703,287,0,0,0,0,0,0,0,0,0,0,0,0
122,Broome County (West Central)--Greater Binghamton City & Greater Johnson City Village PUMA,1130,945,185,1019,834,185,111,111,0,341,341,0,230,230,0,111,111,0,789,604,185,789,604,185,0,0,0,0,0,0,0,0,0,0,0,0
123,"NYC-Brooklyn Community District 12--Borough Park, Kensington & Ocean Parkway PUMA",4958,2569,2389,4651,2344,2307,307,225,82,2370,937,1433,2245,812,1433,125,125,0,1906,1014,892,1724,914,810,182,100,82,682,618,64,682,618,64,0,0,0
124,Suffolk County (Central)--Brookhaven Town (Central) PUMA,1606,1069,537,1606,1069,537,0,0,0,754,478,276,754,478,276,0,0,0,711,450,261,711,450,261,0,0,0,141,141,0,141,141,0,0,0,0
125,NYC-Queens Community District 10--Howard Beach & Ozone Park PUMA,1289,797,492,1289,797,492,0,0,0,370,0,370,370,0,370,0,0,0,695,695,0,695,695,0,0,0,0,224,102,122,224,102,122,0,0,0
126,Erie County (South) PUMA,289,190,99,289,190,99,0,0,0,192,93,99,192,93,99,0,0,0,97,97,0,97,97,0,0,0,0,0,0,0,0,0,0,0,0,0
127,"NYC-Bronx Community District 11--Pelham Parkway, Morris Park & Laconia PUMA",2935,1530,1405,2836,1530,1306,99,0,99,900,520,380,900,520,380,0,0,0,1803,896,907,1704,896,808,99,0,99,232,114,118,232,114,118,0,0,0
128,"NYC-Queens Community District 14--Far Rockaway, Breezy Point & Broad Channel PUMA",991,319,672,740,319,421,251,0,251,540,119,421,540,119,421,0,0,0,451,200,251,200,200,0,251,0,251,0,0,0,0,0,0,0,0,0
129,"NYC-Bronx Community District 10--Co-op City, Pelham Bay & Schuylerville PUMA",382,114,268,382,114,268,0,0,0,0,0,0,0,0,0,0,0,0,382,114,268,382,114,268,0,0,0,0,0,0,0,0,0,0,0,0
130,Nassau County (West Central)--North Hempstead Town (South) PUMA,1718,713,1005,1718,713,1005,0,0,0,568,257,311,568,257,311,0,0,0,854,352,502,854,352,502,0,0,0,296,104,192,296,104,192,0,0,0
131,Monroe County (Central)--Greece & Gates Towns PUMA,316,134,182,316,134,182,0,0,0,122,69,53,122,69,53,0,0,0,194,65,129,194,65,129,0,0,0,0,0,0,0,0,0,0,0,0
132,"NYC-Manhattan Community District 12--Washington Heights, Inwood & Marble Hill PUMA",2180,1024,1156,2080,1024,1056,100,0,100,1771,812,959,1671,812,859,100,0,100,409,212,197,409,212,197,0,0,0,0,0,0,0,0,0,0,0,0
133,"NYC-Brooklyn Community District 15--Sheepshead Bay, Gerritsen Beach & Homecrest PUMA",17564,8997,8567,17023,8880,8143,541,117,424,8717,4284,4433,8490,4167,4323,227,117,110,7925,4101,3824,7675,4101,3574,250,0,250,922,612,310,858,612,246,64,0,64
134,"NYC-Bronx Community District 3 & 6--Belmont, Crotona Park East & East Tremont PUMA",0,0,0,0,0,0,0,0,0,0,0,0,0,0,0,0,0,0,0,0,0,0,0,0,0,0,0,0,0,0,0,0,0,0,0,0
135,Nassau County (Southwest)--Hempstead Town (Southwest) & Long Beach City PUMA,1755,795,960,1755,795,960,0,0,0,1443,748,695,1443,748,695,0,0,0,312,47,265,312,47,265,0,0,0,0,0,0,0,0,0,0,0,0
136,NYC-Brooklyn Community District 13--Brighton Beach & Coney Island PUMA,11182,4818,6364,10856,4745,6111,326,73,253,7190,3069,4121,6937,3069,3868,253,0,253,3677,1523,2154,3604,1450,2154,73,73,0,315,226,89,315,226,89,0,0,0
137,NYC-Manhattan Community District 8--Upper East Side PUMA,9217,5625,3592,9084,5625,3459,133,0,133,8637,5288,3349,8637,5288,3349,0,0,0,376,266,110,376,266,110,0,0,0,204,71,133,71,71,0,133,0,133
138,NYC-Brooklyn Community District 7--Sunset Park & Windsor Terrace PUMA,2153,1141,1012,1707,844,863,446,297,149,1262,806,456,891,509,382,371,297,74,727,335,392,652,335,317,75,0,75,164,0,164,164,0,164,0,0,0
139,"NYC-Bronx Community District 7--Bedford Park, Fordham North & Norwood PUMA",780,705,75,705,705,0,75,0,75,231,156,75,156,156,0,75,0,75,549,549,0,549,549,0,0,0,0,0,0,0,0,0,0,0,0,0
140,Monroe County (East) PUMA,938,551,387,938,551,387,0,0,0,527,298,229,527,298,229,0,0,0,411,253,158,411,253,158,0,0,0,0,0,0,0,0,0,0,0,0
141,Suffolk County (East) PUMA,1405,727,678,1405,727,678,0,0,0,550,145,405,550,145,405,0,0,0,855,582,273,855,582,273,0,0,0,0,0,0,0,0,0,0,0,0
142,"NYC-Queens Community District 8--Briarwood, Fresh Meadows & Hillcrest PUMA",4293,2524,1769,4105,2524,1581,188,0,188,2012,1129,883,2012,1129,883,0,0,0,1983,1097,886,1795,1097,698,188,0,188,298,298,0,298,298,0,0,0,0
143,"NYC-Bronx Community District 9--Castle Hill, Clason Point & Parkchester PUMA",540,335,205,492,287,205,48,48,0,205,0,205,205,0,205,0,0,0,287,287,0,287,287,0,0,0,0,48,48,0,0,0,0,48,48,0
144,Suffolk County (Central)--Islip Town (Northwest) PUMA,62,0,62,62,0,62,0,0,0,0,0,0,0,0,0,0,0,0,62,0,62,62,0,62,0,0,0,0,0,0,0,0,0,0,0,0
145,NYC-Manhattan Community District 7--Upper West Side & West Side PUMA,4586,2632,1954,4236,2632,1604,350,0,350,3914,1960,1954,3564,1960,1604,350,0,350,672,672,0,672,672,0,0,0,0,0,0,0,0,0,0,0,0,0
146,Capital Region,4345,2229,2116,4289,2189,2100,56,40,16,2269,1007,1262,2269,1007,1262,0,0,0,1956,1154,802,1900,1114,786,56,40,16,120,68,52,120,68,52,0,0,0
147,Central NY,3699,1476,2223,3367,1347,2020,332,129,203,1708,853,855,1708,853,855,0,0,0,1827,623,1204,1495,494,1001,332,129,203,164,0,164,164,0,164,0,0,0
148,Finger Lakes,4911,2915,1996,4911,2915,1996,0,0,0,2135,1324,811,2135,1324,811,0,0,0,2562,1474,1088,2562,1474,1088,0,0,0,214,117,97,214,117,97,0,0,0
149,Long Island,36079,19896,16183,35344,19477,15867,735,419,316,19848,10679,9169,19209,10260,8949,639,419,220,14656,8371,6285,14656,8371,6285,0,0,0,1575,846,729,1479,846,633,96,0,96
150,Mid-Hudson,31255,17524,13731,31021,17452,13569,234,72,162,16304,8354,7950,16232,8282,7950,72,72,0,13423,7918,5505,13261,7918,5343,162,0,162,1528,1252,276,1528,1252,276,0,0,0
151,Mohawk Valley,3251,1724,1527,3251,1724,1527,0,0,0,1072,564,508,1072,564,508,0,0,0,1896,962,934,1896,962,934,0,0,0,283,198,85,283,198,85,0,0,0
152,New York City,205600,110112,95488,198180,107562,90618,7420,2550,4870,123311,60946,62365,119295,59472,59823,4016,1474,2542,72190,42776,29414,69303,41748,27555,2887,1028,1859,10099,6390,3709,9582,6342,3240,517,48,469
153,North Country,1001,404,597,1001,404,597,0,0,0,754,383,371,754,383,371,0,0,0,247,21,226,247,21,226,0,0,0,0,0,0,0,0,0,0,0,0
154,Southern Tier,4653,2764,1889,4424,2653,1771,229,111,118,2996,1550,1446,2767,1439,1328,229,111,118,1633,1190,443,1633,1190,443,0,0,0,24,24,0,24,24,0,0,0,0
155,Western NY,6375,3879,2496,6068,3572,2496,307,307,0,3409,1811,1598,3102,1504,1598,307,307,0,2724,1826,898,2724,1826,898,0,0,0,242,242,0,242,242,0,0,0,0
