,puma,Total_geo,Total_geo_m,Total_geo_f,Total_FT_mf_t,Total_FT_m,Total_FT_f,Total_PT_mf_t,Total_PT_m,Total_PT_f,Total_BABS,Total_BABS_m,Total_BABS_f,BABS_FT_mf_t,BABS_FT_m,BABS_FT_f,BABS_PT_mf_t,BABS_PT_m,BABS_PT_f,Total_HS,Total_HS_m,Total_HS_f,HS_FT_mf_t,HS_FT_m,HS_FT_f,HS_PT_mf_t,HS_PT_m,HS_PT_f,Total_HSINC,Total_HSINC_m,Total_HSINC_f,HSINC_FT_mf_t,HSINC_FT_m,HSINC_FT_f,HSINC_PT_mf_t,HSINC_PT_m,HSINC_PT_f
0,Total Geo,5863288,2992872,2870416,4919882,2663798,2256084,943406,329074,614332,2765006,1273264,1491742,2416689,1171011,1245678,348317,102253,246064,2838397,1557494,1280903,2314825,1366808,948017,523572,190686,332886,259885,162114,97771,188368,125979,62389,71517,36135,35382
1,"NYC-Manhattan Community District 9--Hamilton Heights, Manhattanville & West Harlem PUMA",32556,16359,16197,27979,13673,14306,4577,2686,1891,21097,9567,11530,18108,8002,10106,2989,1565,1424,10973,6533,4440,9473,5412,4061,1500,1121,379,486,259,227,398,259,139,88,0,88
2,Ulster County (East) PUMA,57422,30001,27421,46073,25790,20283,11349,4211,7138,19187,7867,11320,15808,7104,8704,3379,763,2616,35622,20429,15193,28259,17261,10998,7363,3168,4195,2613,1705,908,2006,1425,581,607,280,327
3,Albany County (East Central)--Albany City PUMA,32659,16446,16213,25116,13928,11188,7543,2518,5025,15851,8008,7843,13251,6712,6539,2600,1296,1304,15238,7913,7325,11182,6691,4491,4056,1222,2834,1570,525,1045,683,525,158,887,0,887
4,Chemung (South) & Steuben (East) Counties--Greater Elmira & Greater Corning Cities PUMA,37748,19264,18484,30841,16096,14745,6907,3168,3739,11945,6176,5769,10947,6039,4908,998,137,861,23950,11491,12459,19365,9712,9653,4585,1779,2806,1853,1597,256,529,345,184,1324,1252,72
5,Ontario & Yates Counties PUMA,54938,27059,27879,45204,23877,21327,9734,3182,6552,22458,9303,13155,18309,7792,10517,4149,1511,2638,30058,15958,14100,24795,14382,10413,5263,1576,3687,2422,1798,624,2100,1703,397,322,95,227
6,Suffolk County (North Central)--Brookhaven Town (North) PUMA,35442,19398,16044,30407,17530,12877,5035,1868,3167,16433,7421,9012,14428,6952,7476,2005,469,1536,18345,11378,6967,15556,10155,5401,2789,1223,1566,664,599,65,423,423,0,241,176,65
7,Westchester County (South Central)--New Rochelle & Mount Vernon Cities PUMA,51776,25636,26140,42226,23048,19178,9550,2588,6962,27150,12407,14743,23153,11884,11269,3997,523,3474,23224,12302,10922,17969,10237,7732,5255,2065,3190,1402,927,475,1104,927,177,298,0,298
8,"Clinton, Franklin, Essex & Hamilton Counties PUMA",63296,33853,29443,51646,29619,22027,11650,4234,7416,19370,7438,11932,16148,6611,9537,3222,827,2395,41184,24452,16732,33412,21313,12099,7772,3139,4633,2742,1963,779,2086,1695,391,656,268,388
9,Oneida County (Central)--Greater Utica & Rome Cities PUMA,52943,28650,24293,43097,24454,18643,9846,4196,5650,17501,8396,9105,15213,7867,7346,2288,529,1759,32875,18355,14520,26124,15339,10785,6751,3016,3735,2567,1899,668,1760,1248,512,807,651,156
10,"NYC-Bronx Community District 3 & 6--Belmont, Crotona Park East & East Tremont PUMA",29788,12483,17305,23853,9974,13879,5935,2509,3426,5979,1984,3995,5048,1867,3181,931,117,814,19217,8454,10763,16017,7181,8836,3200,1273,1927,4592,2045,2547,2788,926,1862,1804,1119,685
11,Livingston & Wyoming Counties PUMA,38215,20282,17933,32820,18696,14124,5395,1586,3809,9481,4013,5468,8282,3788,4494,1199,225,974,27293,15574,11719,23623,14365,9258,3670,1209,2461,1441,695,746,915,543,372,526,152,374
12,NYC-Manhattan Community District 3--Chinatown & Lower East Side PUMA,47696,21475,26221,41539,18843,22696,6157,2632,3525,35925,15721,20204,33404,15074,18330,2521,647,1874,10085,5047,5038,7575,3307,4268,2510,1740,770,1686,707,979,560,462,98,1126,245,881
13,Suffolk County (West Central)--Babylon Town (Northwest) PUMA,31921,15835,16086,27540,14255,13285,4381,1580,2801,12114,4505,7609,10982,3986,6996,1132,519,613,18157,10567,7590,15105,9703,5402,3052,864,2188,1650,763,887,1453,566,887,197,197,0
14,Broome County (West Central)--Greater Binghamton City & Greater Johnson City Village PUMA,38713,19138,19575,30566,15591,14975,8147,3547,4600,13322,6870,6452,11355,5850,5505,1967,1020,947,23175,11316,11859,18125,9448,8677,5050,1868,3182,2216,952,1264,1086,293,793,1130,659,471
15,Nassau County (Northwest)--North Hempstead Town (North) PUMA,28732,15559,13173,24283,13994,10289,4449,1565,2884,23117,12512,10605,19456,11034,8422,3661,1478,2183,5240,2844,2396,4584,2829,1755,656,15,641,375,203,172,243,131,112,132,72,60
16,Monroe County (Central)--Rochester City (East) PUMA,39934,20123,19811,31696,16177,15519,8238,3946,4292,15991,7859,8132,13978,6886,7092,2013,973,1040,19833,10177,9656,14619,7753,6866,5214,2424,2790,4110,2087,2023,3099,1538,1561,1011,549,462
17,Westchester County (Northwest) PUMA,45598,23988,21610,38207,21189,17018,7391,2799,4592,27926,12618,15308,23654,11448,12206,4272,1170,3102,15933,10065,5868,13382,8912,4470,2551,1153,1398,1739,1305,434,1171,829,342,568,476,92
18,NYC-Brooklyn Community District 16--Brownsville & Ocean Hill PUMA,25531,9570,15961,20559,7611,12948,4972,1959,3013,5841,1330,4511,5336,1262,4074,505,68,437,16841,6924,9917,13354,5364,7990,3487,1560,1927,2849,1316,1533,1869,985,884,980,331,649
19,Onondaga County (Central)--Syracuse City PUMA,37930,19938,17992,29727,16815,12912,8203,3123,5080,12005,5294,6711,10206,4931,5275,1799,363,1436,22846,12693,10153,17180,10285,6895,5666,2408,3258,3079,1951,1128,2341,1599,742,738,352,386
20,Westchester County (Northeast) PUMA,45021,23504,21517,36439,22392,14047,8582,1112,7470,33589,16695,16894,27622,15859,11763,5967,836,5131,10951,6580,4371,8588,6304,2284,2363,276,2087,481,229,252,229,229,0,252,0,252
21,Madison & Cortland Counties PUMA,43674,22708,20966,37721,20476,17245,5953,2232,3721,12765,5281,7484,11432,4800,6632,1333,481,852,28357,15294,13063,23839,13594,10245,4518,1700,2818,2552,2133,419,2450,2082,368,102,51,51
22,Erie County (West Central)--Buffalo City (West) PUMA,40778,19914,20864,33959,17089,16870,6819,2825,3994,21374,9082,12292,18345,7889,10456,3029,1193,1836,17066,9636,7430,13926,8153,5773,3140,1483,1657,2338,1196,1142,1688,1047,641,650,149,501
23,Monroe County (Central)--Rochester City (West) PUMA,27710,13165,14545,21975,10559,11416,5735,2606,3129,7227,3444,3783,6370,3183,3187,857,261,596,17965,7824,10141,13861,6150,7711,4104,1674,2430,2518,1897,621,1744,1226,518,774,671,103
24,Suffolk County (Central)--Islip Town (East) PUMA,40118,21010,19108,35861,19943,15918,4257,1067,3190,18609,8025,10584,17167,7568,9599,1442,457,985,20642,12720,7922,18438,12252,6186,2204,468,1736,867,265,602,256,123,133,611,142,469
25,Nassau County (Central)--Hempstead Town (East Central) PUMA,35810,18614,17196,30122,17262,12860,5688,1352,4336,23382,11613,11769,20295,11000,9295,3087,613,2474,11917,6675,5242,9316,5936,3380,2601,739,1862,511,326,185,511,326,185,0,0,0
26,"NYC-Bronx Community District 5--Morris Heights, Fordham South & Mount Hope PUMA",16470,8353,8117,13600,7098,6502,2870,1255,1615,3652,1565,2087,3457,1565,1892,195,0,195,10178,5242,4936,8577,4549,4028,1601,693,908,2640,1546,1094,1566,984,582,1074,562,512
27,St. Lawrence County PUMA,38423,20181,18242,32646,18313,14333,5777,1868,3909,10381,4436,5945,9321,4079,5242,1060,357,703,26295,14748,11547,22164,13491,8673,4131,1257,2874,1747,997,750,1161,743,418,586,254,332
28,Columbia & Greene Counties PUMA,40730,20573,20157,32967,17419,15548,7763,3154,4609,13929,5956,7973,12014,4920,7094,1915,1036,879,25391,13911,11480,20309,11992,8317,5082,1919,3163,1410,706,704,644,507,137,766,199,567
29,NYC-Brooklyn Community District 2--Brooklyn Heights & Fort Greene PUMA,60106,29678,30428,52594,26983,25611,7512,2695,4817,49852,24177,25675,45628,22622,23006,4224,1555,2669,8949,5039,3910,6045,4051,1994,2904,988,1916,1305,462,843,921,310,611,384,152,232
30,"NYC-Queens Community District 8--Briarwood, Fresh Meadows & Hillcrest PUMA",27344,12898,14446,22298,11614,10684,5046,1284,3762,15213,6699,8514,12654,6400,6254,2559,299,2260,11240,5646,5594,9127,4923,4204,2113,723,1390,891,553,338,517,291,226,374,262,112
31,Monroe County (North & West) PUMA,46630,23688,22942,38923,21274,17649,7707,2414,5293,19937,8850,11087,17259,8087,9172,2678,763,1915,25282,14382,10900,20948,12746,8202,4334,1636,2698,1411,456,955,716,441,275,695,15,680
32,Schenectady County--Schenectady City PUMA,57119,28327,28792,49222,26077,23145,7897,2250,5647,22934,9432,13502,19723,8774,10949,3211,658,2553,30989,17437,13552,26504,16046,10458,4485,1391,3094,3196,1458,1738,2995,1257,1738,201,201,0
33,"Rockland County (West)--Spring Valley, Suffern Villages & Monsey PUMA",21964,12527,9437,14577,9498,5079,7387,3029,4358,8003,4119,3884,6034,3493,2541,1969,626,1343,11885,6887,4998,7549,5011,2538,4336,1876,2460,2076,1521,555,994,994,0,1082,527,555
34,Niagara County (North & East) PUMA,43523,22083,21440,35618,19292,16326,7905,2791,5114,13623,5838,7785,11952,5461,6491,1671,377,1294,28315,15496,12819,22656,13419,9237,5659,2077,3582,1585,749,836,1010,412,598,575,337,238
35,Suffolk County (Central)--Brookhaven Town (Central) PUMA,51041,24947,26094,44481,22612,21869,6560,2335,4225,17366,6972,10394,15982,6892,9090,1384,80,1304,32891,17727,15164,27827,15472,12355,5064,2255,2809,784,248,536,672,248,424,112,0,112
36,Suffolk County (East) PUMA,41137,22355,18782,34538,20948,13590,6599,1407,5192,22235,11245,10990,18929,10382,8547,3306,863,2443,17794,10255,7539,14822,9871,4951,2972,384,2588,1108,855,253,787,695,92,321,160,161
37,Warren & Washington Counties PUMA,50871,26130,24741,40328,21644,18684,10543,4486,6057,15742,6980,8762,13386,6357,7029,2356,623,1733,32609,17321,15288,25338,13980,11358,7271,3341,3930,2520,1829,691,1604,1307,297,916,522,394
38,NYC-Queens Community District 6--Forest Hills & Rego Park PUMA,25171,13305,11866,22295,12096,10199,2876,1209,1667,17597,9390,8207,16186,8681,7505,1411,709,702,7089,3607,3482,5624,3107,2517,1465,500,965,485,308,177,485,308,177,0,0,0
39,"NYC-Brooklyn Community District 9--Crown Heights South, Prospect Lefferts & Wingate PUMA",29970,14839,15131,24437,12795,11642,5533,2044,3489,17817,8626,9191,15628,8122,7506,2189,504,1685,10868,5401,5467,7907,4155,3752,2961,1246,1715,1285,812,473,902,518,384,383,294,89
40,Westchester County (Central)--White Plains City PUMA,47335,24218,23117,40924,22699,18225,6411,1519,4892,34180,17109,17071,30125,16398,13727,4055,711,3344,13122,7076,6046,10766,6268,4498,2356,808,1548,33,33,0,33,33,0,0,0,0
41,"NYC-Bronx Community District 1 & 2--Hunts Point, Longwood & Melrose PUMA",28814,13014,15800,21892,10455,11437,6922,2559,4363,6271,2887,3384,5571,2801,2770,700,86,614,18985,8229,10756,13773,6172,7601,5212,2057,3155,3558,1898,1660,2548,1482,1066,1010,416,594
42,Erie County (North Central) PUMA,42864,20517,22347,37311,18693,18618,5553,1824,3729,27841,12767,15074,24600,11928,12672,3241,839,2402,14664,7507,7157,12481,6651,5830,2183,856,1327,359,243,116,230,114,116,129,129,0
43,Chautauqua County PUMA,48569,25149,23420,39122,22356,16766,9447,2793,6654,13074,5469,7605,10909,4662,6247,2165,807,1358,31865,17645,14220,25390,15868,9522,6475,1777,4698,3630,2035,1595,2823,1826,997,807,209,598
44,Dutchess County (Southwest) PUMA,58182,30669,27513,47579,27040,20539,10603,3629,6974,22457,9667,12790,18740,8553,10187,3717,1114,2603,33516,19916,13600,27414,17681,9733,6102,2235,3867,2209,1086,1123,1425,806,619,784,280,504
45,Westchester County (Southeast) PUMA,30447,17318,13129,25507,15479,10028,4940,1839,3101,22885,12684,10201,19571,11749,7822,3314,935,2379,6988,4215,2773,5569,3518,2051,1419,697,722,574,419,155,367,212,155,207,207,0
46,Rockland County (North)--New City & Congers PUMA,31584,17400,14184,25974,15785,10189,5610,1615,3995,15844,6800,9044,13118,6572,6546,2726,228,2498,14344,9294,5050,11659,8016,3643,2685,1278,1407,1396,1306,90,1197,1197,0,199,109,90
47,NYC-Staten Island Community District 2--New Springville & South Beach PUMA,31462,16037,15425,27511,14426,13085,3951,1611,2340,12700,7172,5528,11547,6801,4746,1153,371,782,17826,8226,9600,15028,6986,8042,2798,1240,1558,936,639,297,936,639,297,0,0,0
48,Suffolk County (Southwest)--Islip Town (South) PUMA,38077,19665,18412,31392,17405,13987,6685,2260,4425,17453,7680,9773,15652,7208,8444,1801,472,1329,20059,11812,8247,15553,10120,5433,4506,1692,2814,565,173,392,187,77,110,378,96,282
49,Erie County (West Central)--Buffalo City (East) PUMA,45673,22119,23554,34986,18312,16674,10687,3807,6880,9638,4093,5545,8230,3823,4407,1408,270,1138,31642,15271,16371,24198,12903,11295,7444,2368,5076,4393,2755,1638,2558,1586,972,1835,1169,666
50,Wayne & Seneca Counties PUMA,50118,27363,22755,41745,25086,16659,8373,2277,6096,12382,5470,6912,10175,5092,5083,2207,378,1829,34593,19731,14862,29155,18064,11091,5438,1667,3771,3143,2162,981,2415,1930,485,728,232,496
51,Monroe County (South) PUMA,61721,31482,30239,49152,26816,22336,12569,4666,7903,39349,18243,21106,31956,16147,15809,7393,2096,5297,21154,12542,8612,16286,10055,6231,4868,2487,2381,1218,697,521,910,614,296,308,83,225
52,Tompkins County PUMA,34182,16139,18043,27801,13825,13976,6381,2314,4067,20460,8821,11639,16929,7460,9469,3531,1361,2170,12558,6503,6055,10099,5703,4396,2459,800,1659,1164,815,349,773,662,111,391,153,238
53,Suffolk County (South Central)--Brookhaven Town (South) PUMA,46885,25755,21130,41273,23749,17524,5612,2006,3606,15411,6405,9006,13390,5518,7872,2021,887,1134,28795,16969,11826,25320,15966,9354,3475,1003,2472,2679,2381,298,2563,2265,298,116,116,0
54,"Otsego, Schoharie, Oneida (South) & Herkimer (South) Counties PUMA",42250,22166,20084,35258,19555,15703,6992,2611,4381,13018,6043,6975,10955,5201,5754,2063,842,1221,26682,14172,12510,22212,12662,9550,4470,1510,2960,2550,1951,599,2091,1692,399,459,259,200
55,NYC-Manhattan Community District 8--Upper East Side PUMA,77392,34035,43357,70657,32815,37842,6735,1220,5515,71744,31513,40231,65489,30309,35180,6255,1204,5051,5388,2373,3015,4908,2357,2551,480,16,464,260,149,111,260,149,111,0,0,0
56,"NYC-Manhattan Community District 1 & 2--Battery Park City, Greenwich Village & Soho PUMA",65417,34405,31012,60145,32193,27952,5272,2212,3060,59618,30290,29328,55212,28582,26630,4406,1708,2698,5293,3841,1452,4470,3380,1090,823,461,362,506,274,232,463,231,232,43,43,0
57,"NYC-Manhattan Community District 12--Washington Heights, Inwood & Marble Hill PUMA",47983,25415,22568,39384,20916,18468,8599,4499,4100,27137,11233,15904,23240,10252,12988,3897,981,2916,17947,12111,5836,13823,8977,4846,4124,3134,990,2899,2071,828,2321,1687,634,578,384,194
58,NYC-Brooklyn Community District 18--Canarsie & Flatlands PUMA,39001,17201,21800,32357,15165,17192,6644,2036,4608,18214,6276,11938,15661,5316,10345,2553,960,1593,19529,10051,9478,15757,9203,6554,3772,848,2924,1258,874,384,939,646,293,319,228,91
59,"NYC-Bronx Community District 12--Wakefield, Williamsbridge & Woodlawn PUMA",23830,10739,13091,19756,9619,10137,4074,1120,2954,8571,3572,4999,7007,3375,3632,1564,197,1367,13003,6156,6847,10672,5233,5439,2331,923,1408,2256,1011,1245,2077,1011,1066,179,0,179
60,Suffolk County (Central)--Islip Town (Northwest) PUMA,25706,14539,11167,21538,12327,9211,4168,2212,1956,7910,3700,4210,6837,3450,3387,1073,250,823,15238,8785,6453,12490,7119,5371,2748,1666,1082,2558,2054,504,2211,1758,453,347,296,51
61,"NYC-Queens Community District 14--Far Rockaway, Breezy Point & Broad Channel PUMA",27470,12575,14895,23391,11276,12115,4079,1299,2780,13313,5769,7544,11182,4567,6615,2131,1202,929,12315,5890,6425,10405,5831,4574,1910,59,1851,1842,916,926,1804,878,926,38,38,0
62,Saratoga County (South & Central) PUMA,46343,23827,22516,40934,22092,18842,5409,1735,3674,24635,12100,12535,21259,10939,10320,3376,1161,2215,20420,11099,9321,18481,10619,7862,1939,480,1459,1288,628,660,1194,534,660,94,94,0
63,Cattaraugus & Allegany Counties PUMA,44761,23367,21394,36381,20452,15929,8380,2915,5465,9967,4413,5554,8768,4190,4578,1199,223,976,31975,16767,15208,25403,14318,11085,6572,2449,4123,2819,2187,632,2210,1944,266,609,243,366
64,Genesee & Orleans Counties PUMA,41527,21872,19655,34556,19715,14841,6971,2157,4814,8091,3060,5031,6857,2759,4098,1234,301,933,30631,16894,13737,25715,15676,10039,4916,1218,3698,2805,1918,887,1984,1280,704,821,638,183
65,Cayuga & Onondaga (South) Counties PUMA,43044,21369,21675,34646,19061,15585,8398,2308,6090,14252,6169,8083,12161,5783,6378,2091,386,1705,26687,13950,12737,21074,12645,8429,5613,1305,4308,2105,1250,855,1411,633,778,694,617,77
66,Sullivan & Ulster (West) Counties PUMA,37101,18206,18895,29353,15644,13709,7748,2562,5186,12130,5942,6188,9681,4737,4944,2449,1205,1244,22323,10770,11553,17926,9578,8348,4397,1192,3205,2648,1494,1154,1746,1329,417,902,165,737
67,"NYC-Bronx Community District 7--Bedford Park, Fordham North & Norwood PUMA",18987,8969,10018,14380,6461,7919,4607,2508,2099,3502,1152,2350,3090,1072,2018,412,80,332,13262,7005,6257,9393,4903,4490,3869,2102,1767,2223,812,1411,1897,486,1411,326,326,0
68,Suffolk County (Central)--Brookhaven Town (West Central) PUMA,38171,19677,18494,32521,18495,14026,5650,1182,4468,15547,7515,8032,13589,7203,6386,1958,312,1646,21920,11777,10143,18407,10964,7443,3513,813,2700,704,385,319,525,328,197,179,57,122
69,NYC-Queens Community District 1--Astoria & Long Island City PUMA,55440,27715,27725,48312,24523,23789,7128,3192,3936,38452,17461,20991,35396,16423,18973,3056,1038,2018,15976,9730,6246,12096,7638,4458,3880,2092,1788,1012,524,488,820,462,358,192,62,130
70,Jefferson & Lewis Counties PUMA,51528,28918,22610,43857,27490,16367,7671,1428,6243,13275,6469,6806,11839,5926,5913,1436,543,893,36074,21126,14948,30376,20336,10040,5698,790,4908,2179,1323,856,1642,1228,414,537,95,442
71,Nassau County (West Central)--Hempstead Town (Northwest) PUMA,33622,17925,15697,29877,17147,12730,3745,778,2967,18384,8562,9822,15917,8155,7762,2467,407,2060,13898,8643,5255,12852,8272,4580,1046,371,675,1340,720,620,1108,720,388,232,0,232
72,Nassau County (Central)--Hempstead Town (North Central)--Meadowbrook Corridor PUMA,28442,11211,17231,23376,9162,14214,5066,2049,3017,9679,3062,6617,8767,2722,6045,912,340,572,17745,7356,10389,13591,5647,7944,4154,1709,2445,1018,793,225,1018,793,225,0,0,0
73,Orange County (Northeast)--Greater Newburgh City PUMA,40602,20368,20234,34213,18108,16105,6389,2260,4129,14590,6541,8049,12664,6219,6445,1926,322,1604,23975,12773,11202,19757,10963,8794,4218,1810,2408,2037,1054,983,1792,926,866,245,128,117
74,"NYC-Bronx Community District 11--Pelham Parkway, Morris Park & Laconia PUMA",32711,16796,15915,28476,14648,13828,4235,2148,2087,10617,3887,6730,9628,3574,6054,989,313,676,19298,11239,8059,16849,9892,6957,2449,1347,1102,2796,1670,1126,1999,1182,817,797,488,309
75,"NYC-Queens Community District 12--Jamaica, Hollis & St. Albans PUMA",45810,20546,25264,39357,17849,21508,6453,2697,3756,12560,3099,9461,10993,2662,8331,1567,437,1130,30080,15687,14393,25643,13665,11978,4437,2022,2415,3170,1760,1410,2721,1522,1199,449,238,211
76,Erie County (Central) PUMA,64406,32666,31740,54054,30122,23932,10352,2544,7808,22411,10777,11634,20133,10134,9999,2278,643,1635,39179,19959,19220,31904,18306,13598,7275,1653,5622,2816,1930,886,2017,1682,335,799,248,551
77,"NYC-Staten Island Community District 1--Port Richmond, Stapleton & Mariner's Harbor PUMA",41801,21249,20552,36297,19007,17290,5504,2242,3262,17800,8185,9615,16357,7786,8571,1443,399,1044,21398,11248,10150,18172,9886,8286,3226,1362,1864,2603,1816,787,1768,1335,433,835,481,354
78,"NYC-Brooklyn Community District 15--Sheepshead Bay, Gerritsen Beach & Homecrest PUMA",21414,11485,9929,17770,9867,7903,3644,1618,2026,11277,5108,6169,9622,4439,5183,1655,669,986,8655,5346,3309,7012,4588,2424,1643,758,885,1482,1031,451,1136,840,296,346,191,155
79,"NYC-Bronx Community District 8--Riverdale, Fieldston & Kingsbridge PUMA",28893,13881,15012,23932,12454,11478,4961,1427,3534,15555,5961,9594,13038,5051,7987,2517,910,1607,10478,6397,4081,8551,5880,2671,1927,517,1410,2860,1523,1337,2343,1523,820,517,0,517
80,NYC-Brooklyn Community District 5--East New York & Starrett City PUMA,32185,14520,17665,27474,13006,14468,4711,1514,3197,10069,3511,6558,8263,3125,5138,1806,386,1420,19860,9837,10023,17571,8995,8576,2289,842,1447,2256,1172,1084,1640,886,754,616,286,330
81,Onondaga County (Central)--Syracuse City (Outer) PUMA,63069,32218,30851,53886,29185,24701,9183,3033,6150,30336,14338,15998,27262,13512,13750,3074,826,2248,29924,16173,13751,25061,14735,10326,4863,1438,3425,2809,1707,1102,1563,938,625,1246,769,477
82,"NYC-Manhattan Community District 6--Murray Hill, Gramercy & Stuyvesant Town PUMA",57268,30860,26408,52724,29140,23584,4544,1720,2824,52807,27412,25395,48661,26090,22571,4146,1322,2824,3829,2816,1013,3653,2640,1013,176,176,0,632,632,0,410,410,0,222,222,0
83,"Chenango, Delaware & Broome (East) Counties PUMA",40781,21844,18937,33268,18989,14279,7513,2855,4658,8424,3780,4644,6790,3445,3345,1634,335,1299,28991,15888,13103,23923,13976,9947,5068,1912,3156,3366,2176,1190,2555,1568,987,811,608,203
84,Orange County (Northwest) PUMA,45392,24168,21224,36064,20679,15385,9328,3489,5839,11334,5006,6328,9115,4400,4715,2219,606,1613,32223,18023,14200,25266,15272,9994,6957,2751,4206,1835,1139,696,1683,1007,676,152,132,20
85,NYC-Brooklyn Community District 7--Sunset Park & Windsor Terrace PUMA,24928,12583,12345,21004,11147,9857,3924,1436,2488,15830,6871,8959,13937,6268,7669,1893,603,1290,7963,5055,2908,6270,4560,1710,1693,495,1198,1135,657,478,797,319,478,338,338,0
86,Nassau County (Northeast)--Oyster Bay Town (North) & Glen Cove City PUMA,32288,16691,15597,26305,15245,11060,5983,1446,4537,21418,11145,10273,17772,10102,7670,3646,1043,2603,9934,5032,4902,8029,4719,3310,1905,313,1592,936,514,422,504,424,80,432,90,342
87,Dutchess County (North & East) PUMA,44412,23401,21011,38194,21089,17105,6218,2312,3906,21595,10149,11446,19056,9123,9933,2539,1026,1513,21411,12386,9025,18386,11401,6985,3025,985,2040,1406,866,540,752,565,187,654,301,353
88,Putnam County PUMA,38375,19720,18655,31129,18065,13064,7246,1655,5591,17228,8383,8845,15018,8103,6915,2210,280,1930,19937,10934,9003,15141,9647,5494,4796,1287,3509,1210,403,807,970,315,655,240,88,152
89,Albany County (Outside Albany City) PUMA,71533,35234,36299,62190,32525,29665,9343,2709,6634,33404,13950,19454,30347,13472,16875,3057,478,2579,35729,19528,16201,30203,17714,12489,5526,1814,3712,2400,1756,644,1640,1339,301,760,417,343
90,"NYC-Bronx Community District 10--Co-op City, Pelham Bay & Schuylerville PUMA",35644,17437,18207,30605,16212,14393,5039,1225,3814,12318,4304,8014,11122,3921,7201,1196,383,813,21914,12076,9838,18212,11234,6978,3702,842,2860,1412,1057,355,1271,1057,214,141,0,141
91,NYC-Queens Community District 4--Elmhurst & South Corona PUMA,15154,8585,6569,11984,7352,4632,3170,1233,1937,5461,2540,2921,4549,2400,2149,912,140,772,8764,5525,3239,6821,4594,2227,1943,931,1012,929,520,409,614,358,256,315,162,153
92,"NYC-Brooklyn Community District 12--Borough Park, Kensington & Ocean Parkway PUMA",23951,13889,10062,15316,11022,4294,8635,2867,5768,8900,4502,4398,6986,4149,2837,1914,353,1561,13602,8192,5410,7269,6066,1203,6333,2126,4207,1449,1195,254,1061,807,254,388,388,0
93,Nassau County (Southeast)--Oyster Bay Town (South) PUMA,44179,22070,22109,37835,20145,17690,6344,1925,4419,22767,10549,12218,20116,10104,10012,2651,445,2206,20199,10932,9267,17027,9678,7349,3172,1254,1918,1213,589,624,692,363,329,521,226,295
94,Suffolk County (Northwest)--Huntington Town (South) PUMA,33361,17629,15732,27844,16011,11833,5517,1618,3899,20714,10721,9993,17263,9823,7440,3451,898,2553,12225,6627,5598,10337,5982,4355,1888,645,1243,422,281,141,244,206,38,178,75,103
95,Oswego County PUMA,46288,25210,21078,39382,23449,15933,6906,1761,5145,10904,5403,5501,9911,5049,4862,993,354,639,32051,17518,14533,26494,16394,10100,5557,1124,4433,3333,2289,1044,2977,2006,971,356,283,73
96,Rensselaer County--Troy City PUMA,66597,34074,32523,55949,29572,26377,10648,4502,6146,22595,10499,12096,19880,9590,10290,2715,909,1806,39838,20413,19425,33364,18042,15322,6474,2371,4103,4164,3162,1002,2705,1940,765,1459,1222,237
97,Saratoga County (Outer) PUMA,53217,28773,24444,45048,26839,18209,8169,1934,6235,19583,9790,9793,17198,9303,7895,2385,487,1898,31095,16999,14096,25673,15855,9818,5422,1144,4278,2539,1984,555,2177,1681,496,362,303,59
98,Herkimer (North & Central) & Oneida (Outer) Counties PUMA,44698,23712,20986,37545,21298,16247,7153,2414,4739,10989,4549,6440,9582,3988,5594,1407,561,846,31313,17766,13547,26180,16081,10099,5133,1685,3448,2396,1397,999,1783,1229,554,613,168,445
99,Monroe County (East) PUMA,58352,29783,28569,49462,27765,21697,8890,2018,6872,33318,15568,17750,28991,14916,14075,4327,652,3675,23955,13312,10643,19576,12050,7526,4379,1262,3117,1079,903,176,895,799,96,184,104,80
100,"NYC-Queens Community District 13--Queens Village, Cambria Heights & Rosedale PUMA",33184,16833,16351,28260,14444,13816,4924,2389,2535,13243,5849,7394,12240,5453,6787,1003,396,607,18409,10089,8320,14790,8338,6452,3619,1751,1868,1532,895,637,1230,653,577,302,242,60
101,Erie County (South) PUMA,71821,36306,35515,60493,33605,26888,11328,2701,8627,30538,13199,17339,27089,12482,14607,3449,717,2732,39227,21342,17885,31697,19555,12142,7530,1787,5743,2056,1765,291,1707,1568,139,349,197,152
102,Monroe County (Central)--Greece & Gates Towns PUMA,49183,23059,26124,40157,20958,19199,9026,2101,6925,18525,8625,9900,15697,7777,7920,2828,848,1980,28698,13651,15047,23009,12403,10606,5689,1248,4441,1960,783,1177,1451,778,673,509,5,504
103,NYC-Manhattan Community District 7--Upper West Side & West Side PUMA,66729,32583,34146,56225,29263,26962,10504,3320,7184,57198,27339,29859,49770,25274,24496,7428,2065,5363,8505,5021,3484,5605,3766,1839,2900,1255,1645,1026,223,803,850,223,627,176,0,176
104,NYC-Manhattan Community District 11--East Harlem PUMA,29424,13631,15793,23687,11669,12018,5737,1962,3775,14752,5888,8864,12834,5585,7249,1918,303,1615,11916,5344,6572,9166,4397,4769,2750,947,1803,2756,2399,357,1687,1687,0,1069,712,357
105,"NYC-Queens Community District 7--Flushing, Murray Hill & Whitestone PUMA",31623,17626,13997,27245,15954,11291,4378,1672,2706,15012,7459,7553,13024,6546,6478,1988,913,1075,14291,8810,5481,12878,8342,4536,1413,468,945,2320,1357,963,1343,1066,277,977,291,686
106,NYC-Brooklyn Community District 1--Greenpoint & Williamsburg PUMA,61573,35463,26110,50746,30305,20441,10827,5158,5669,45420,25063,20357,40394,22856,17538,5026,2207,2819,12411,7643,4768,8083,5537,2546,4328,2106,2222,3742,2757,985,2269,1912,357,1473,845,628
107,Onondaga County (North) PUMA,51174,26157,25017,43103,23411,19692,8071,2746,5325,22510,10649,11861,19680,9946,9734,2830,703,2127,27731,15036,12695,22810,13008,9802,4921,2028,2893,933,472,461,613,457,156,320,15,305
108,NYC-Brooklyn Community District 14--Flatbush & Midwood PUMA,32365,16676,15689,24685,12982,11703,7680,3694,3986,17477,7878,9599,13467,5780,7687,4010,2098,1912,12759,7164,5595,9796,6058,3738,2963,1106,1857,2129,1634,495,1422,1144,278,707,490,217
109,"Rockland County (South)--Orangetown, Clarkstown (South) & Ramapo (Southeast) Towns PUMA",33269,17344,15925,27356,16490,10866,5913,854,5059,19916,9474,10442,16947,9014,7933,2969,460,2509,13053,7570,5483,10115,7182,2933,2938,388,2550,300,300,0,294,294,0,6,6,0
110,NYC-Brooklyn Community District 13--Brighton Beach & Coney Island PUMA,9792,4718,5074,7660,3926,3734,2132,792,1340,3832,2160,1672,3037,1698,1339,795,462,333,4540,2016,2524,4139,2016,2123,401,0,401,1420,542,878,484,212,272,936,330,606
111,"NYC-Bronx Community District 4--Concourse, Highbridge & Mount Eden PUMA",19920,10833,9087,17811,9869,7942,2109,964,1145,5486,1600,3886,5063,1339,3724,423,261,162,12089,7599,4490,10566,6955,3611,1523,644,879,2345,1634,711,2182,1575,607,163,59,104
112,Erie County (Northeast) PUMA,50633,26562,24071,43761,24572,19189,6872,1990,4882,23465,10997,12468,20774,10052,10722,2691,945,1746,26341,14738,11603,22282,13815,8467,4059,923,3136,827,827,0,705,705,0,122,122,0
113,NYC-Brooklyn Community District 8--Crown Heights North & Prospect Heights PUMA,45621,19376,26245,39553,16849,22704,6068,2527,3541,29933,12130,17803,26972,10801,16171,2961,1329,1632,13189,6575,6614,10528,5377,5151,2661,1198,1463,2499,671,1828,2053,671,1382,446,0,446
114,NYC-Queens Community District 3--Jackson Heights & North Corona PUMA,21560,11555,10005,19206,10875,8331,2354,680,1674,9265,4136,5129,8334,3951,4383,931,185,746,11250,6604,4646,9885,6167,3718,1365,437,928,1045,815,230,987,757,230,58,58,0
115,Fulton & Montgomery Counties PUMA,39979,21325,18654,33427,19805,13622,6552,1520,5032,8685,3908,4777,7968,3822,4146,717,86,631,27503,15085,12418,22289,13752,8537,5214,1333,3881,3791,2332,1459,3170,2231,939,621,101,520
116,Niagara County (Southwest)--Greater Niagara Falls & North Tonawanda Area PUMA,42633,20072,22561,35601,17172,18429,7032,2900,4132,11146,4756,6390,9684,4247,5437,1462,509,953,28632,13170,15462,23988,11509,12479,4644,1661,2983,2855,2146,709,1929,1416,513,926,730,196
117,"Steuben (North & West), Schuyler & Chemung (North) Counties PUMA",35832,19369,16463,29538,17034,12504,6294,2335,3959,7870,3052,4818,6571,2638,3933,1299,414,885,26104,15080,11024,21577,13312,8265,4527,1768,2759,1858,1237,621,1390,1084,306,468,153,315
118,NYC-Brooklyn Community District 4--Bushwick PUMA,38468,20507,17961,32235,17820,14415,6233,2687,3546,22754,10809,11945,19265,9349,9916,3489,1460,2029,12759,7982,4777,10953,7304,3649,1806,678,1128,2955,1716,1239,2017,1167,850,938,549,389
119,"NYC-Manhattan Community District 4 & 5--Chelsea, Clinton & Midtown Business District PUMA",62889,35183,27706,54911,30612,24299,7978,4571,3407,52556,28876,23680,47800,26551,21249,4756,2325,2431,10064,6226,3838,7030,3980,3050,3034,2246,788,269,81,188,81,81,0,188,0,188
120,"NYC-Brooklyn Community District 6--Park Slope, Carroll Gardens & Red Hook PUMA",51557,23454,28103,44567,20060,24507,6990,3394,3596,43205,18135,25070,38676,16359,22317,4529,1776,2753,7548,5092,2456,5207,3553,1654,2341,1539,802,804,227,577,684,148,536,120,79,41
121,NYC-Brooklyn Community District 3--Bedford-Stuyvesant PUMA,46653,22952,23701,37058,18117,18941,9595,4835,4760,26077,11807,14270,22001,9743,12258,4076,2064,2012,18738,9956,8782,13991,7792,6199,4747,2164,2583,1838,1189,649,1066,582,484,772,607,165
122,NYC-Queens Community District 10--Howard Beach & Ozone Park PUMA,23201,12861,10340,19648,11781,7867,3553,1080,2473,9188,4051,5137,7687,3345,4342,1501,706,795,12638,7879,4759,10893,7505,3388,1745,374,1371,1375,931,444,1068,931,137,307,0,307
123,Suffolk County (Northwest)--Huntington Town (North) PUMA,38207,19696,18511,31813,17674,14139,6394,2022,4372,23992,11625,12367,19975,10783,9192,4017,842,3175,12957,6899,6058,10655,5794,4861,2302,1105,1197,1258,1172,86,1183,1097,86,75,75,0
124,Orange County (Southeast) PUMA,40958,22808,18150,34154,21012,13142,6804,1796,5008,18400,8827,9573,16539,8357,8182,1861,470,1391,20228,11950,8278,15974,11077,4897,4254,873,3381,2330,2031,299,1641,1578,63,689,453,236
125,Nassau County (East Central)--Oyster Bay Town (Central) PUMA,31529,16038,15491,25459,14576,10883,6070,1462,4608,20631,10091,10540,17507,9286,8221,3124,805,2319,10371,5650,4721,7506,4993,2513,2865,657,2208,527,297,230,446,297,149,81,0,81
126,Suffolk County (Northwest)--Smithtown Town PUMA,45256,23788,21468,39195,22354,16841,6061,1434,4627,27806,13707,14099,24769,13013,11756,3037,694,2343,16961,9843,7118,14010,9103,4907,2951,740,2211,489,238,251,416,238,178,73,0,73
127,"NYC-Brooklyn Community District 17--East Flatbush, Farragut & Rugby PUMA",23872,11378,12494,19403,9516,9887,4469,1862,2607,11301,3455,7846,9778,2997,6781,1523,458,1065,11102,7035,4067,8756,5991,2765,2346,1044,1302,1469,888,581,869,528,341,600,360,240
128,"NYC-Bronx Community District 9--Castle Hill, Clason Point & Parkchester PUMA",38278,18208,20070,30069,15148,14921,8209,3060,5149,10480,4311,6169,9012,3853,5159,1468,458,1010,23862,11835,12027,18491,9647,8844,5371,2188,3183,3936,2062,1874,2566,1648,918,1370,414,956
129,NYC-Queens Community District 9--Richmond Hill & Woodhaven PUMA,22561,12445,10116,18557,9830,8727,4004,2615,1389,9293,4444,4849,8078,3894,4184,1215,550,665,12326,7543,4783,9765,5559,4206,2561,1984,577,942,458,484,714,377,337,228,81,147
130,Westchester County (Southwest)--Yonkers City PUMA,49625,25186,24439,41677,22563,19114,7948,2623,5325,21626,9828,11798,19066,9304,9762,2560,524,2036,23687,12246,11441,19752,11158,8594,3935,1088,2847,4312,3112,1200,2859,2101,758,1453,1011,442
131,Broome (Outer West) & Tioga Counties PUMA,40043,21563,18480,33135,19083,14052,6908,2480,4428,11470,4929,6541,9980,4752,5228,1490,177,1313,26449,15179,11270,21602,13163,8439,4847,2016,2831,2124,1455,669,1553,1168,385,571,287,284
132,NYC-Brooklyn Community District 10--Bay Ridge & Dyker Heights PUMA,26921,13444,13477,23065,11236,11829,3856,2208,1648,17590,8158,9432,15822,7341,8481,1768,817,951,8477,4581,3896,6874,3675,3199,1603,906,697,854,705,149,369,220,149,485,485,0
133,"NYC-Queens Community District 5--Ridgewood, Glendale & Middle Village PUMA",41364,21846,19518,37554,20547,17007,3810,1299,2511,17591,8431,9160,15966,8034,7932,1625,397,1228,21039,11222,9817,19392,10599,8793,1647,623,1024,2734,2193,541,2196,1914,282,538,279,259
134,NYC-Manhattan Community District 10--Central Harlem PUMA,43153,19321,23832,36824,17101,19723,6329,2220,4109,25766,11984,13782,23776,11307,12469,1990,677,1313,15040,6710,8330,11814,5572,6242,3226,1138,2088,2347,627,1720,1234,222,1012,1113,405,708
135,"NYC-Queens Community District 11--Bayside, Douglaston & Little Neck PUMA",21743,11740,10003,18686,10522,8164,3057,1218,1839,13127,6538,6589,11229,6172,5057,1898,366,1532,8403,5040,3363,7244,4188,3056,1159,852,307,213,162,51,213,162,51,0,0,0
136,Erie County (Northwest) PUMA,44763,23869,20894,37616,21869,15747,7147,2000,5147,19869,9201,10668,17233,8147,9086,2636,1054,1582,23486,13632,9854,19409,12980,6429,4077,652,3425,1408,1036,372,974,742,232,434,294,140
137,NYC-Queens Community District 2--Sunnyside & Woodside PUMA,26533,14958,11575,24108,14027,10081,2425,931,1494,18507,10075,8432,16915,9513,7402,1592,562,1030,7226,4342,2884,6451,3973,2478,775,369,406,800,541,259,742,541,201,58,0,58
138,Suffolk County (Southwest)--Babylon Town (Southeast) PUMA,35099,18738,16361,30442,17189,13253,4657,1549,3108,12047,5082,6965,10156,4765,5391,1891,317,1574,22528,13438,9090,19868,12206,7662,2660,1232,1428,524,218,306,418,218,200,106,0,106
139,"NYC-Staten Island Community District 3--Tottenville, Great Kills & Annadale PUMA",49457,25825,23632,44081,24218,19863,5376,1607,3769,21856,10045,11811,19544,9259,10285,2312,786,1526,26707,15165,11542,23834,14410,9424,2873,755,2118,894,615,279,703,549,154,191,66,125
140,Nassau County (West Central)--Hempstead Town (West Central) PUMA,35957,20177,15780,30955,18020,12935,5002,2157,2845,18683,8688,9995,15909,8031,7878,2774,657,2117,16649,10882,5767,14498,9441,5057,2151,1441,710,625,607,18,548,548,0,77,59,18
141,Nassau County (Central)--Hempstead Town (Northeast) PUMA,37906,18452,19454,33835,17101,16734,4071,1351,2720,17298,7029,10269,16085,6583,9502,1213,446,767,19998,10930,9068,17140,10025,7115,2858,905,1953,610,493,117,610,493,117,0,0,0
142,Nassau County (Southwest)--Hempstead Town (Southwest) & Long Beach City PUMA,32565,18598,13967,27440,17445,9995,5125,1153,3972,19952,11874,8078,17074,11224,5850,2878,650,2228,12180,6405,5775,10047,5902,4145,2133,503,1630,433,319,114,319,319,0,114,0,114
143,NYC-Brooklyn Community District 11--Bensonhurst & Bath Beach PUMA,23826,12542,11284,19641,10778,8863,4185,1764,2421,10875,5208,5667,9501,4927,4574,1374,281,1093,11896,6814,5082,9486,5534,3952,2410,1280,1130,1055,520,535,654,317,337,401,203,198
144,Nassau County (South Central)--Hempstead Town (Southeast) PUMA,35806,17854,17952,29506,16164,13342,6300,1690,4610,20689,9270,11419,17061,8649,8412,3628,621,3007,14686,8153,6533,12014,7084,4930,2672,1069,1603,431,431,0,431,431,0,0,0,0
145,Nassau County (West Central)--North Hempstead Town (South) PUMA,31098,15729,15369,27599,14684,12915,3499,1045,2454,17996,8814,9182,16616,8568,8048,1380,246,1134,12745,6915,5830,10816,6116,4700,1929,799,1130,357,0,357,167,0,167,190,0,190
146,Capital Region,419069,213384,205685,351754,190096,161658,67315,23288,44027,168673,76715,91958,147058,70067,76991,21615,6648,14967,231309,124621,106688,191054,110939,80115,40255,13682,26573,19087,12048,7039,13642,9090,4552,5445,2958,2487
147,Central NY,285179,147600,137579,238465,132397,106068,46714,15203,31511,102772,47134,55638,90652,44021,46631,12120,3113,9007,167596,90664,76932,136458,80661,55797,31138,10003,21135,14811,9802,5009,11355,7715,3640,3456,2087,1369
148,Finger Lakes,468328,237876,230452,385690,210923,174767,82638,26953,55685,186759,84435,102324,157874,76427,81447,28885,8008,20877,259462,140045,119417,211587,123644,87943,47875,16401,31474,22107,13396,8711,16229,10852,5377,5878,2544,3334
149,Long Island,908355,471950,436405,775437,431437,344000,132918,40513,92405,461633,217812,243821,401694,203001,198693,59939,14811,45128,424074,239214,184860,355808,215349,140459,68266,23865,44401,22648,14924,7724,17935,13087,4848,4713,1837,2876
150,Mid-Hudson,719063,376462,342601,589646,336570,253076,129417,39892,89525,348040,164116,183924,295911,152317,143594,52129,11799,40330,342422,193416,149006,273472,169486,103986,68950,23930,45020,28601,18930,9671,20263,14767,5496,8338,4163,4175
151,Mohawk Valley,179870,95853,84017,149327,85112,64215,30543,10741,19802,50193,22896,27297,43718,20878,22840,6475,2018,4457,118373,65378,52995,96805,57834,38971,21568,7544,14024,11304,7579,3725,8804,6400,2404,2500,1179,1321
152,New York City,1962454,976854,985600,1667363,857689,809674,295091,119165,175926,1127473,517593,609880,1002185,474485,527700,125288,43108,82180,737989,403210,334779,595664,340964,254700,142325,62246,80079,96992,56051,40941,69514,42240,27274,27478,13811,13667
153,North Country,153247,82952,70295,128149,75422,52727,25098,7530,17568,43026,18343,24683,37308,16616,20692,5718,1727,3991,103553,60326,43227,85952,55140,30812,17601,5186,12415,6668,4283,2385,4889,3666,1223,1779,617,1162
154,Southern Tier,227299,117317,109982,185149,100618,84531,42150,16699,25451,73491,33628,39863,62572,30184,32388,10919,3444,7475,141227,75457,65770,114691,65314,49377,26536,10143,16393,12581,8232,4349,7886,5120,2766,4695,3112,1583
155,Western NY,540424,272624,267800,448902,243534,205368,91522,29090,62432,202946,90592,112354,177717,83015,94702,25229,7577,17652,312392,165163,147229,253334,147477,105857,59058,17686,41372,25086,16869,8217,17851,13042,4809,7235,3827,3408
