,puma,Total_geo,Total_geo_m,Total_geo_f,Total_Emp_mf_t,Total_emp_m,Total_emp_f,Total_UnEmp_mf_t,Total_UnEmp_m,Total_UnEmp_f,Total_BABS,Total_BABS_m,Total_BABS_f,BABS_Emp_mf_t,BABS_emp_m,BABS_emp_f,BABS_UnEmp_mf_t,BABS_UnEmp_m,BABS_UnEmp_f,Total_HS,Total_HS_m,Total_HS_f,HS_Emp_mf_t,HS_emp_m,HS_emp_f,HS_UnEmp_mf_t,HS_UnEmp_m,HS_UnEmp_f,Total_HSINC,Total_HSINC_m,Total_HSINC_f,HSINC_Emp_mf_t,HSINC_emp_m,HSINC_emp_f,HSINC_UnEmp_mf_t,HSINC_UnEmp_m,HSINC_UnEmp_f
0,Total Geo,5773838,2959488,2814350,5534578,2821450,2713128,239260,138038,101222,2724775,1260256,1464519,2654966,1225193,1429773,69809,35063,34746,2794648,1541160,1253488,2655506,1455878,1199628,139142,85282,53860,254415,158072,96343,224106,140379,83727,30309,17693,12616
1,"NYC-Manhattan Community District 9--Hamilton Heights, Manhattanville & West Harlem PUMA",32714,16438,16276,31326,15831,15495,1388,607,781,20909,9594,11315,19924,9039,10885,985,555,430,11319,6585,4734,10973,6533,4440,346,52,294,486,259,227,429,259,170,57,0,57
2,Ulster County (East) PUMA,56133,29233,26900,53970,28190,25780,2163,1043,1120,18848,7736,11112,18275,7736,10539,573,0,573,34915,20086,14829,33394,19061,14333,1521,1025,496,2370,1411,959,2301,1393,908,69,18,51
3,Albany County (East Central)--Albany City PUMA,33120,16189,16931,29870,15303,14567,3250,886,2364,15908,7886,8022,15436,7627,7809,472,259,213,15636,7778,7858,13751,7151,6600,1885,627,1258,1576,525,1051,683,525,158,893,0,893
4,Chemung (South) & Steuben (East) Counties--Greater Elmira & Greater Corning Cities PUMA,37830,19682,18148,35406,17940,17466,2424,1742,682,12136,6367,5769,11776,6007,5769,360,360,0,23583,11460,12123,22028,10587,11441,1555,873,682,2111,1855,256,1602,1346,256,509,509,0
5,Ontario & Yates Counties PUMA,53407,26356,27051,51790,25149,26641,1617,1207,410,21787,9018,12769,21218,8449,12769,569,569,0,29322,15597,13725,28535,15196,13339,787,401,386,2298,1741,557,2037,1504,533,261,237,24
6,Suffolk County (North Central)--Brookhaven Town (North) PUMA,34679,18975,15704,33002,17845,15157,1677,1130,547,16166,7341,8825,15525,6972,8553,641,369,272,17990,11111,6879,17054,10450,6604,936,661,275,523,523,0,423,423,0,100,100,0
7,Westchester County (South Central)--New Rochelle & Mount Vernon Cities PUMA,52258,26089,26169,50143,24784,25359,2115,1305,810,27387,12525,14862,26629,12246,14383,758,279,479,23376,12637,10739,22201,11700,10501,1175,937,238,1495,927,568,1313,838,475,182,89,93
8,"Clinton, Franklin, Essex & Hamilton Counties PUMA",60180,32349,27831,58571,31321,27250,1609,1028,581,18708,7255,11453,18230,6971,11259,478,284,194,38950,23374,15576,37946,22734,15212,1004,640,364,2522,1720,802,2395,1616,779,127,104,23
9,Oneida County (Central)--Greater Utica & Rome Cities PUMA,50126,26460,23666,48388,24915,23473,1738,1545,193,17187,8269,8918,16895,8104,8791,292,165,127,31252,17110,14142,29828,15752,14076,1424,1358,66,1687,1081,606,1665,1059,606,22,22,0
10,"NYC-Bronx Community District 3 & 6--Belmont, Crotona Park East & East Tremont PUMA",30211,12639,17572,25963,9923,16040,4248,2716,1532,5949,2049,3900,5741,1984,3757,208,65,143,19845,8615,11230,17524,7097,10427,2321,1518,803,4417,1975,2442,2698,842,1856,1719,1133,586
11,Livingston & Wyoming Counties PUMA,37481,19922,17559,36637,19343,17294,844,579,265,9181,3876,5305,9106,3876,5230,75,0,75,26760,15212,11548,26178,14791,11387,582,421,161,1540,834,706,1353,676,677,187,158,29
12,NYC-Manhattan Community District 3--Chinatown & Lower East Side PUMA,47183,21512,25671,44991,20491,24500,2192,1021,1171,35481,15404,20077,35017,15404,19613,464,0,464,10074,5513,4561,8549,4589,3960,1525,924,601,1628,595,1033,1425,498,927,203,97,106
13,Suffolk County (West Central)--Babylon Town (Northwest) PUMA,31938,16336,15602,30317,15337,14980,1621,999,622,12250,4484,7766,11828,4278,7550,422,206,216,18352,11089,7263,17204,10296,6908,1148,793,355,1336,763,573,1285,763,522,51,0,51
14,Broome County (West Central)--Greater Binghamton City & Greater Johnson City Village PUMA,37266,18599,18667,35033,17177,17856,2233,1422,811,13079,6720,6359,12813,6599,6214,266,121,145,22837,11357,11480,20948,10056,10892,1889,1301,588,1350,522,828,1272,522,750,78,0,78
15,Nassau County (Northwest)--North Hempstead Town (North) PUMA,28261,15481,12780,27235,15011,12224,1026,470,556,22367,12280,10087,21620,11964,9656,747,316,431,5519,2998,2521,5240,2844,2396,279,154,125,375,203,172,375,203,172,0,0,0
16,Monroe County (Central)--Rochester City (East) PUMA,40239,20747,19492,36990,18324,18666,3249,2423,826,16042,8015,8027,15701,7799,7902,341,216,125,20053,10686,9367,17708,8711,8997,2345,1975,370,4144,2046,2098,3581,1814,1767,563,232,331
17,Westchester County (Northwest) PUMA,43825,22104,21721,42261,21859,20402,1564,245,1319,27638,12421,15217,26761,12334,14427,877,87,790,15031,9005,6026,14388,8847,5541,643,158,485,1156,678,478,1112,678,434,44,0,44
18,NYC-Brooklyn Community District 16--Brownsville & Ocean Hill PUMA,26141,10419,15722,24470,8961,15509,1671,1458,213,5841,1330,4511,5753,1242,4511,88,88,0,17381,7622,9759,16297,6751,9546,1084,871,213,2919,1467,1452,2420,968,1452,499,499,0
19,Onondaga County (Central)--Syracuse City PUMA,38700,20774,17926,35251,18739,16512,3449,2035,1414,11834,5294,6540,11408,5294,6114,426,0,426,23502,13572,9930,21165,11707,9458,2337,1865,472,3364,1908,1456,2678,1738,940,686,170,516
20,Westchester County (Northeast) PUMA,43566,23473,20093,42497,22863,19634,1069,610,459,32584,16631,15953,31972,16214,15758,612,417,195,10753,6613,4140,10296,6420,3876,457,193,264,229,229,0,229,229,0,0,0,0
21,Madison & Cortland Counties PUMA,43048,22816,20232,41446,21816,19630,1602,1000,602,12441,5139,7302,12186,5014,7172,255,125,130,27900,15374,12526,26890,14789,12101,1010,585,425,2707,2303,404,2370,2013,357,337,290,47
22,Erie County (West Central)--Buffalo City (West) PUMA,39963,19484,20479,38325,18588,19737,1638,896,742,21457,9030,12427,20947,8956,11991,510,74,436,16576,9307,7269,15592,8629,6963,984,678,306,1930,1147,783,1786,1003,783,144,144,0
23,Monroe County (Central)--Rochester City (West) PUMA,27131,13076,14055,24808,11153,13655,2323,1923,400,6907,3124,3783,6714,2931,3783,193,193,0,17487,8055,9432,15836,6585,9251,1651,1470,181,2737,1897,840,2258,1637,621,479,260,219
24,Suffolk County (Central)--Islip Town (East) PUMA,39838,20962,18876,39224,20607,18617,614,355,259,18656,8043,10613,18310,7956,10354,346,87,259,20240,12579,7661,20106,12445,7661,134,134,0,942,340,602,808,206,602,134,134,0
25,Nassau County (Central)--Hempstead Town (East Central) PUMA,35222,18449,16773,34756,18195,16561,466,254,212,23423,11696,11727,22957,11442,11515,466,254,212,11288,6427,4861,11288,6427,4861,0,0,0,511,326,185,511,326,185,0,0,0
26,"NYC-Bronx Community District 5--Morris Heights, Fordham South & Mount Hope PUMA",16190,8516,7674,14356,7611,6745,1834,905,929,3793,1706,2087,3268,1565,1703,525,141,384,10212,5301,4911,9161,4582,4579,1051,719,332,2185,1509,676,1927,1464,463,258,45,213
27,St. Lawrence County PUMA,36784,19256,17528,35432,18526,16906,1352,730,622,10067,4298,5769,9875,4106,5769,192,192,0,25132,14123,11009,24233,13823,10410,899,300,599,1585,835,750,1324,597,727,261,238,23
28,Columbia & Greene Counties PUMA,39657,20070,19587,37841,18764,19077,1816,1306,510,13576,5809,7767,13400,5781,7619,176,28,148,24682,13566,11116,23312,12558,10754,1370,1008,362,1399,695,704,1129,425,704,270,270,0
29,NYC-Brooklyn Community District 2--Brooklyn Heights & Fort Greene PUMA,59044,29463,29581,57028,28108,28920,2016,1355,661,49225,24130,25095,48019,23466,24553,1206,664,542,8420,4676,3744,7880,4255,3625,540,421,119,1399,657,742,1129,387,742,270,270,0
30,"NYC-Queens Community District 8--Briarwood, Fresh Meadows & Hillcrest PUMA",27061,12557,14504,25395,11975,13420,1666,582,1084,15383,6676,8707,14186,6351,7835,1197,325,872,10787,5328,5459,10476,5135,5341,311,193,118,891,553,338,733,489,244,158,64,94
31,Monroe County (North & West) PUMA,45105,22964,22141,43179,22275,20904,1926,689,1237,19183,8685,10498,18580,8501,10079,603,184,419,24564,13823,10741,23910,13423,10487,654,400,254,1358,456,902,689,351,338,669,105,564
32,Schenectady County--Schenectady City PUMA,56412,28149,28263,54066,26679,27387,2346,1470,876,22349,9091,13258,22217,9091,13126,132,0,132,30663,17396,13267,28854,16331,12523,1809,1065,744,3400,1662,1738,2995,1257,1738,405,405,0
33,"Rockland County (West)--Spring Valley, Suffern Villages & Monsey PUMA",21742,12442,9300,20350,11865,8485,1392,577,815,8112,4086,4026,7481,3946,3535,631,140,491,11830,6893,4937,11099,6456,4643,731,437,294,1800,1463,337,1770,1463,307,30,0,30
34,Niagara County (North & East) PUMA,42590,21924,20666,40431,20323,20108,2159,1601,558,13327,5838,7489,12853,5616,7237,474,222,252,27787,15434,12353,26102,14055,12047,1685,1379,306,1476,652,824,1476,652,824,0,0,0
35,Suffolk County (Central)--Brookhaven Town (Central) PUMA,50838,24825,26013,49400,24186,25214,1438,639,799,17265,6838,10427,16908,6726,10182,357,112,245,32746,17696,15050,31708,17212,14496,1038,484,554,827,291,536,784,248,536,43,43,0
36,Suffolk County (East) PUMA,39351,21113,18238,39005,20889,18116,346,224,122,21313,10687,10626,21251,10625,10626,62,62,0,17252,9854,7398,17232,9834,7398,20,20,0,786,572,214,522,430,92,264,142,122
37,Warren & Washington Counties PUMA,49022,25230,23792,47645,24281,23364,1377,949,428,15249,6735,8514,14992,6586,8406,257,149,108,31467,16758,14709,30506,16086,14420,961,672,289,2306,1737,569,2147,1609,538,159,128,31
38,NYC-Queens Community District 6--Forest Hills & Rego Park PUMA,25365,13171,12194,23991,12344,11647,1374,827,547,17791,9256,8535,16417,8429,7988,1374,827,547,7089,3607,3482,7089,3607,3482,0,0,0,485,308,177,485,308,177,0,0,0
39,"NYC-Brooklyn Community District 9--Crown Heights South, Prospect Lefferts & Wingate PUMA",30524,15526,14998,28956,14454,14502,1568,1072,496,17650,8553,9097,17166,8459,8707,484,94,390,11273,5845,5428,10505,5183,5322,768,662,106,1601,1128,473,1285,812,473,316,316,0
40,Westchester County (Central)--White Plains City PUMA,47089,24548,22541,45545,23504,22041,1544,1044,500,34141,17541,16600,33073,16851,16222,1068,690,378,12948,7007,5941,12472,6653,5819,476,354,122,0,0,0,0,0,0,0,0,0
41,"NYC-Bronx Community District 1 & 2--Hunts Point, Longwood & Melrose PUMA",28899,13481,15418,24359,11303,13056,4540,2178,2362,6930,3285,3645,5824,2484,3340,1106,801,305,19364,8518,10846,16491,7455,9036,2873,1063,1810,2605,1678,927,2044,1364,680,561,314,247
42,Erie County (North Central) PUMA,41407,19996,21411,40848,19437,21411,559,559,0,27120,12454,14666,26933,12267,14666,187,187,0,13928,7299,6629,13556,6927,6629,372,372,0,359,243,116,359,243,116,0,0,0
43,Chautauqua County PUMA,47222,24463,22759,44829,22935,21894,2393,1528,865,12495,5360,7135,12405,5270,7135,90,90,0,31340,17246,14094,29495,16168,13327,1845,1078,767,3387,1857,1530,2929,1497,1432,458,360,98
44,Dutchess County (Southwest) PUMA,55827,29067,26760,53425,28054,25371,2402,1013,1389,21721,9434,12287,20997,9034,11963,724,400,324,31974,18715,13259,30499,18214,12285,1475,501,974,2132,918,1214,1929,806,1123,203,112,91
45,Westchester County (Southeast) PUMA,29902,16964,12938,28924,16590,12334,978,374,604,22560,12443,10117,21919,12141,9778,641,302,339,6768,4102,2666,6431,4030,2401,337,72,265,574,419,155,574,419,155,0,0,0
46,Rockland County (North)--New City & Congers PUMA,31271,17285,13986,29783,16446,13337,1488,839,649,15649,6800,8849,15388,6730,8658,261,70,191,14279,9232,5047,13052,8463,4589,1227,769,458,1343,1253,90,1343,1253,90,0,0,0
47,NYC-Staten Island Community District 2--New Springville & South Beach PUMA,30934,15740,15194,29829,15211,14618,1105,529,576,12501,7172,5329,12094,6981,5113,407,191,216,17452,7884,9568,16879,7671,9208,573,213,360,981,684,297,856,559,297,125,125,0
48,Suffolk County (Southwest)--Islip Town (South) PUMA,37629,19587,18042,36771,19202,17569,858,385,473,17353,7713,9640,17093,7499,9594,260,214,46,19762,11701,8061,19164,11530,7634,598,171,427,514,173,341,514,173,341,0,0,0
49,Erie County (West Central)--Buffalo City (East) PUMA,45097,21563,23534,42603,20657,21946,2494,906,1588,9729,4324,5405,9194,3970,5224,535,354,181,31272,14796,16476,29568,14278,15290,1704,518,1186,4096,2443,1653,3841,2409,1432,255,34,221
50,Wayne & Seneca Counties PUMA,48447,26285,22162,46857,25623,21234,1590,662,928,11921,5286,6635,11889,5286,6603,32,0,32,33477,19049,14428,32208,18387,13821,1269,662,607,3049,1950,1099,2760,1950,810,289,0,289
51,Monroe County (South) PUMA,59369,30256,29113,58414,29665,28749,955,591,364,38468,18157,20311,37706,17636,20070,762,521,241,19766,11485,8281,19573,11415,8158,193,70,123,1135,614,521,1135,614,521,0,0,0
52,Tompkins County PUMA,31768,15277,16491,31024,14745,16279,744,532,212,18960,7896,11064,18695,7800,10895,265,96,169,11547,6469,5078,11165,6130,5035,382,339,43,1261,912,349,1164,815,349,97,97,0
53,Suffolk County (South Central)--Brookhaven Town (South) PUMA,46490,25135,21355,44631,24372,20259,1859,763,1096,15503,6523,8980,15036,6284,8752,467,239,228,28591,16514,12077,27355,16016,11339,1236,498,738,2396,2098,298,2240,2072,168,156,26,130
54,"Otsego, Schoharie, Oneida (South) & Herkimer (South) Counties PUMA",40273,21496,18777,39390,20963,18427,883,533,350,12589,5830,6759,12356,5709,6647,233,121,112,25176,13757,11419,24763,13582,11181,413,175,238,2508,1909,599,2271,1672,599,237,237,0
55,NYC-Manhattan Community District 8--Upper East Side PUMA,74490,33214,41276,72416,32397,40019,2074,817,1257,69752,30808,38944,67678,29991,37687,2074,817,1257,4478,2257,2221,4478,2257,2221,0,0,0,260,149,111,260,149,111,0,0,0
56,"NYC-Manhattan Community District 1 & 2--Battery Park City, Greenwich Village & Soho PUMA",66162,34434,31728,63792,33361,30431,2370,1073,1297,60451,30407,30044,58283,29334,28949,2168,1073,1095,5205,3753,1452,5003,3753,1250,202,0,202,506,274,232,506,274,232,0,0,0
57,"NYC-Manhattan Community District 12--Washington Heights, Inwood & Marble Hill PUMA",47772,25629,22143,43820,23150,20670,3952,2479,1473,27180,11459,15721,25330,10756,14574,1850,703,1147,17821,12099,5722,15842,10446,5396,1979,1653,326,2771,2071,700,2648,1948,700,123,123,0
58,NYC-Brooklyn Community District 18--Canarsie & Flatlands PUMA,38734,17263,21471,37172,16424,20748,1562,839,723,17470,6091,11379,17396,6017,11379,74,74,0,19537,10254,9283,18665,9680,8985,872,574,298,1727,918,809,1111,727,384,616,191,425
59,"NYC-Bronx Community District 12--Wakefield, Williamsbridge & Woodlawn PUMA",25153,10905,14248,21287,9306,11981,3866,1599,2267,9060,3660,5400,8281,3400,4881,779,260,519,13288,6324,6964,11438,5139,6299,1850,1185,665,2805,921,1884,1568,767,801,1237,154,1083
60,Suffolk County (Central)--Islip Town (Northwest) PUMA,26874,15818,11056,24229,13844,10385,2645,1974,671,7919,3937,3982,7636,3654,3982,283,283,0,16397,9827,6570,14035,8136,5899,2362,1691,671,2558,2054,504,2558,2054,504,0,0,0
61,"NYC-Queens Community District 14--Far Rockaway, Breezy Point & Broad Channel PUMA",27610,12064,15546,25922,11645,14277,1688,419,1269,12976,5432,7544,12976,5432,7544,0,0,0,12907,5831,7076,11548,5741,5807,1359,90,1269,1727,801,926,1398,472,926,329,329,0
62,Saratoga County (South & Central) PUMA,45113,23011,22102,44347,22696,21651,766,315,451,24136,11887,12249,23808,11827,11981,328,60,268,19689,10496,9193,19251,10241,9010,438,255,183,1288,628,660,1288,628,660,0,0,0
63,Cattaraugus & Allegany Counties PUMA,43983,23072,20911,42138,22145,19993,1845,927,918,9504,4241,5263,9336,4206,5130,168,35,133,31837,16837,15000,30283,16043,14240,1554,794,760,2642,1994,648,2519,1896,623,123,98,25
64,Genesee & Orleans Counties PUMA,40385,21756,18629,38651,20726,17925,1734,1030,704,7856,3069,4787,7697,2910,4787,159,159,0,30429,16844,13585,29279,16398,12881,1150,446,704,2100,1843,257,1675,1418,257,425,425,0
65,Cayuga & Onondaga (South) Counties PUMA,41123,20260,20863,40454,19827,20627,669,433,236,13854,6169,7685,13828,6143,7685,26,26,0,25685,13323,12362,25141,13015,12126,544,308,236,1584,768,816,1485,669,816,99,99,0
66,Sullivan & Ulster (West) Counties PUMA,35463,17294,18169,34563,16642,17921,900,652,248,11792,5913,5879,11524,5645,5879,268,268,0,21192,9954,11238,20679,9689,10990,513,265,248,2479,1427,1052,2360,1308,1052,119,119,0
67,"NYC-Bronx Community District 7--Bedford Park, Fordham North & Norwood PUMA",19586,8962,10624,17257,8405,8852,2329,557,1772,3502,1152,2350,3431,1152,2279,71,0,71,13295,6871,6424,12083,6452,5631,1212,419,793,2789,939,1850,1743,801,942,1046,138,908
68,Suffolk County (Central)--Brookhaven Town (West Central) PUMA,38436,19777,18659,36624,18618,18006,1812,1159,653,15671,7531,8140,15299,7342,7957,372,189,183,22060,11853,10207,20742,10948,9794,1318,905,413,705,393,312,583,328,255,122,65,57
69,NYC-Queens Community District 1--Astoria & Long Island City PUMA,54677,27388,27289,52983,26150,26833,1694,1238,456,37891,17182,20709,37113,16662,20451,778,520,258,15993,9876,6117,15192,9158,6034,801,718,83,793,330,463,678,330,348,115,0,115
70,Jefferson & Lewis Counties PUMA,50218,28614,21604,48573,28151,20422,1645,463,1182,12937,6465,6472,12664,6417,6247,273,48,225,35152,20826,14326,33803,20411,13392,1349,415,934,2129,1323,806,2106,1323,783,23,0,23
71,Nassau County (West Central)--Hempstead Town (Northwest) PUMA,32740,17665,15075,31683,16686,14997,1057,979,78,17747,8327,9420,17597,8255,9342,150,72,78,13653,8618,5035,12746,7711,5035,907,907,0,1340,720,620,1340,720,620,0,0,0
72,Nassau County (Central)--Hempstead Town (North Central)--Meadowbrook Corridor PUMA,28062,11167,16895,27144,10609,16535,918,558,360,9692,3200,6492,9554,3062,6492,138,138,0,17282,7104,10178,16683,6865,9818,599,239,360,1088,863,225,907,682,225,181,181,0
73,Orange County (Northeast)--Greater Newburgh City PUMA,39654,20218,19436,37882,19434,18448,1772,784,988,13808,6348,7460,13750,6348,7402,58,0,58,23883,12773,11110,22212,12032,10180,1671,741,930,1963,1097,866,1920,1054,866,43,43,0
74,"NYC-Bronx Community District 11--Pelham Parkway, Morris Park & Laconia PUMA",33214,16970,16244,31745,16081,15664,1469,889,580,10618,3783,6835,10339,3689,6650,279,94,185,19960,11558,8402,18940,10933,8007,1020,625,395,2636,1629,1007,2466,1459,1007,170,170,0
75,"NYC-Queens Community District 12--Jamaica, Hollis & St. Albans PUMA",45516,20310,25206,43355,19203,24152,2161,1107,1054,12328,3041,9287,12328,3041,9287,0,0,0,29732,15509,14223,27901,14446,13455,1831,1063,768,3456,1760,1696,3126,1716,1410,330,44,286
76,Erie County (Central) PUMA,63213,32432,30781,61664,31706,29958,1549,726,823,22094,10798,11296,21568,10490,11078,526,308,218,38167,19712,18455,37347,19353,17994,820,359,461,2952,1922,1030,2749,1863,886,203,59,144
77,"NYC-Staten Island Community District 1--Port Richmond, Stapleton & Mariner's Harbor PUMA",41342,21178,20164,39142,19535,19607,2200,1643,557,17092,7832,9260,16761,7642,9119,331,190,141,21582,11552,10030,20660,10731,9929,922,821,101,2668,1794,874,1721,1162,559,947,632,315
78,"NYC-Brooklyn Community District 15--Sheepshead Bay, Gerritsen Beach & Homecrest PUMA",21081,11389,9692,20164,10612,9552,917,777,140,11254,5165,6089,10996,4941,6055,258,224,34,8256,5104,3152,7859,4813,3046,397,291,106,1571,1120,451,1309,858,451,262,262,0
79,"NYC-Bronx Community District 8--Riverdale, Fieldston & Kingsbridge PUMA",28090,14039,14051,25648,12399,13249,2442,1640,802,14906,5751,9155,13697,4938,8759,1209,813,396,10605,6765,3840,9696,6116,3580,909,649,260,2579,1523,1056,2255,1345,910,324,178,146
80,NYC-Brooklyn Community District 5--East New York & Starrett City PUMA,33119,15460,17659,30624,13689,16935,2495,1771,724,10152,3511,6641,10069,3511,6558,83,0,83,20508,10645,9863,18551,9006,9545,1957,1639,318,2459,1304,1155,2004,1172,832,455,132,323
81,Onondaga County (Central)--Syracuse City (Outer) PUMA,62105,31236,30869,60098,30502,29596,2007,734,1273,29628,13861,15767,29070,13721,15349,558,140,418,29668,15668,14000,28301,15074,13227,1367,594,773,2809,1707,1102,2727,1707,1020,82,0,82
82,"NYC-Manhattan Community District 6--Murray Hill, Gramercy & Stuyvesant Town PUMA",56917,30636,26281,56624,30432,26192,293,204,89,52674,27406,25268,52381,27202,25179,293,204,89,3829,2816,1013,3829,2816,1013,0,0,0,414,414,0,414,414,0,0,0,0
83,"Chenango, Delaware & Broome (East) Counties PUMA",38313,20060,18253,37235,19424,17811,1078,636,442,8302,3780,4522,8250,3780,4470,52,0,52,26743,14202,12541,25717,13566,12151,1026,636,390,3268,2078,1190,3268,2078,1190,0,0,0
84,Orange County (Northwest) PUMA,43919,22918,21001,42337,22437,19900,1582,481,1101,11439,4934,6505,10978,4934,6044,461,0,461,30838,17231,13607,30098,16938,13160,740,293,447,1642,753,889,1261,565,696,381,188,193
85,NYC-Brooklyn Community District 7--Sunset Park & Windsor Terrace PUMA,25329,12910,12419,23833,11774,12059,1496,1136,360,16085,7052,9033,15435,6687,8748,650,365,285,8109,5201,2908,7349,4516,2833,760,685,75,1135,657,478,1049,571,478,86,86,0
86,Nassau County (Northeast)--Oyster Bay Town (North) & Glen Cove City PUMA,31450,16728,14722,30441,15767,14674,1009,961,48,21065,11272,9793,20056,10311,9745,1009,961,48,9539,5032,4507,9539,5032,4507,0,0,0,846,424,422,846,424,422,0,0,0
87,Dutchess County (North & East) PUMA,43485,22863,20622,42544,22382,20162,941,481,460,21333,10011,11322,21113,9855,11258,220,156,64,20670,11986,8684,20103,11661,8442,567,325,242,1482,866,616,1328,866,462,154,0,154
88,Putnam County PUMA,36838,19290,17548,35458,18818,16640,1380,472,908,16130,8190,7940,15799,8075,7724,331,115,216,19590,10697,8893,18663,10462,8201,927,235,692,1118,403,715,996,281,715,122,122,0
89,Albany County (Outside Albany City) PUMA,69720,34422,35298,68451,33547,34904,1269,875,394,32948,13772,19176,32611,13634,18977,337,138,199,34648,18865,15783,33812,18186,15626,836,679,157,2124,1785,339,2028,1727,301,96,58,38
90,"NYC-Bronx Community District 10--Co-op City, Pelham Bay & Schuylerville PUMA",36046,18289,17757,32414,15672,16742,3632,2617,1015,12494,4642,7852,11986,4248,7738,508,394,114,22220,12529,9691,19586,10796,8790,2634,1733,901,1332,1118,214,842,628,214,490,490,0
91,NYC-Queens Community District 4--Elmhurst & South Corona PUMA,15156,8389,6767,14792,8223,6569,364,166,198,5359,2240,3119,5114,2193,2921,245,47,198,8807,5568,3239,8764,5525,3239,43,43,0,990,581,409,914,505,409,76,76,0
92,"NYC-Brooklyn Community District 12--Borough Park, Kensington & Ocean Parkway PUMA",24065,13748,10317,23188,13496,9692,877,252,625,9103,4502,4601,8838,4440,4398,265,62,203,13583,8121,5462,12971,7931,5040,612,190,422,1379,1125,254,1379,1125,254,0,0,0
93,Nassau County (Southeast)--Oyster Bay Town (South) PUMA,43216,21793,21423,42654,21512,21142,562,281,281,22286,10448,11838,22078,10448,11630,208,0,208,19717,10756,8961,19436,10548,8888,281,208,73,1213,589,624,1140,516,624,73,73,0
94,Suffolk County (Northwest)--Huntington Town (South) PUMA,32060,17214,14846,31382,16729,14653,678,485,193,19874,10415,9459,19484,10218,9266,390,197,193,11839,6593,5246,11551,6305,5246,288,288,0,347,206,141,347,206,141,0,0,0
95,Oswego County PUMA,46453,25365,21088,43940,23748,20192,2513,1617,896,10665,5314,5351,10589,5238,5351,76,76,0,31783,17319,14464,30293,16458,13835,1490,861,629,4005,2732,1273,3058,2052,1006,947,680,267
96,Rensselaer County--Troy City PUMA,64896,33520,31376,61758,32177,29581,3138,1343,1795,21788,10179,11609,21380,10033,11347,408,146,262,38981,20257,18724,36555,19323,17232,2426,934,1492,4127,3084,1043,3823,2821,1002,304,263,41
97,Saratoga County (Outer) PUMA,51972,28401,23571,50405,27160,23245,1567,1241,326,19201,9627,9574,19046,9535,9511,155,92,63,30232,16790,13442,29456,16277,13179,776,513,263,2539,1984,555,1903,1348,555,636,636,0
98,Herkimer (North & Central) & Oneida (Outer) Counties PUMA,43402,23065,20337,42564,22382,20182,838,683,155,10917,4543,6374,10809,4435,6374,108,108,0,29998,17034,12964,29407,16598,12809,591,436,155,2487,1488,999,2348,1349,999,139,139,0
99,Monroe County (East) PUMA,56991,29250,27741,56044,28662,27382,947,588,359,32157,15367,16790,31850,15149,16701,307,218,89,23913,13138,10775,23273,12768,10505,640,370,270,921,745,176,921,745,176,0,0,0
100,"NYC-Queens Community District 13--Queens Village, Cambria Heights & Rosedale PUMA",34256,17691,16565,31732,16263,15469,2524,1428,1096,13447,5849,7598,12978,5798,7180,469,51,418,19022,10839,8183,17267,9615,7652,1755,1224,531,1787,1003,784,1487,850,637,300,153,147
101,Erie County (South) PUMA,69261,34860,34401,67800,34190,33610,1461,670,791,29547,12592,16955,29215,12301,16914,332,291,41,37658,20503,17155,36529,20124,16405,1129,379,750,2056,1765,291,2056,1765,291,0,0,0
102,Monroe County (Central)--Greece & Gates Towns PUMA,48244,22821,25423,46944,22473,24471,1300,348,952,18452,8552,9900,18170,8270,9900,282,282,0,27832,13486,14346,26814,13420,13394,1018,66,952,1960,783,1177,1960,783,1177,0,0,0
103,NYC-Manhattan Community District 7--Upper West Side & West Side PUMA,66053,32749,33304,62627,30937,31690,3426,1812,1614,55849,26832,29017,53522,25916,27606,2327,916,1411,8750,5266,3484,8079,4798,3281,671,468,203,1454,651,803,1026,223,803,428,428,0
104,NYC-Manhattan Community District 11--East Harlem PUMA,29905,13684,16221,28851,13058,15793,1054,626,428,14932,5941,8991,14672,5808,8864,260,133,127,12052,5344,6708,11423,4851,6572,629,493,136,2921,2399,522,2756,2399,357,165,0,165
105,"NYC-Queens Community District 7--Flushing, Murray Hill & Whitestone PUMA",31003,17175,13828,29386,15894,13492,1617,1281,336,14987,7279,7708,14383,6879,7504,604,400,204,14123,8680,5443,13203,7892,5311,920,788,132,1893,1216,677,1800,1123,677,93,93,0
106,NYC-Brooklyn Community District 1--Greenpoint & Williamsburg PUMA,60392,34982,25410,59308,34318,24990,1084,664,420,44678,24697,19981,43869,24260,19609,809,437,372,12091,7528,4563,11816,7301,4515,275,227,48,3623,2757,866,3623,2757,866,0,0,0
107,Onondaga County (North) PUMA,50173,25593,24580,48268,24484,23784,1905,1109,796,22063,10435,11628,21300,9962,11338,763,473,290,27177,14686,12491,26114,14129,11985,1063,557,506,933,472,461,854,393,461,79,79,0
108,NYC-Brooklyn Community District 14--Flatbush & Midwood PUMA,31867,16354,15513,30651,15350,15301,1216,1004,212,17136,7623,9513,16591,7111,9480,545,512,33,12602,7097,5505,11931,6605,5326,671,492,179,2129,1634,495,2129,1634,495,0,0,0
109,"Rockland County (South)--Orangetown, Clarkstown (South) & Ramapo (Southeast) Towns PUMA",32842,17371,15471,31317,16713,14604,1525,658,867,19868,9668,10200,19043,9287,9756,825,381,444,12674,7403,5271,11980,7132,4848,694,271,423,300,300,0,294,294,0,6,6,0
110,NYC-Brooklyn Community District 13--Brighton Beach & Coney Island PUMA,10492,4858,5634,9033,4345,4688,1459,513,946,3935,2263,1672,3681,2160,1521,254,103,151,4776,2053,2723,4313,1885,2428,463,168,295,1781,542,1239,1039,300,739,742,242,500
111,"NYC-Bronx Community District 4--Concourse, Highbridge & Mount Eden PUMA",20987,11775,9212,19115,10338,8777,1872,1437,435,5471,1600,3871,5403,1600,3803,68,0,68,12486,7856,4630,11367,7104,4263,1119,752,367,3030,2319,711,2345,1634,711,685,685,0
112,Erie County (Northeast) PUMA,49919,26561,23358,47699,25389,22310,2220,1172,1048,23431,10997,12434,22735,10759,11976,696,238,458,25661,14737,10924,24137,13803,10334,1524,934,590,827,827,0,827,827,0,0,0,0
113,NYC-Brooklyn Community District 8--Crown Heights North & Prospect Heights PUMA,44561,18894,25667,43416,18390,25026,1145,504,641,29246,11869,17377,28738,11700,17038,508,169,339,12968,6354,6614,12477,6019,6458,491,335,156,2347,671,1676,2201,671,1530,146,0,146
114,NYC-Queens Community District 3--Jackson Heights & North Corona PUMA,22386,12182,10204,20886,11254,9632,1500,928,572,9541,4425,5116,9045,4136,4909,496,289,207,11748,6890,4858,10971,6478,4493,777,412,365,1097,867,230,870,640,230,227,227,0
115,Fulton & Montgomery Counties PUMA,38407,20385,18022,37452,19886,17566,955,499,456,8301,3802,4499,8165,3765,4400,136,37,99,26780,14431,12349,26035,14043,11992,745,388,357,3326,2152,1174,3252,2078,1174,74,74,0
116,Niagara County (Southwest)--Greater Niagara Falls & North Tonawanda Area PUMA,41568,19766,21802,40388,18833,21555,1180,933,247,11002,4795,6207,10472,4381,6091,530,414,116,27657,12771,14886,27323,12467,14856,334,304,30,2909,2200,709,2593,1985,608,316,215,101
117,"Steuben (North & West), Schuyler & Chemung (North) Counties PUMA",35609,19441,16168,33844,18408,15436,1765,1033,732,7712,2921,4791,7541,2842,4699,171,79,92,26063,15244,10819,24793,14432,10361,1270,812,458,1834,1276,558,1510,1134,376,324,142,182
118,NYC-Brooklyn Community District 4--Bushwick PUMA,37149,19588,17561,35855,18785,17070,1294,803,491,21850,10305,11545,21337,9990,11347,513,315,198,12327,7550,4777,11675,7191,4484,652,359,293,2972,1733,1239,2843,1604,1239,129,129,0
119,"NYC-Manhattan Community District 4 & 5--Chelsea, Clinton & Midtown Business District PUMA",63184,35214,27970,60519,33694,26825,2665,1520,1145,52126,28815,23311,51606,28500,23106,520,315,205,10497,6026,4471,8644,5113,3531,1853,913,940,561,373,188,269,81,188,292,292,0
120,"NYC-Brooklyn Community District 6--Park Slope, Carroll Gardens & Red Hook PUMA",50135,22713,27422,47819,21558,26261,2316,1155,1161,42053,17569,24484,40465,17056,23409,1588,513,1075,7237,4917,2320,6550,4275,2275,687,642,45,845,227,618,804,227,577,41,0,41
121,NYC-Brooklyn Community District 3--Bedford-Stuyvesant PUMA,47166,23797,23369,44445,21616,22829,2721,2181,540,25979,11919,14060,25274,11344,13930,705,575,130,19107,10689,8418,17501,9083,8418,1606,1606,0,2080,1189,891,1670,1189,481,410,0,410
122,NYC-Queens Community District 10--Howard Beach & Ozone Park PUMA,22932,12441,10491,21098,11604,9494,1834,837,997,9244,4083,5161,8741,3843,4898,503,240,263,12465,7722,4743,11277,7125,4152,1188,597,591,1223,636,587,1080,636,444,143,0,143
123,Suffolk County (Northwest)--Huntington Town (North) PUMA,37607,19404,18203,36433,18696,17737,1174,708,466,23912,11625,12287,23170,11167,12003,742,458,284,12437,6607,5830,12005,6357,5648,432,250,182,1258,1172,86,1258,1172,86,0,0,0
124,Orange County (Southeast) PUMA,40401,22757,17644,39379,22127,17252,1022,630,392,17825,8566,9259,17606,8399,9207,219,167,52,20246,12160,8086,19443,11697,7746,803,463,340,2330,2031,299,2330,2031,299,0,0,0
125,Nassau County (East Central)--Oyster Bay Town (Central) PUMA,31192,16105,15087,30955,16038,14917,237,67,170,20572,10158,10414,20426,10091,10335,146,67,79,10093,5650,4443,10002,5650,4352,91,0,91,527,297,230,527,297,230,0,0,0
126,Suffolk County (Northwest)--Smithtown Town PUMA,44850,23851,20999,44028,23266,20762,822,585,237,27708,13734,13974,27267,13508,13759,441,226,215,16653,9879,6774,16338,9586,6752,315,293,22,489,238,251,423,172,251,66,66,0
127,"NYC-Brooklyn Community District 17--East Flatbush, Farragut & Rugby PUMA",23692,11401,12291,22623,10801,11822,1069,600,469,11062,3553,7509,10679,3317,7362,383,236,147,11024,6912,4112,10475,6596,3879,549,316,233,1606,936,670,1469,888,581,137,48,89
128,"NYC-Bronx Community District 9--Castle Hill, Clason Point & Parkchester PUMA",39321,19151,20170,36022,17353,18669,3299,1798,1501,10430,4311,6119,9396,4064,5332,1034,247,787,24809,12778,12031,22837,11227,11610,1972,1551,421,4082,2062,2020,3789,2062,1727,293,0,293
129,NYC-Queens Community District 9--Richmond Hill & Woodhaven PUMA,22399,12125,10274,21619,11649,9970,780,476,304,9417,4528,4889,9202,4404,4798,215,124,91,12158,7257,4901,11676,6988,4688,482,269,213,824,340,484,741,257,484,83,83,0
130,Westchester County (Southwest)--Yonkers City PUMA,49536,25022,24514,47463,23867,23596,2073,1155,918,21575,9691,11884,21012,9518,11494,563,173,390,23710,12450,11260,22761,11859,10902,949,591,358,4251,2881,1370,3690,2490,1200,561,391,170
131,Broome (Outer West) & Tioga Counties PUMA,39750,21706,18044,37913,20375,17538,1837,1331,506,11604,5116,6488,11018,4787,6231,586,329,257,26193,15228,10965,25000,14284,10716,1193,944,249,1953,1362,591,1895,1304,591,58,58,0
132,NYC-Brooklyn Community District 10--Bay Ridge & Dyker Heights PUMA,27010,13643,13367,26125,12918,13207,885,725,160,17546,8172,9374,17120,7862,9258,426,310,116,8610,4766,3844,8151,4351,3800,459,415,44,854,705,149,854,705,149,0,0,0
133,"NYC-Queens Community District 5--Ridgewood, Glendale & Middle Village PUMA",41654,22195,19459,39781,20933,18848,1873,1262,611,17216,8217,8999,16812,7918,8894,404,299,105,21834,11869,9965,20420,10961,9459,1414,908,506,2604,2109,495,2549,2054,495,55,55,0
134,NYC-Manhattan Community District 10--Central Harlem PUMA,43645,20129,23516,41380,18774,22606,2265,1355,910,25228,11815,13413,24720,11513,13207,508,302,206,15700,7317,8383,14478,6649,7829,1222,668,554,2717,997,1720,2182,612,1570,535,385,150
135,"NYC-Queens Community District 11--Bayside, Douglaston & Little Neck PUMA",21231,11590,9641,20538,10897,9641,693,693,0,12492,6156,6336,12231,5895,6336,261,261,0,8526,5272,3254,8094,4840,3254,432,432,0,213,162,51,213,162,51,0,0,0
136,Erie County (Northwest) PUMA,42990,23144,19846,41511,22041,19470,1479,1103,376,19501,9115,10386,18789,8575,10214,712,540,172,22081,12993,9088,21314,12430,8884,767,563,204,1408,1036,372,1408,1036,372,0,0,0
137,NYC-Queens Community District 2--Sunnyside & Woodside PUMA,26102,14884,11218,25066,14356,10710,1036,528,508,18320,9889,8431,17670,9588,8082,650,301,349,7040,4454,2586,6654,4227,2427,386,227,159,742,541,201,742,541,201,0,0,0
138,Suffolk County (Southwest)--Babylon Town (Southeast) PUMA,35338,18723,16615,33988,17905,16083,1350,818,532,12451,5304,7147,11841,5030,6811,610,274,336,22363,13201,9162,21623,12657,8966,740,544,196,524,218,306,524,218,306,0,0,0
139,"NYC-Staten Island Community District 3--Tottenville, Great Kills & Annadale PUMA",49016,25765,23251,47631,24951,22680,1385,814,571,21904,10386,11518,21195,9960,11235,709,426,283,26458,15004,11454,25782,14616,11166,676,388,288,654,375,279,654,375,279,0,0,0
140,Nassau County (West Central)--Hempstead Town (West Central) PUMA,35338,19723,15615,34266,19136,15130,1072,587,485,18415,8585,9830,18192,8504,9688,223,81,142,16298,10531,5767,15449,10025,5424,849,506,343,625,607,18,625,607,18,0,0,0
141,Nassau County (Central)--Hempstead Town (Northeast) PUMA,37141,18064,19077,36405,17724,18681,736,340,396,17121,6956,10165,16897,6956,9941,224,0,224,19410,10615,8795,19077,10337,8740,333,278,55,610,493,117,431,431,0,179,62,117
142,Nassau County (Southwest)--Hempstead Town (Southwest) & Long Beach City PUMA,31965,18348,13617,30707,17673,13034,1258,675,583,19528,11748,7780,19000,11516,7484,528,232,296,12004,6281,5723,11274,5838,5436,730,443,287,433,319,114,433,319,114,0,0,0
143,NYC-Brooklyn Community District 11--Bensonhurst & Bath Beach PUMA,23298,12304,10994,21884,11394,10490,1414,910,504,10903,5203,5700,10589,5004,5585,314,199,115,11304,6581,4723,10240,5870,4370,1064,711,353,1091,520,571,1055,520,535,36,0,36
144,Nassau County (South Central)--Hempstead Town (Southeast) PUMA,34960,17461,17499,34191,16986,17205,769,475,294,20097,9050,11047,19769,8722,11047,328,328,0,14432,7980,6452,13991,7833,6158,441,147,294,431,431,0,431,431,0,0,0,0
145,Nassau County (West Central)--North Hempstead Town (South) PUMA,30999,15799,15200,29799,14873,14926,1200,926,274,17919,8700,9219,17656,8658,8998,263,42,221,12723,7099,5624,11786,6215,5571,937,884,53,357,0,357,357,0,357,0,0,0
146,Capital Region,409912,208992,200920,394383,200607,193776,15529,8385,7144,165155,74986,90169,162890,74114,88776,2265,872,1393,225998,121906,104092,215497,116153,99344,10501,5753,4748,18759,12100,6659,15996,10340,5656,2763,1760,1003
147,Central NY,281602,146044,135558,269457,139116,130341,12145,6928,5217,100485,46212,54273,98381,45372,53009,2104,840,1264,165715,89942,75773,157904,85172,72732,7811,4770,3041,15402,9890,5512,13172,8572,4600,2230,1318,912
148,Finger Lakes,456799,233433,223366,440314,223393,216921,16485,10040,6445,181954,83149,98805,178631,80807,97824,3323,2342,981,253603,137375,116228,243314,131094,112220,10289,6281,4008,21242,12909,8333,18369,11492,6877,2873,1417,1456
149,Long Island,896474,468503,427971,869270,451706,417564,27204,16797,10407,456273,216595,239678,446450,211188,235262,9823,5407,4416,418640,237595,181045,402628,227097,175531,16012,10498,5514,21561,14313,7248,20192,13421,6771,1369,892,477
150,Mid-Hudson,703751,368938,334813,677841,356575,321266,25910,12363,13547,342410,162938,179472,333320,159293,174027,9090,3645,5445,334677,188944,145733,319771,181314,138457,14906,7630,7276,26664,17056,9608,24750,15968,8782,1914,1088,826
151,Mohawk Valley,172208,91406,80802,167794,88146,79648,4414,3260,1154,48994,22444,26550,48225,22013,26212,769,431,338,113206,62332,50874,110033,59975,50058,3173,2357,816,10008,6630,3378,9536,6158,3378,472,472,0
152,New York City,1958161,979923,978238,1854252,919596,934656,103909,60327,43582,1116792,513570,603222,1081760,496306,585454,35032,17264,17768,742645,409148,333497,689480,374773,314707,53165,34375,18790,98724,57205,41519,83012,48517,34495,15712,8688,7024
153,North Country,147182,80219,66963,142576,77998,64578,4606,2221,2385,41712,18018,23694,40769,17494,23275,943,524,419,99234,58323,40911,95982,56968,39014,3252,1355,1897,6236,3878,2358,5825,3536,2289,411,342,69
154,Southern Tier,220536,114765,105771,210455,108069,102386,10081,6696,3385,71793,32800,38993,70093,31815,38278,1700,985,715,136966,73960,63006,129651,69055,60596,7315,4905,2410,11777,8005,3772,10711,7199,3512,1066,806,260
155,Western NY,527213,267265,259948,508236,256244,251992,18977,11021,7956,199207,89544,109663,194447,86791,107656,4760,2753,2007,303964,161635,142329,291246,154277,136969,12718,7358,5360,24042,16086,7956,22543,15176,7367,1499,910,589
