,puma,Total_geo,Total_geo_m,Total_geo_f,Total_FT_mf_t,Total_FT_m,Total_FT_f,Total_PT_mf_t,Total_PT_m,Total_PT_f,Total_BABS,Total_BABS_m,Total_BABS_f,BABS_FT_mf_t,BABS_FT_m,BABS_FT_f,BABS_PT_mf_t,BABS_PT_m,BABS_PT_f,Total_HS,Total_HS_m,Total_HS_f,HS_FT_mf_t,HS_FT_m,HS_FT_f,HS_PT_mf_t,HS_PT_m,HS_PT_f,Total_HSINC,Total_HSINC_m,Total_HSINC_f,HSINC_FT_mf_t,HSINC_FT_m,HSINC_FT_f,HSINC_PT_mf_t,HSINC_PT_m,HSINC_PT_f
0,Total Geo,192107,104823,87284,158076,93930,64146,34031,10893,23138,51497,24279,27218,43071,21116,21955,8426,3163,5263,108303,59825,48478,87825,53002,34823,20478,6823,13655,32307,20719,11588,27180,19812,7368,5127,907,4220
1,"NYC-Manhattan Community District 9--Hamilton Heights, Manhattanville & West Harlem PUMA",1259,462,797,733,401,332,526,61,465,797,199,598,333,138,195,464,61,403,462,263,199,400,263,137,62,0,62,0,0,0,0,0,0,0,0,0
2,Ulster County (East) PUMA,674,100,574,364,100,264,310,0,310,204,17,187,204,17,187,0,0,0,77,0,77,77,0,77,0,0,0,393,83,310,83,83,0,310,0,310
3,Albany County (East Central)--Albany City PUMA,0,0,0,0,0,0,0,0,0,0,0,0,0,0,0,0,0,0,0,0,0,0,0,0,0,0,0,0,0,0,0,0,0,0,0,0
4,Chemung (South) & Steuben (East) Counties--Greater Elmira & Greater Corning Cities PUMA,0,0,0,0,0,0,0,0,0,0,0,0,0,0,0,0,0,0,0,0,0,0,0,0,0,0,0,0,0,0,0,0,0,0,0,0
5,Ontario & Yates Counties PUMA,176,0,176,0,0,0,176,0,176,176,0,176,0,0,0,176,0,176,0,0,0,0,0,0,0,0,0,0,0,0,0,0,0,0,0,0
6,Suffolk County (North Central)--Brookhaven Town (North) PUMA,508,102,406,235,102,133,273,0,273,102,102,0,102,102,0,0,0,0,406,0,406,133,0,133,273,0,273,0,0,0,0,0,0,0,0,0
7,Westchester County (South Central)--New Rochelle & Mount Vernon Cities PUMA,3152,2168,984,2581,1971,610,571,197,374,883,823,60,883,823,60,0,0,0,1823,977,846,1252,780,472,571,197,374,446,368,78,446,368,78,0,0,0
8,"Clinton, Franklin, Essex & Hamilton Counties PUMA",0,0,0,0,0,0,0,0,0,0,0,0,0,0,0,0,0,0,0,0,0,0,0,0,0,0,0,0,0,0,0,0,0,0,0,0
9,Oneida County (Central)--Greater Utica & Rome Cities PUMA,46,0,46,0,0,0,46,0,46,0,0,0,0,0,0,0,0,0,46,0,46,0,0,0,46,0,46,0,0,0,0,0,0,0,0,0
10,"NYC-Bronx Community District 3 & 6--Belmont, Crotona Park East & East Tremont PUMA",2059,1357,702,985,884,101,1074,473,601,946,946,0,586,586,0,360,360,0,512,411,101,399,298,101,113,113,0,601,0,601,0,0,0,601,0,601
11,Livingston & Wyoming Counties PUMA,21,21,0,21,21,0,0,0,0,0,0,0,0,0,0,0,0,0,0,0,0,0,0,0,0,0,0,21,21,0,21,21,0,0,0,0
12,NYC-Manhattan Community District 3--Chinatown & Lower East Side PUMA,430,430,0,273,273,0,157,157,0,157,157,0,0,0,0,157,157,0,273,273,0,273,273,0,0,0,0,0,0,0,0,0,0,0,0,0
13,Suffolk County (West Central)--Babylon Town (Northwest) PUMA,2248,1302,946,1274,984,290,974,318,656,478,166,312,166,166,0,312,0,312,496,363,133,496,363,133,0,0,0,1274,773,501,612,455,157,662,318,344
14,Broome County (West Central)--Greater Binghamton City & Greater Johnson City Village PUMA,61,61,0,0,0,0,61,61,0,0,0,0,0,0,0,0,0,0,61,61,0,0,0,0,61,61,0,0,0,0,0,0,0,0,0,0
15,Nassau County (Northwest)--North Hempstead Town (North) PUMA,1334,702,632,1240,702,538,94,0,94,347,220,127,347,220,127,0,0,0,561,197,364,561,197,364,0,0,0,426,285,141,332,285,47,94,0,94
16,Monroe County (Central)--Rochester City (East) PUMA,243,0,243,243,0,243,0,0,0,0,0,0,0,0,0,0,0,0,0,0,0,0,0,0,0,0,0,243,0,243,243,0,243,0,0,0
17,Westchester County (Northwest) PUMA,2264,849,1415,1432,488,944,832,361,471,380,153,227,224,153,71,156,0,156,1514,495,1019,838,134,704,676,361,315,370,201,169,370,201,169,0,0,0
18,NYC-Brooklyn Community District 16--Brownsville & Ocean Hill PUMA,898,898,0,898,898,0,0,0,0,570,570,0,570,570,0,0,0,0,186,186,0,186,186,0,0,0,0,142,142,0,142,142,0,0,0,0
19,Onondaga County (Central)--Syracuse City PUMA,175,110,65,175,110,65,0,0,0,65,0,65,65,0,65,0,0,0,110,110,0,110,110,0,0,0,0,0,0,0,0,0,0,0,0,0
20,Westchester County (Northeast) PUMA,884,313,571,685,313,372,199,0,199,295,0,295,295,0,295,0,0,0,414,138,276,215,138,77,199,0,199,175,175,0,175,175,0,0,0,0
21,Madison & Cortland Counties PUMA,0,0,0,0,0,0,0,0,0,0,0,0,0,0,0,0,0,0,0,0,0,0,0,0,0,0,0,0,0,0,0,0,0,0,0,0
22,Erie County (West Central)--Buffalo City (West) PUMA,0,0,0,0,0,0,0,0,0,0,0,0,0,0,0,0,0,0,0,0,0,0,0,0,0,0,0,0,0,0,0,0,0,0,0,0
23,Monroe County (Central)--Rochester City (West) PUMA,393,393,0,60,60,0,333,333,0,0,0,0,0,0,0,0,0,0,393,393,0,60,60,0,333,333,0,0,0,0,0,0,0,0,0,0
24,Suffolk County (Central)--Islip Town (East) PUMA,538,94,444,467,94,373,71,0,71,357,0,357,286,0,286,71,0,71,181,94,87,181,94,87,0,0,0,0,0,0,0,0,0,0,0,0
25,Nassau County (Central)--Hempstead Town (East Central) PUMA,431,186,245,220,87,133,211,99,112,344,99,245,133,0,133,211,99,112,0,0,0,0,0,0,0,0,0,87,87,0,87,87,0,0,0,0
26,"NYC-Bronx Community District 5--Morris Heights, Fordham South & Mount Hope PUMA",1391,543,848,792,345,447,599,198,401,192,0,192,118,0,118,74,0,74,1199,543,656,674,345,329,525,198,327,0,0,0,0,0,0,0,0,0
27,St. Lawrence County PUMA,0,0,0,0,0,0,0,0,0,0,0,0,0,0,0,0,0,0,0,0,0,0,0,0,0,0,0,0,0,0,0,0,0,0,0,0
28,Columbia & Greene Counties PUMA,64,40,24,40,40,0,24,0,24,40,40,0,40,40,0,0,0,0,24,0,24,0,0,0,24,0,24,0,0,0,0,0,0,0,0,0
29,NYC-Brooklyn Community District 2--Brooklyn Heights & Fort Greene PUMA,920,594,326,909,583,326,11,11,0,753,518,235,753,518,235,0,0,0,156,65,91,156,65,91,0,0,0,11,11,0,0,0,0,11,11,0
30,"NYC-Queens Community District 8--Briarwood, Fresh Meadows & Hillcrest PUMA",1826,885,941,770,367,403,1056,518,538,231,231,0,0,0,0,231,231,0,1501,654,847,676,367,309,825,287,538,94,0,94,94,0,94,0,0,0
31,Monroe County (North & West) PUMA,0,0,0,0,0,0,0,0,0,0,0,0,0,0,0,0,0,0,0,0,0,0,0,0,0,0,0,0,0,0,0,0,0,0,0,0
32,Schenectady County--Schenectady City PUMA,900,557,343,900,557,343,0,0,0,0,0,0,0,0,0,0,0,0,900,557,343,900,557,343,0,0,0,0,0,0,0,0,0,0,0,0
33,"Rockland County (West)--Spring Valley, Suffern Villages & Monsey PUMA",990,515,475,723,515,208,267,0,267,663,455,208,663,455,208,0,0,0,327,60,267,60,60,0,267,0,267,0,0,0,0,0,0,0,0,0
34,Niagara County (North & East) PUMA,0,0,0,0,0,0,0,0,0,0,0,0,0,0,0,0,0,0,0,0,0,0,0,0,0,0,0,0,0,0,0,0,0,0,0,0
35,Suffolk County (Central)--Brookhaven Town (Central) PUMA,1730,1434,296,1730,1434,296,0,0,0,309,309,0,309,309,0,0,0,0,1170,1125,45,1170,1125,45,0,0,0,251,0,251,251,0,251,0,0,0
36,Suffolk County (East) PUMA,5862,3136,2726,4445,2640,1805,1417,496,921,413,151,262,413,151,262,0,0,0,3822,2003,1819,2530,1507,1023,1292,496,796,1627,982,645,1502,982,520,125,0,125
37,Warren & Washington Counties PUMA,0,0,0,0,0,0,0,0,0,0,0,0,0,0,0,0,0,0,0,0,0,0,0,0,0,0,0,0,0,0,0,0,0,0,0,0
38,NYC-Queens Community District 6--Forest Hills & Rego Park PUMA,1459,590,869,1402,533,869,57,57,0,953,394,559,953,394,559,0,0,0,506,196,310,449,139,310,57,57,0,0,0,0,0,0,0,0,0,0
39,"NYC-Brooklyn Community District 9--Crown Heights South, Prospect Lefferts & Wingate PUMA",301,138,163,0,0,0,301,138,163,138,138,0,0,0,0,138,138,0,0,0,0,0,0,0,0,0,0,163,0,163,0,0,0,163,0,163
40,Westchester County (Central)--White Plains City PUMA,2249,933,1316,1617,740,877,632,193,439,991,453,538,854,453,401,137,0,137,869,480,389,576,287,289,293,193,100,389,0,389,187,0,187,202,0,202
41,"NYC-Bronx Community District 1 & 2--Hunts Point, Longwood & Melrose PUMA",1455,846,609,1009,710,299,446,136,310,157,114,43,157,114,43,0,0,0,851,470,381,590,334,256,261,136,125,447,262,185,262,262,0,185,0,185
42,Erie County (North Central) PUMA,78,0,78,78,0,78,0,0,0,78,0,78,78,0,78,0,0,0,0,0,0,0,0,0,0,0,0,0,0,0,0,0,0,0,0,0
43,Chautauqua County PUMA,305,130,175,230,55,175,75,75,0,175,0,175,175,0,175,0,0,0,75,75,0,0,0,0,75,75,0,55,55,0,55,55,0,0,0,0
44,Dutchess County (Southwest) PUMA,2474,1306,1168,2064,1121,943,410,185,225,490,129,361,376,129,247,114,0,114,1693,1111,582,1508,926,582,185,185,0,291,66,225,180,66,114,111,0,111
45,Westchester County (Southeast) PUMA,2894,1700,1194,2545,1700,845,349,0,349,1007,310,697,846,310,536,161,0,161,1819,1322,497,1631,1322,309,188,0,188,68,68,0,68,68,0,0,0,0
46,Rockland County (North)--New City & Congers PUMA,1386,700,686,1079,700,379,307,0,307,448,236,212,347,236,111,101,0,101,809,390,419,658,390,268,151,0,151,129,74,55,74,74,0,55,0,55
47,NYC-Staten Island Community District 2--New Springville & South Beach PUMA,1183,615,568,688,405,283,495,210,285,545,405,140,545,405,140,0,0,0,638,210,428,143,0,143,495,210,285,0,0,0,0,0,0,0,0,0
48,Suffolk County (Southwest)--Islip Town (South) PUMA,641,641,0,641,641,0,0,0,0,209,209,0,209,209,0,0,0,0,432,432,0,432,432,0,0,0,0,0,0,0,0,0,0,0,0,0
49,Erie County (West Central)--Buffalo City (East) PUMA,49,49,0,49,49,0,0,0,0,0,0,0,0,0,0,0,0,0,49,49,0,49,49,0,0,0,0,0,0,0,0,0,0,0,0,0
50,Wayne & Seneca Counties PUMA,240,0,240,240,0,240,0,0,0,0,0,0,0,0,0,0,0,0,240,0,240,240,0,240,0,0,0,0,0,0,0,0,0,0,0,0
51,Monroe County (South) PUMA,691,359,332,547,270,277,144,89,55,570,293,277,481,204,277,89,89,0,55,0,55,0,0,0,55,0,55,66,66,0,66,66,0,0,0,0
52,Tompkins County PUMA,27,27,0,27,27,0,0,0,0,27,27,0,27,27,0,0,0,0,0,0,0,0,0,0,0,0,0,0,0,0,0,0,0,0,0,0
53,Suffolk County (South Central)--Brookhaven Town (South) PUMA,4242,1854,2388,4002,1854,2148,240,0,240,0,0,0,0,0,0,0,0,0,2219,472,1747,1979,472,1507,240,0,240,2023,1382,641,2023,1382,641,0,0,0
54,"Otsego, Schoharie, Oneida (South) & Herkimer (South) Counties PUMA",0,0,0,0,0,0,0,0,0,0,0,0,0,0,0,0,0,0,0,0,0,0,0,0,0,0,0,0,0,0,0,0,0,0,0,0
55,NYC-Manhattan Community District 8--Upper East Side PUMA,1435,362,1073,816,313,503,619,49,570,1386,313,1073,816,313,503,570,0,570,49,49,0,0,0,0,49,49,0,0,0,0,0,0,0,0,0,0
56,"NYC-Manhattan Community District 1 & 2--Battery Park City, Greenwich Village & Soho PUMA",1139,127,1012,885,127,758,254,0,254,1139,127,1012,885,127,758,254,0,254,0,0,0,0,0,0,0,0,0,0,0,0,0,0,0,0,0,0
57,"NYC-Manhattan Community District 12--Washington Heights, Inwood & Marble Hill PUMA",5324,3707,1617,4047,2743,1304,1277,964,313,1116,759,357,841,557,284,275,202,73,2803,1650,1153,1952,1039,913,851,611,240,1405,1298,107,1254,1147,107,151,151,0
58,NYC-Brooklyn Community District 18--Canarsie & Flatlands PUMA,84,45,39,84,45,39,0,0,0,39,0,39,39,0,39,0,0,0,45,45,0,45,45,0,0,0,0,0,0,0,0,0,0,0,0,0
59,"NYC-Bronx Community District 12--Wakefield, Williamsbridge & Woodlawn PUMA",703,357,346,660,357,303,43,0,43,51,0,51,51,0,51,0,0,0,431,179,252,431,179,252,0,0,0,221,178,43,178,178,0,43,0,43
60,Suffolk County (Central)--Islip Town (Northwest) PUMA,13073,7887,5186,11819,7335,4484,1254,552,702,1453,829,624,1327,703,624,126,126,0,8954,5459,3495,7949,5033,2916,1005,426,579,2666,1599,1067,2543,1599,944,123,0,123
61,"NYC-Queens Community District 14--Far Rockaway, Breezy Point & Broad Channel PUMA",1253,121,1132,679,121,558,574,0,574,0,0,0,0,0,0,0,0,0,796,121,675,222,121,101,574,0,574,457,0,457,457,0,457,0,0,0
62,Saratoga County (South & Central) PUMA,0,0,0,0,0,0,0,0,0,0,0,0,0,0,0,0,0,0,0,0,0,0,0,0,0,0,0,0,0,0,0,0,0,0,0,0
63,Cattaraugus & Allegany Counties PUMA,16,0,16,16,0,16,0,0,0,0,0,0,0,0,0,0,0,0,16,0,16,16,0,16,0,0,0,0,0,0,0,0,0,0,0,0
64,Genesee & Orleans Counties PUMA,43,43,0,43,43,0,0,0,0,0,0,0,0,0,0,0,0,0,43,43,0,43,43,0,0,0,0,0,0,0,0,0,0,0,0,0
65,Cayuga & Onondaga (South) Counties PUMA,364,138,226,292,138,154,72,0,72,0,0,0,0,0,0,0,0,0,331,105,226,259,105,154,72,0,72,33,33,0,33,33,0,0,0,0
66,Sullivan & Ulster (West) Counties PUMA,1054,769,285,871,586,285,183,183,0,202,0,202,202,0,202,0,0,0,518,435,83,335,252,83,183,183,0,334,334,0,334,334,0,0,0,0
67,"NYC-Bronx Community District 7--Bedford Park, Fordham North & Norwood PUMA",2080,1089,991,1392,946,446,688,143,545,589,143,446,446,0,446,143,143,0,1224,946,278,946,946,0,278,0,278,267,0,267,0,0,0,267,0,267
68,Suffolk County (Central)--Brookhaven Town (West Central) PUMA,2057,1171,886,1937,1171,766,120,0,120,438,62,376,318,62,256,120,0,120,1007,732,275,1007,732,275,0,0,0,612,377,235,612,377,235,0,0,0
69,NYC-Queens Community District 1--Astoria & Long Island City PUMA,2771,1755,1016,2087,1447,640,684,308,376,1005,741,264,951,741,210,54,0,54,1374,726,648,885,559,326,489,167,322,392,288,104,251,147,104,141,141,0
70,Jefferson & Lewis Counties PUMA,286,0,286,0,0,0,286,0,286,0,0,0,0,0,0,0,0,0,286,0,286,0,0,0,286,0,286,0,0,0,0,0,0,0,0,0
71,Nassau County (West Central)--Hempstead Town (Northwest) PUMA,1340,432,908,1167,432,735,173,0,173,662,132,530,662,132,530,0,0,0,574,300,274,401,300,101,173,0,173,104,0,104,104,0,104,0,0,0
72,Nassau County (Central)--Hempstead Town (North Central)--Meadowbrook Corridor PUMA,4589,2225,2364,4589,2225,2364,0,0,0,598,346,252,598,346,252,0,0,0,2778,873,1905,2778,873,1905,0,0,0,1213,1006,207,1213,1006,207,0,0,0
73,Orange County (Northeast)--Greater Newburgh City PUMA,1314,606,708,1095,551,544,219,55,164,406,0,406,406,0,406,0,0,0,908,606,302,689,551,138,219,55,164,0,0,0,0,0,0,0,0,0
74,"NYC-Bronx Community District 11--Pelham Parkway, Morris Park & Laconia PUMA",891,343,548,694,343,351,197,0,197,269,47,222,269,47,222,0,0,0,497,171,326,300,171,129,197,0,197,125,125,0,125,125,0,0,0,0
75,"NYC-Queens Community District 12--Jamaica, Hollis & St. Albans PUMA",1219,694,525,1134,609,525,85,85,0,75,39,36,75,39,36,0,0,0,941,492,449,941,492,449,0,0,0,203,163,40,118,78,40,85,85,0
76,Erie County (Central) PUMA,0,0,0,0,0,0,0,0,0,0,0,0,0,0,0,0,0,0,0,0,0,0,0,0,0,0,0,0,0,0,0,0,0,0,0,0
77,"NYC-Staten Island Community District 1--Port Richmond, Stapleton & Mariner's Harbor PUMA",2635,1833,802,2170,1758,412,465,75,390,709,254,455,502,254,248,207,0,207,1273,997,276,1086,922,164,187,75,112,653,582,71,582,582,0,71,0,71
78,"NYC-Brooklyn Community District 15--Sheepshead Bay, Gerritsen Beach & Homecrest PUMA",916,282,634,839,282,557,77,0,77,430,122,308,353,122,231,77,0,77,486,160,326,486,160,326,0,0,0,0,0,0,0,0,0,0,0,0
79,"NYC-Bronx Community District 8--Riverdale, Fieldston & Kingsbridge PUMA",927,454,473,519,273,246,408,181,227,595,454,141,414,273,141,181,181,0,332,0,332,105,0,105,227,0,227,0,0,0,0,0,0,0,0,0
80,NYC-Brooklyn Community District 5--East New York & Starrett City PUMA,8794,4516,4278,8042,4244,3798,752,272,480,808,202,606,808,202,606,0,0,0,7390,3892,3498,6638,3620,3018,752,272,480,596,422,174,596,422,174,0,0,0
81,Onondaga County (Central)--Syracuse City (Outer) PUMA,365,138,227,365,138,227,0,0,0,335,108,227,335,108,227,0,0,0,30,30,0,30,30,0,0,0,0,0,0,0,0,0,0,0,0,0
82,"NYC-Manhattan Community District 6--Murray Hill, Gramercy & Stuyvesant Town PUMA",1537,1014,523,1477,1014,463,60,0,60,1015,552,463,1015,552,463,0,0,0,462,462,0,462,462,0,0,0,0,60,0,60,0,0,0,60,0,60
83,"Chenango, Delaware & Broome (East) Counties PUMA",0,0,0,0,0,0,0,0,0,0,0,0,0,0,0,0,0,0,0,0,0,0,0,0,0,0,0,0,0,0,0,0,0,0,0,0
84,Orange County (Northwest) PUMA,1803,1109,694,1433,1109,324,370,0,370,93,0,93,93,0,93,0,0,0,1710,1109,601,1340,1109,231,370,0,370,0,0,0,0,0,0,0,0,0
85,NYC-Brooklyn Community District 7--Sunset Park & Windsor Terrace PUMA,898,448,450,767,377,390,131,71,60,277,186,91,277,186,91,0,0,0,356,100,256,296,100,196,60,0,60,265,162,103,194,91,103,71,71,0
86,Nassau County (Northeast)--Oyster Bay Town (North) & Glen Cove City PUMA,477,415,62,415,415,0,62,0,62,143,143,0,143,143,0,0,0,0,334,272,62,272,272,0,62,0,62,0,0,0,0,0,0,0,0,0
87,Dutchess County (North & East) PUMA,548,302,246,320,237,83,228,65,163,65,65,0,0,0,0,65,65,0,275,110,165,193,110,83,82,0,82,208,127,81,127,127,0,81,0,81
88,Putnam County PUMA,939,345,594,907,345,562,32,0,32,559,40,519,527,40,487,32,0,32,173,98,75,173,98,75,0,0,0,207,207,0,207,207,0,0,0,0
89,Albany County (Outside Albany City) PUMA,441,0,441,441,0,441,0,0,0,303,0,303,303,0,303,0,0,0,138,0,138,138,0,138,0,0,0,0,0,0,0,0,0,0,0,0
90,"NYC-Bronx Community District 10--Co-op City, Pelham Bay & Schuylerville PUMA",892,450,442,838,450,388,54,0,54,43,0,43,43,0,43,0,0,0,789,390,399,735,390,345,54,0,54,60,60,0,60,60,0,0,0,0
91,NYC-Queens Community District 4--Elmhurst & South Corona PUMA,4985,3262,1723,3813,2828,985,1172,434,738,719,628,91,387,387,0,332,241,91,3581,2095,1486,2887,1902,985,694,193,501,685,539,146,539,539,0,146,0,146
92,"NYC-Brooklyn Community District 12--Borough Park, Kensington & Ocean Parkway PUMA",1233,901,332,887,730,157,346,171,175,114,114,0,0,0,0,114,114,0,524,265,259,349,265,84,175,0,175,595,522,73,538,465,73,57,57,0
93,Nassau County (Southeast)--Oyster Bay Town (South) PUMA,232,151,81,232,151,81,0,0,0,81,0,81,81,0,81,0,0,0,151,151,0,151,151,0,0,0,0,0,0,0,0,0,0,0,0,0
94,Suffolk County (Northwest)--Huntington Town (South) PUMA,887,259,628,715,259,456,172,0,172,401,154,247,229,154,75,172,0,172,381,0,381,381,0,381,0,0,0,105,105,0,105,105,0,0,0,0
95,Oswego County PUMA,0,0,0,0,0,0,0,0,0,0,0,0,0,0,0,0,0,0,0,0,0,0,0,0,0,0,0,0,0,0,0,0,0,0,0,0
96,Rensselaer County--Troy City PUMA,167,62,105,167,62,105,0,0,0,167,62,105,167,62,105,0,0,0,0,0,0,0,0,0,0,0,0,0,0,0,0,0,0,0,0,0
97,Saratoga County (Outer) PUMA,146,0,146,146,0,146,0,0,0,0,0,0,0,0,0,0,0,0,146,0,146,146,0,146,0,0,0,0,0,0,0,0,0,0,0,0
98,Herkimer (North & Central) & Oneida (Outer) Counties PUMA,0,0,0,0,0,0,0,0,0,0,0,0,0,0,0,0,0,0,0,0,0,0,0,0,0,0,0,0,0,0,0,0,0,0,0,0
99,Monroe County (East) PUMA,135,69,66,69,69,0,66,0,66,69,69,0,69,69,0,0,0,0,66,0,66,0,0,0,66,0,66,0,0,0,0,0,0,0,0,0
100,"NYC-Queens Community District 13--Queens Village, Cambria Heights & Rosedale PUMA",1658,598,1060,1405,598,807,253,0,253,62,0,62,62,0,62,0,0,0,1517,598,919,1264,598,666,253,0,253,79,0,79,79,0,79,0,0,0
101,Erie County (South) PUMA,0,0,0,0,0,0,0,0,0,0,0,0,0,0,0,0,0,0,0,0,0,0,0,0,0,0,0,0,0,0,0,0,0,0,0,0
102,Monroe County (Central)--Greece & Gates Towns PUMA,247,206,41,247,206,41,0,0,0,140,99,41,140,99,41,0,0,0,107,107,0,107,107,0,0,0,0,0,0,0,0,0,0,0,0,0
103,NYC-Manhattan Community District 7--Upper West Side & West Side PUMA,2401,1390,1011,2290,1390,900,111,0,111,1690,902,788,1690,902,788,0,0,0,600,488,112,600,488,112,0,0,0,111,0,111,0,0,0,111,0,111
104,NYC-Manhattan Community District 11--East Harlem PUMA,2205,1277,928,1613,895,718,592,382,210,927,238,689,717,238,479,210,0,210,944,705,239,562,323,239,382,382,0,334,334,0,334,334,0,0,0,0
105,"NYC-Queens Community District 7--Flushing, Murray Hill & Whitestone PUMA",3017,1469,1548,2449,1124,1325,568,345,223,664,467,197,282,122,160,382,345,37,1962,819,1143,1776,819,957,186,0,186,391,183,208,391,183,208,0,0,0
106,NYC-Brooklyn Community District 1--Greenpoint & Williamsburg PUMA,2160,640,1520,1577,535,1042,583,105,478,1275,268,1007,812,163,649,463,105,358,612,372,240,612,372,240,0,0,0,273,0,273,153,0,153,120,0,120
107,Onondaga County (North) PUMA,228,228,0,228,228,0,0,0,0,89,89,0,89,89,0,0,0,0,0,0,0,0,0,0,0,0,0,139,139,0,139,139,0,0,0,0
108,NYC-Brooklyn Community District 14--Flatbush & Midwood PUMA,427,142,285,427,142,285,0,0,0,135,0,135,135,0,135,0,0,0,218,142,76,218,142,76,0,0,0,74,0,74,74,0,74,0,0,0
109,"Rockland County (South)--Orangetown, Clarkstown (South) & Ramapo (Southeast) Towns PUMA",923,579,344,579,579,0,344,0,344,0,0,0,0,0,0,0,0,0,692,348,344,348,348,0,344,0,344,231,231,0,231,231,0,0,0,0
110,NYC-Brooklyn Community District 13--Brighton Beach & Coney Island PUMA,450,318,132,318,318,0,132,0,132,0,0,0,0,0,0,0,0,0,450,318,132,318,318,0,132,0,132,0,0,0,0,0,0,0,0,0
111,"NYC-Bronx Community District 4--Concourse, Highbridge & Mount Eden PUMA",1718,625,1093,1261,388,873,457,237,220,133,72,61,133,72,61,0,0,0,1475,443,1032,1018,206,812,457,237,220,110,110,0,110,110,0,0,0,0
112,Erie County (Northeast) PUMA,0,0,0,0,0,0,0,0,0,0,0,0,0,0,0,0,0,0,0,0,0,0,0,0,0,0,0,0,0,0,0,0,0,0,0,0
113,NYC-Brooklyn Community District 8--Crown Heights North & Prospect Heights PUMA,317,279,38,317,279,38,0,0,0,108,108,0,108,108,0,0,0,0,99,61,38,99,61,38,0,0,0,110,110,0,110,110,0,0,0,0
114,NYC-Queens Community District 3--Jackson Heights & North Corona PUMA,9472,6198,3274,8444,6075,2369,1028,123,905,1435,824,611,1217,771,446,218,53,165,5854,3871,1983,5164,3801,1363,690,70,620,2183,1503,680,2063,1503,560,120,0,120
115,Fulton & Montgomery Counties PUMA,0,0,0,0,0,0,0,0,0,0,0,0,0,0,0,0,0,0,0,0,0,0,0,0,0,0,0,0,0,0,0,0,0,0,0,0
116,Niagara County (Southwest)--Greater Niagara Falls & North Tonawanda Area PUMA,283,147,136,283,147,136,0,0,0,0,0,0,0,0,0,0,0,0,147,147,0,147,147,0,0,0,0,136,0,136,136,0,136,0,0,0
117,"Steuben (North & West), Schuyler & Chemung (North) Counties PUMA",116,58,58,116,58,58,0,0,0,0,0,0,0,0,0,0,0,0,0,0,0,0,0,0,0,0,0,116,58,58,116,58,58,0,0,0
118,NYC-Brooklyn Community District 4--Bushwick PUMA,1890,692,1198,1641,692,949,249,0,249,303,0,303,128,0,128,175,0,175,1160,339,821,1160,339,821,0,0,0,427,353,74,353,353,0,74,0,74
119,"NYC-Manhattan Community District 4 & 5--Chelsea, Clinton & Midtown Business District PUMA",2944,1356,1588,1677,755,922,1267,601,666,1135,235,900,955,127,828,180,108,72,1715,1121,594,628,628,0,1087,493,594,94,0,94,94,0,94,0,0,0
120,"NYC-Brooklyn Community District 6--Park Slope, Carroll Gardens & Red Hook PUMA",834,633,201,834,633,201,0,0,0,288,210,78,288,210,78,0,0,0,423,423,0,423,423,0,0,0,0,123,0,123,123,0,123,0,0,0
121,NYC-Brooklyn Community District 3--Bedford-Stuyvesant PUMA,234,141,93,141,141,0,93,0,93,234,141,93,141,141,0,93,0,93,0,0,0,0,0,0,0,0,0,0,0,0,0,0,0,0,0,0
122,NYC-Queens Community District 10--Howard Beach & Ozone Park PUMA,1831,839,992,1671,679,992,160,160,0,1085,322,763,925,162,763,160,160,0,381,152,229,381,152,229,0,0,0,365,365,0,365,365,0,0,0,0
123,Suffolk County (Northwest)--Huntington Town (North) PUMA,2369,1447,922,1637,1262,375,732,185,547,597,321,276,136,136,0,461,185,276,1320,945,375,1320,945,375,0,0,0,452,181,271,181,181,0,271,0,271
124,Orange County (Southeast) PUMA,546,273,273,546,273,273,0,0,0,367,144,223,367,144,223,0,0,0,179,129,50,179,129,50,0,0,0,0,0,0,0,0,0,0,0,0
125,Nassau County (East Central)--Oyster Bay Town (Central) PUMA,1361,1060,301,1361,1060,301,0,0,0,683,382,301,683,382,301,0,0,0,678,678,0,678,678,0,0,0,0,0,0,0,0,0,0,0,0,0
126,Suffolk County (Northwest)--Smithtown Town PUMA,794,312,482,663,312,351,131,0,131,612,130,482,481,130,351,131,0,131,182,182,0,182,182,0,0,0,0,0,0,0,0,0,0,0,0,0
127,"NYC-Brooklyn Community District 17--East Flatbush, Farragut & Rugby PUMA",66,66,0,66,66,0,0,0,0,66,66,0,66,66,0,0,0,0,0,0,0,0,0,0,0,0,0,0,0,0,0,0,0,0,0,0
128,"NYC-Bronx Community District 9--Castle Hill, Clason Point & Parkchester PUMA",1599,938,661,1503,938,565,96,0,96,452,286,166,452,286,166,0,0,0,1051,652,399,1051,652,399,0,0,0,96,0,96,0,0,0,96,0,96
129,NYC-Queens Community District 9--Richmond Hill & Woodhaven PUMA,3817,2586,1231,3295,2394,901,522,192,330,1432,888,544,1308,888,420,124,0,124,1706,1280,426,1537,1161,376,169,119,50,679,418,261,450,345,105,229,73,156
130,Westchester County (Southwest)--Yonkers City PUMA,5169,3301,1868,4679,3230,1449,490,71,419,1393,999,394,1393,999,394,0,0,0,2666,1393,1273,2176,1322,854,490,71,419,1110,909,201,1110,909,201,0,0,0
131,Broome (Outer West) & Tioga Counties PUMA,37,37,0,37,37,0,0,0,0,0,0,0,0,0,0,0,0,0,0,0,0,0,0,0,0,0,0,37,37,0,37,37,0,0,0,0
132,NYC-Brooklyn Community District 10--Bay Ridge & Dyker Heights PUMA,574,410,164,444,362,82,130,48,82,215,51,164,133,51,82,82,0,82,359,359,0,311,311,0,48,48,0,0,0,0,0,0,0,0,0,0
133,"NYC-Queens Community District 5--Ridgewood, Glendale & Middle Village PUMA",4971,2310,2661,4252,2247,2005,719,63,656,1095,394,701,1095,394,701,0,0,0,3674,1714,1960,2955,1651,1304,719,63,656,202,202,0,202,202,0,0,0,0
134,NYC-Manhattan Community District 10--Central Harlem PUMA,71,0,71,71,0,71,0,0,0,0,0,0,0,0,0,0,0,0,71,0,71,71,0,71,0,0,0,0,0,0,0,0,0,0,0,0
135,"NYC-Queens Community District 11--Bayside, Douglaston & Little Neck PUMA",1248,804,444,987,626,361,261,178,83,585,224,361,585,224,361,0,0,0,663,580,83,402,402,0,261,178,83,0,0,0,0,0,0,0,0,0
136,Erie County (Northwest) PUMA,0,0,0,0,0,0,0,0,0,0,0,0,0,0,0,0,0,0,0,0,0,0,0,0,0,0,0,0,0,0,0,0,0,0,0,0
137,NYC-Queens Community District 2--Sunnyside & Woodside PUMA,4069,2291,1778,3680,2232,1448,389,59,330,1300,900,400,1300,900,400,0,0,0,1810,801,1009,1635,742,893,175,59,116,959,590,369,745,590,155,214,0,214
138,Suffolk County (Southwest)--Babylon Town (Southeast) PUMA,1419,1044,375,1109,874,235,310,170,140,0,0,0,0,0,0,0,0,0,1093,718,375,783,548,235,310,170,140,326,326,0,326,326,0,0,0,0
139,"NYC-Staten Island Community District 3--Tottenville, Great Kills & Annadale PUMA",710,652,58,652,652,0,58,0,58,0,0,0,0,0,0,0,0,0,215,157,58,157,157,0,58,0,58,495,495,0,495,495,0,0,0,0
140,Nassau County (West Central)--Hempstead Town (West Central) PUMA,2525,1284,1241,2107,1284,823,418,0,418,432,197,235,359,197,162,73,0,73,1939,933,1006,1594,933,661,345,0,345,154,154,0,154,154,0,0,0,0
141,Nassau County (Central)--Hempstead Town (Northeast) PUMA,1487,686,801,1487,686,801,0,0,0,641,193,448,641,193,448,0,0,0,616,263,353,616,263,353,0,0,0,230,230,0,230,230,0,0,0,0
142,Nassau County (Southwest)--Hempstead Town (Southwest) & Long Beach City PUMA,1182,628,554,1182,628,554,0,0,0,281,159,122,281,159,122,0,0,0,210,84,126,210,84,126,0,0,0,691,385,306,691,385,306,0,0,0
143,NYC-Brooklyn Community District 11--Bensonhurst & Bath Beach PUMA,289,199,90,289,199,90,0,0,0,88,88,0,88,88,0,0,0,0,201,111,90,201,111,90,0,0,0,0,0,0,0,0,0,0,0,0
144,Nassau County (South Central)--Hempstead Town (Southeast) PUMA,2584,1503,1081,2507,1503,1004,77,0,77,607,327,280,607,327,280,0,0,0,1799,1075,724,1799,1075,724,0,0,0,178,101,77,101,101,0,77,0,77
145,Nassau County (West Central)--North Hempstead Town (South) PUMA,722,156,566,722,156,566,0,0,0,104,0,104,104,0,104,0,0,0,474,79,395,474,79,395,0,0,0,144,77,67,144,77,67,0,0,0
146,Capital Region,1718,659,1059,1694,659,1035,24,0,24,510,102,408,510,102,408,0,0,0,1208,557,651,1184,557,627,24,0,24,0,0,0,0,0,0,0,0,0
147,Central NY,1132,614,518,1060,614,446,72,0,72,489,197,292,489,197,292,0,0,0,471,245,226,399,245,154,72,0,72,172,172,0,172,172,0,0,0,0
148,Finger Lakes,2189,1091,1098,1470,669,801,719,422,297,955,461,494,690,372,318,265,89,176,904,543,361,450,210,240,454,333,121,330,87,243,330,87,243,0,0,0
149,Long Island,54632,30111,24521,47903,28291,19612,6729,1820,4909,10292,4631,5661,8615,4221,4394,1677,410,1267,31777,17430,14347,28077,16338,11739,3700,1092,2608,12563,8050,4513,11211,7732,3479,1352,318,1034
150,Mid-Hudson,29263,15868,13395,23520,14558,8962,5743,1310,4433,8446,3824,4622,7680,3759,3921,766,65,701,16466,9201,7265,12248,7956,4292,4218,1245,2973,4351,2843,1508,3592,2843,749,759,0,759
151,Mohawk Valley,46,0,46,0,0,0,46,0,46,0,0,0,0,0,0,0,0,0,46,0,46,0,0,0,46,0,46,0,0,0,0,0,0,0,0,0
152,New York City,101869,55971,45898,81593,48766,32827,20276,7205,13071,30525,15037,15488,24807,12438,12369,5718,2599,3119,56797,31517,25280,45255,27500,17755,11542,4017,7525,14547,9417,5130,11531,8828,2703,3016,589,2427
153,North Country,286,0,286,0,0,0,286,0,286,0,0,0,0,0,0,0,0,0,286,0,286,0,0,0,286,0,286,0,0,0,0,0,0,0,0,0
154,Southern Tier,241,183,58,180,122,58,61,61,0,27,27,0,27,27,0,0,0,0,61,61,0,0,0,0,61,61,0,153,95,58,153,95,58,0,0,0
155,Western NY,731,326,405,656,251,405,75,75,0,253,0,253,253,0,253,0,0,0,287,271,16,212,196,16,75,75,0,191,55,136,191,55,136,0,0,0
