,puma,Total_geo,Total_geo_m,Total_geo_f,Total_Emp_mf_t,Total_emp_m,Total_emp_f,Total_UnEmp_mf_t,Total_UnEmp_m,Total_UnEmp_f,Total_BABS,Total_BABS_m,Total_BABS_f,BABS_Emp_mf_t,BABS_emp_m,BABS_emp_f,BABS_UnEmp_mf_t,BABS_UnEmp_m,BABS_UnEmp_f,Total_HS,Total_HS_m,Total_HS_f,HS_Emp_mf_t,HS_emp_m,HS_emp_f,HS_UnEmp_mf_t,HS_UnEmp_m,HS_UnEmp_f,Total_HSINC,Total_HSINC_m,Total_HSINC_f,HSINC_Emp_mf_t,HSINC_emp_m,HSINC_emp_f,HSINC_UnEmp_mf_t,HSINC_UnEmp_m,HSINC_UnEmp_f
0,Total Geo,977227,528060,449167,924712,502180,422532,52515,25880,26635,375940,190100,185840,359644,182411,177233,16296,7689,8607,463552,249303,214249,434912,234486,200426,28640,14817,13823,137735,88657,49078,130156,85283,44873,7579,3374,4205
1,"NYC-Manhattan Community District 6--Murray Hill, Gramercy & Stuyvesant Town PUMA",5582,1643,3939,5582,1643,3939,0,0,0,4866,1643,3223,4866,1643,3223,0,0,0,716,0,716,716,0,716,0,0,0,0,0,0,0,0,0,0,0,0
2,Tompkins County PUMA,1654,966,688,1654,966,688,0,0,0,1270,615,655,1270,615,655,0,0,0,384,351,33,384,351,33,0,0,0,0,0,0,0,0,0,0,0,0
3,Westchester County (South Central)--New Rochelle & Mount Vernon Cities PUMA,12262,5841,6421,11046,5689,5357,1216,152,1064,3553,1468,2085,3085,1409,1676,468,59,409,6849,3320,3529,6101,3227,2874,748,93,655,1860,1053,807,1860,1053,807,0,0,0
4,"NYC-Queens Community District 7--Flushing, Murray Hill & Whitestone PUMA",33236,18202,15034,32338,17969,14369,898,233,665,12858,6897,5961,12460,6718,5742,398,179,219,18243,10249,7994,17743,10195,7548,500,54,446,2135,1056,1079,2135,1056,1079,0,0,0
5,Madison & Cortland Counties PUMA,82,39,43,82,39,43,0,0,0,0,0,0,0,0,0,0,0,0,82,39,43,82,39,43,0,0,0,0,0,0,0,0,0,0,0,0
6,NYC-Brooklyn Community District 5--East New York & Starrett City PUMA,11443,5935,5508,11391,5935,5456,52,0,52,1977,646,1331,1925,646,1279,52,0,52,6935,3223,3712,6935,3223,3712,0,0,0,2531,2066,465,2531,2066,465,0,0,0
7,Dutchess County (Southwest) PUMA,6476,3894,2582,6441,3859,2582,35,35,0,3542,1849,1693,3542,1849,1693,0,0,0,2175,1373,802,2140,1338,802,35,35,0,759,672,87,759,672,87,0,0,0
8,"NYC-Bronx Community District 3 & 6--Belmont, Crotona Park East & East Tremont PUMA",13355,6544,6811,12098,6134,5964,1257,410,847,2088,817,1271,2036,765,1271,52,52,0,8831,4568,4263,8044,4401,3643,787,167,620,2436,1159,1277,2018,968,1050,418,191,227
9,Dutchess County (North & East) PUMA,3364,1676,1688,3106,1418,1688,258,258,0,795,185,610,795,185,610,0,0,0,1785,935,850,1527,677,850,258,258,0,784,556,228,784,556,228,0,0,0
10,Erie County (Central) PUMA,1064,903,161,882,721,161,182,182,0,498,425,73,316,243,73,182,182,0,454,366,88,454,366,88,0,0,0,112,112,0,112,112,0,0,0,0
11,Suffolk County (West Central)--Babylon Town (Northwest) PUMA,7694,4092,3602,7123,3673,3450,571,419,152,1545,363,1182,1369,187,1182,176,176,0,4157,2351,1806,4157,2351,1806,0,0,0,1992,1378,614,1597,1135,462,395,243,152
12,"Otsego, Schoharie, Oneida (South) & Herkimer (South) Counties PUMA",182,85,97,182,85,97,0,0,0,150,64,86,150,64,86,0,0,0,19,8,11,19,8,11,0,0,0,13,13,0,13,13,0,0,0,0
13,NYC-Brooklyn Community District 7--Sunset Park & Windsor Terrace PUMA,15446,9314,6132,14462,8926,5536,984,388,596,4887,2836,2051,4476,2620,1856,411,216,195,6847,4177,2670,6426,4005,2421,421,172,249,3712,2301,1411,3560,2301,1259,152,0,152
14,Westchester County (Northeast) PUMA,6374,2914,3460,6220,2829,3391,154,85,69,3021,997,2024,2867,912,1955,154,85,69,2164,728,1436,2164,728,1436,0,0,0,1189,1189,0,1189,1189,0,0,0,0
15,Nassau County (East Central)--Oyster Bay Town (Central) PUMA,8215,5239,2976,7706,4842,2864,509,397,112,4788,3158,1630,4722,3158,1564,66,0,66,1998,983,1015,1998,983,1015,0,0,0,1429,1098,331,986,701,285,443,397,46
16,Niagara County (Southwest)--Greater Niagara Falls & North Tonawanda Area PUMA,548,203,345,451,149,302,97,54,43,18,0,18,18,0,18,0,0,0,291,159,132,237,105,132,54,54,0,239,44,195,196,44,152,43,0,43
17,Nassau County (Central)--Hempstead Town (East Central) PUMA,1768,700,1068,1633,565,1068,135,135,0,701,317,384,701,317,384,0,0,0,547,383,164,412,248,164,135,135,0,520,0,520,520,0,520,0,0,0
18,Niagara County (North & East) PUMA,269,125,144,213,125,88,56,0,56,0,0,0,0,0,0,0,0,0,144,0,144,88,0,88,56,0,56,125,125,0,125,125,0,0,0,0
19,"NYC-Queens Community District 13--Queens Village, Cambria Heights & Rosedale PUMA",21063,12284,8779,20270,11731,8539,793,553,240,7203,3905,3298,6996,3748,3248,207,157,50,12204,7229,4975,11618,6833,4785,586,396,190,1656,1150,506,1656,1150,506,0,0,0
20,"Chenango, Delaware & Broome (East) Counties PUMA",750,383,367,750,383,367,0,0,0,605,383,222,605,383,222,0,0,0,145,0,145,145,0,145,0,0,0,0,0,0,0,0,0,0,0,0
21,Oswego County PUMA,423,423,0,324,324,0,99,99,0,33,33,0,33,33,0,0,0,0,390,390,0,291,291,0,99,99,0,0,0,0,0,0,0,0,0,0
22,"NYC-Brooklyn Community District 9--Crown Heights South, Prospect Lefferts & Wingate PUMA",5838,2690,3148,5021,2072,2949,817,618,199,1658,405,1253,1541,288,1253,117,117,0,3035,1317,1718,2335,816,1519,700,501,199,1145,968,177,1145,968,177,0,0,0
23,NYC-Queens Community District 10--Howard Beach & Ozone Park PUMA,7934,4398,3536,7113,3971,3142,821,427,394,2591,1502,1089,2340,1383,957,251,119,132,4608,2213,2395,4125,1992,2133,483,221,262,735,683,52,648,596,52,87,87,0
24,Ontario & Yates Counties PUMA,898,250,648,898,250,648,0,0,0,121,0,121,121,0,121,0,0,0,777,250,527,777,250,527,0,0,0,0,0,0,0,0,0,0,0,0
25,"NYC-Bronx Community District 8--Riverdale, Fieldston & Kingsbridge PUMA",9801,4101,5700,9727,4101,5626,74,0,74,4257,1550,2707,4257,1550,2707,0,0,0,4275,2103,2172,4201,2103,2098,74,0,74,1269,448,821,1269,448,821,0,0,0
26,Erie County (Northwest) PUMA,1270,732,538,1270,732,538,0,0,0,354,126,228,354,126,228,0,0,0,916,606,310,916,606,310,0,0,0,0,0,0,0,0,0,0,0,0
27,NYC-Brooklyn Community District 14--Flatbush & Midwood PUMA,13224,7661,5563,12442,6879,5563,782,782,0,4048,1791,2257,3968,1711,2257,80,80,0,6382,4051,2331,5680,3349,2331,702,702,0,2794,1819,975,2794,1819,975,0,0,0
28,"Rockland County (West)--Spring Valley, Suffern Villages & Monsey PUMA",7330,3885,3445,7034,3589,3445,296,296,0,2080,1373,707,2080,1373,707,0,0,0,4261,1946,2315,3965,1650,2315,296,296,0,989,566,423,989,566,423,0,0,0
29,"NYC-Manhattan Community District 1 & 2--Battery Park City, Greenwich Village & Soho PUMA",8478,4152,4326,8204,3878,4326,274,274,0,6654,3062,3592,6380,2788,3592,274,274,0,792,181,611,792,181,611,0,0,0,1032,909,123,1032,909,123,0,0,0
30,"NYC-Bronx Community District 4--Concourse, Highbridge & Mount Eden PUMA",15637,7670,7967,14364,7204,7160,1273,466,807,4588,2357,2231,4519,2288,2231,69,69,0,8371,4441,3930,7404,4112,3292,967,329,638,2678,872,1806,2441,804,1637,237,68,169
31,NYC-Queens Community District 1--Astoria & Long Island City PUMA,21132,12417,8715,19398,11486,7912,1734,931,803,9887,5209,4678,8868,4634,4234,1019,575,444,8288,5284,3004,7976,5170,2806,312,114,198,2957,1924,1033,2554,1682,872,403,242,161
32,Erie County (West Central)--Buffalo City (West) PUMA,3045,1813,1232,3005,1813,1192,40,0,40,1199,919,280,1199,919,280,0,0,0,1286,707,579,1246,707,539,40,0,40,560,187,373,560,187,373,0,0,0
33,Schenectady County--Schenectady City PUMA,1942,1352,590,1942,1352,590,0,0,0,895,579,316,895,579,316,0,0,0,373,185,188,373,185,188,0,0,0,674,588,86,674,588,86,0,0,0
34,NYC-Brooklyn Community District 2--Brooklyn Heights & Fort Greene PUMA,5211,2506,2705,4947,2451,2496,264,55,209,2899,976,1923,2707,921,1786,192,55,137,2007,1530,477,1935,1530,405,72,0,72,305,0,305,305,0,305,0,0,0
35,"Steuben (North & West), Schuyler & Chemung (North) Counties PUMA",37,37,0,37,37,0,0,0,0,0,0,0,0,0,0,0,0,0,37,37,0,37,37,0,0,0,0,0,0,0,0,0,0,0,0,0
36,NYC-Brooklyn Community District 1--Greenpoint & Williamsburg PUMA,5146,2594,2552,5037,2485,2552,109,109,0,2437,1001,1436,2328,892,1436,109,109,0,2162,1299,863,2162,1299,863,0,0,0,547,294,253,547,294,253,0,0,0
37,Suffolk County (Northwest)--Huntington Town (North) PUMA,4926,3373,1553,4715,3162,1553,211,211,0,1208,1082,126,1105,979,126,103,103,0,2050,715,1335,2050,715,1335,0,0,0,1668,1576,92,1560,1468,92,108,108,0
38,Erie County (Northeast) PUMA,406,209,197,406,209,197,0,0,0,298,209,89,298,209,89,0,0,0,108,0,108,108,0,108,0,0,0,0,0,0,0,0,0,0,0,0
39,Monroe County (North & West) PUMA,385,163,222,385,163,222,0,0,0,222,0,222,222,0,222,0,0,0,163,163,0,163,163,0,0,0,0,0,0,0,0,0,0,0,0,0
40,Oneida County (Central)--Greater Utica & Rome Cities PUMA,2475,1480,995,2206,1309,897,269,171,98,767,513,254,767,513,254,0,0,0,1167,603,564,898,432,466,269,171,98,541,364,177,541,364,177,0,0,0
41,"NYC-Brooklyn Community District 12--Borough Park, Kensington & Ocean Parkway PUMA",6696,4425,2271,6569,4298,2271,127,127,0,2170,1823,347,2170,1823,347,0,0,0,3223,1646,1577,3096,1519,1577,127,127,0,1303,956,347,1303,956,347,0,0,0
42,Erie County (West Central)--Buffalo City (East) PUMA,697,334,363,415,52,363,282,282,0,233,0,233,233,0,233,0,0,0,382,334,48,100,52,48,282,282,0,82,0,82,82,0,82,0,0,0
43,Suffolk County (Northwest)--Smithtown Town PUMA,1910,615,1295,1877,582,1295,33,33,0,776,547,229,743,514,229,33,33,0,888,68,820,888,68,820,0,0,0,246,0,246,246,0,246,0,0,0
44,Nassau County (Northeast)--Oyster Bay Town (North) & Glen Cove City PUMA,6144,3437,2707,5710,3147,2563,434,290,144,3064,1503,1561,2920,1503,1417,144,0,144,1329,636,693,1329,636,693,0,0,0,1751,1298,453,1461,1008,453,290,290,0
45,NYC-Manhattan Community District 8--Upper East Side PUMA,9115,4395,4720,9115,4395,4720,0,0,0,7962,3958,4004,7962,3958,4004,0,0,0,1153,437,716,1153,437,716,0,0,0,0,0,0,0,0,0,0,0,0
46,Suffolk County (Southwest)--Islip Town (South) PUMA,3331,2029,1302,3288,1986,1302,43,43,0,1005,614,391,1005,614,391,0,0,0,1590,840,750,1547,797,750,43,43,0,736,575,161,736,575,161,0,0,0
47,"NYC-Brooklyn Community District 6--Park Slope, Carroll Gardens & Red Hook PUMA",2328,853,1475,2200,853,1347,128,0,128,1864,508,1356,1736,508,1228,128,0,128,307,188,119,307,188,119,0,0,0,157,157,0,157,157,0,0,0,0
48,Erie County (South) PUMA,362,333,29,362,333,29,0,0,0,29,0,29,29,0,29,0,0,0,333,333,0,333,333,0,0,0,0,0,0,0,0,0,0,0,0,0
49,Albany County (Outside Albany City) PUMA,4656,3148,1508,3717,2737,980,939,411,528,3640,2884,756,3114,2473,641,526,411,115,1016,264,752,603,264,339,413,0,413,0,0,0,0,0,0,0,0,0
50,NYC-Staten Island Community District 2--New Springville & South Beach PUMA,7505,4222,3283,7273,3990,3283,232,232,0,2681,1223,1458,2668,1210,1458,13,13,0,3741,2377,1364,3522,2158,1364,219,219,0,1083,622,461,1083,622,461,0,0,0
51,Erie County (North Central) PUMA,2285,1248,1037,2285,1248,1037,0,0,0,1718,1182,536,1718,1182,536,0,0,0,66,66,0,66,66,0,0,0,0,501,0,501,501,0,501,0,0,0
52,"NYC-Staten Island Community District 3--Tottenville, Great Kills & Annadale PUMA",2836,1759,1077,2549,1759,790,287,0,287,1006,656,350,1006,656,350,0,0,0,1574,914,660,1354,914,440,220,0,220,256,189,67,189,189,0,67,0,67
53,"NYC-Manhattan Community District 12--Washington Heights, Inwood & Marble Hill PUMA",23257,10708,12549,20730,9547,11183,2527,1161,1366,5094,1701,3393,4180,1109,3071,914,592,322,14034,6621,7413,12677,6052,6625,1357,569,788,4129,2386,1743,3873,2386,1487,256,0,256
54,NYC-Manhattan Community District 7--Upper West Side & West Side PUMA,8125,3423,4702,8125,3423,4702,0,0,0,5908,2418,3490,5908,2418,3490,0,0,0,2217,1005,1212,2217,1005,1212,0,0,0,0,0,0,0,0,0,0,0,0
55,"NYC-Queens Community District 5--Ridgewood, Glendale & Middle Village PUMA",11491,5385,6106,11169,5259,5910,322,126,196,3710,1444,2266,3675,1444,2231,35,0,35,6281,3162,3119,6049,3036,3013,232,126,106,1500,779,721,1445,779,666,55,0,55
56,"NYC-Brooklyn Community District 15--Sheepshead Bay, Gerritsen Beach & Homecrest PUMA",6807,3549,3258,6513,3364,3149,294,185,109,2574,1323,1251,2574,1323,1251,0,0,0,3000,1531,1469,2902,1433,1469,98,98,0,1233,695,538,1037,608,429,196,87,109
57,"NYC-Queens Community District 12--Jamaica, Hollis & St. Albans PUMA",16053,9730,6323,14688,8953,5735,1365,777,588,5741,3420,2321,5643,3378,2265,98,42,56,7627,4770,2857,6499,4035,2464,1128,735,393,2685,1540,1145,2546,1540,1006,139,0,139
58,Suffolk County (North Central)--Brookhaven Town (North) PUMA,1853,1043,810,1684,1043,641,169,0,169,1420,768,652,1251,768,483,169,0,169,433,275,158,433,275,158,0,0,0,0,0,0,0,0,0,0,0,0
59,Albany County (East Central)--Albany City PUMA,737,318,419,737,318,419,0,0,0,491,249,242,491,249,242,0,0,0,56,0,56,56,0,56,0,0,0,190,69,121,190,69,121,0,0,0
60,NYC-Manhattan Community District 3--Chinatown & Lower East Side PUMA,6655,3430,3225,6357,3340,3017,298,90,208,3802,1636,2166,3802,1636,2166,0,0,0,2159,1370,789,1991,1280,711,168,90,78,694,424,270,564,424,140,130,0,130
61,Rensselaer County--Troy City PUMA,1475,792,683,1334,792,542,141,0,141,864,268,596,723,268,455,141,0,141,248,161,87,248,161,87,0,0,0,363,363,0,363,363,0,0,0,0
62,Warren & Washington Counties PUMA,198,91,107,198,91,107,0,0,0,91,91,0,91,91,0,0,0,0,107,0,107,107,0,107,0,0,0,0,0,0,0,0,0,0,0,0
63,Orange County (Northeast)--Greater Newburgh City PUMA,2920,1285,1635,2920,1285,1635,0,0,0,984,423,561,984,423,561,0,0,0,1267,408,859,1267,408,859,0,0,0,669,454,215,669,454,215,0,0,0
64,"Rockland County (South)--Orangetown, Clarkstown (South) & Ramapo (Southeast) Towns PUMA",5020,2552,2468,5020,2552,2468,0,0,0,2582,1476,1106,2582,1476,1106,0,0,0,1842,793,1049,1842,793,1049,0,0,0,596,283,313,596,283,313,0,0,0
65,Fulton & Montgomery Counties PUMA,349,183,166,349,183,166,0,0,0,302,136,166,302,136,166,0,0,0,47,47,0,47,47,0,0,0,0,0,0,0,0,0,0,0,0,0
66,NYC-Brooklyn Community District 11--Bensonhurst & Bath Beach PUMA,18086,9116,8970,17248,8692,8556,838,424,414,9150,4402,4748,8689,3978,4711,461,424,37,6870,3125,3745,6647,3125,3522,223,0,223,2066,1589,477,1912,1589,323,154,0,154
67,Monroe County (Central)--Rochester City (East) PUMA,2121,746,1375,2021,746,1275,100,0,100,401,51,350,301,51,250,100,0,100,1210,405,805,1210,405,805,0,0,0,510,290,220,510,290,220,0,0,0
68,Chautauqua County PUMA,93,93,0,93,93,0,0,0,0,32,32,0,32,32,0,0,0,0,0,0,0,0,0,0,0,0,0,61,61,0,61,61,0,0,0,0
69,Nassau County (Northwest)--North Hempstead Town (North) PUMA,6786,4036,2750,6281,3872,2409,505,164,341,3942,1960,1982,3842,1860,1982,100,100,0,2776,2076,700,2371,2012,359,405,64,341,68,0,68,68,0,68,0,0,0
70,"Clinton, Franklin, Essex & Hamilton Counties PUMA",795,317,478,795,317,478,0,0,0,692,214,478,692,214,478,0,0,0,103,103,0,103,103,0,0,0,0,0,0,0,0,0,0,0,0,0
71,NYC-Queens Community District 6--Forest Hills & Rego Park PUMA,14427,6782,7645,13770,6340,7430,657,442,215,8718,3602,5116,8301,3400,4901,417,202,215,5089,2877,2212,4849,2637,2212,240,240,0,620,303,317,620,303,317,0,0,0
72,Monroe County (Central)--Rochester City (West) PUMA,2274,1467,807,2211,1404,807,63,63,0,345,226,119,345,226,119,0,0,0,1805,1117,688,1805,1117,688,0,0,0,124,124,0,61,61,0,63,63,0
73,Orange County (Southeast) PUMA,3218,1791,1427,2931,1504,1427,287,287,0,1437,834,603,1437,834,603,0,0,0,1347,523,824,1347,523,824,0,0,0,434,434,0,147,147,0,287,287,0
74,Rockland County (North)--New City & Congers PUMA,8194,3851,4343,7917,3574,4343,277,277,0,2794,1250,1544,2794,1250,1544,0,0,0,4021,1821,2200,4021,1821,2200,0,0,0,1379,780,599,1102,503,599,277,277,0
75,Westchester County (Southeast) PUMA,12315,7324,4991,11490,7324,4166,825,0,825,4226,2333,1893,3939,2333,1606,287,0,287,6001,3232,2769,5463,3232,2231,538,0,538,2088,1759,329,2088,1759,329,0,0,0
76,"NYC-Manhattan Community District 9--Hamilton Heights, Manhattanville & West Harlem PUMA",11379,5586,5793,11034,5241,5793,345,345,0,4296,2539,1757,3951,2194,1757,345,345,0,4373,1988,2385,4373,1988,2385,0,0,0,2710,1059,1651,2710,1059,1651,0,0,0
77,Nassau County (Southwest)--Hempstead Town (Southwest) & Long Beach City PUMA,5569,2870,2699,5439,2870,2569,130,0,130,2364,773,1591,2364,773,1591,0,0,0,2237,1403,834,2107,1403,704,130,0,130,968,694,274,968,694,274,0,0,0
78,NYC-Queens Community District 2--Sunnyside & Woodside PUMA,25303,15539,9764,24096,14825,9271,1207,714,493,10473,6073,4400,9954,5804,4150,519,269,250,11491,6911,4580,10803,6466,4337,688,445,243,3339,2555,784,3339,2555,784,0,0,0
79,"NYC-Bronx Community District 11--Pelham Parkway, Morris Park & Laconia PUMA",10371,5700,4671,9890,5700,4190,481,0,481,3288,1784,1504,2877,1784,1093,411,0,411,6341,3174,3167,6271,3174,3097,70,0,70,742,742,0,742,742,0,0,0,0
80,Onondaga County (Central)--Syracuse City (Outer) PUMA,1141,618,523,1141,618,523,0,0,0,1024,570,454,1024,570,454,0,0,0,117,48,69,117,48,69,0,0,0,0,0,0,0,0,0,0,0,0
81,Wayne & Seneca Counties PUMA,1237,708,529,1237,708,529,0,0,0,788,708,80,788,708,80,0,0,0,376,0,376,376,0,376,0,0,0,73,0,73,73,0,73,0,0,0
82,"NYC-Bronx Community District 7--Bedford Park, Fordham North & Norwood PUMA",15544,8571,6973,13492,8023,5469,2052,548,1504,4705,3059,1646,3595,2511,1084,1110,548,562,8332,4125,4207,7730,4125,3605,602,0,602,2507,1387,1120,2167,1387,780,340,0,340
83,Nassau County (West Central)--Hempstead Town (Northwest) PUMA,9830,5585,4245,9599,5499,4100,231,86,145,4584,2429,2155,4439,2429,2010,145,0,145,4129,2389,1740,4043,2303,1740,86,86,0,1117,767,350,1117,767,350,0,0,0
84,NYC-Brooklyn Community District 18--Canarsie & Flatlands PUMA,15956,7811,8145,14758,6917,7841,1198,894,304,5688,2104,3584,5517,2104,3413,171,0,171,8369,4455,3914,7547,3766,3781,822,689,133,1899,1252,647,1694,1047,647,205,205,0
85,"NYC-Bronx Community District 12--Wakefield, Williamsbridge & Woodlawn PUMA",5826,3161,2665,5475,3081,2394,351,80,271,2109,1052,1057,1841,972,869,268,80,188,3257,1700,1557,3174,1700,1474,83,0,83,460,409,51,460,409,51,0,0,0
86,Suffolk County (South Central)--Brookhaven Town (South) PUMA,2755,2167,588,2621,2103,518,134,64,70,720,355,365,650,355,295,70,0,70,1693,1470,223,1693,1470,223,0,0,0,342,342,0,278,278,0,64,64,0
87,NYC-Queens Community District 4--Elmhurst & South Corona PUMA,34983,23265,11718,33412,22433,10979,1571,832,739,12966,9329,3637,12339,9120,3219,627,209,418,17745,10833,6912,16904,10210,6694,841,623,218,4272,3103,1169,4169,3103,1066,103,0,103
88,Livingston & Wyoming Counties PUMA,166,0,166,166,0,166,0,0,0,0,0,0,0,0,0,0,0,0,166,0,166,166,0,166,0,0,0,0,0,0,0,0,0,0,0,0
89,"NYC-Bronx Community District 10--Co-op City, Pelham Bay & Schuylerville PUMA",6535,2531,4004,6457,2491,3966,78,40,38,2745,1223,1522,2707,1223,1484,38,0,38,3170,1027,2143,3130,987,2143,40,40,0,620,281,339,620,281,339,0,0,0
90,Cattaraugus & Allegany Counties PUMA,401,206,195,376,206,170,25,0,25,324,162,162,324,162,162,0,0,0,77,44,33,52,44,8,25,0,25,0,0,0,0,0,0,0,0,0
91,Herkimer (North & Central) & Oneida (Outer) Counties PUMA,101,101,0,101,101,0,0,0,0,9,9,0,9,9,0,0,0,0,36,36,0,36,36,0,0,0,0,56,56,0,56,56,0,0,0,0
92,Orange County (Northwest) PUMA,2858,1019,1839,2858,1019,1839,0,0,0,1178,350,828,1178,350,828,0,0,0,1603,592,1011,1603,592,1011,0,0,0,77,77,0,77,77,0,0,0,0
93,Columbia & Greene Counties PUMA,686,599,87,686,599,87,0,0,0,322,322,0,322,322,0,0,0,0,364,277,87,364,277,87,0,0,0,0,0,0,0,0,0,0,0,0
94,Suffolk County (East) PUMA,3925,2506,1419,3925,2506,1419,0,0,0,734,417,317,734,417,317,0,0,0,2016,1175,841,2016,1175,841,0,0,0,1175,914,261,1175,914,261,0,0,0
95,Monroe County (East) PUMA,1500,696,804,1500,696,804,0,0,0,517,159,358,517,159,358,0,0,0,757,435,322,757,435,322,0,0,0,226,102,124,226,102,124,0,0,0
96,Sullivan & Ulster (West) Counties PUMA,1832,533,1299,1832,533,1299,0,0,0,437,207,230,437,207,230,0,0,0,1364,295,1069,1364,295,1069,0,0,0,31,31,0,31,31,0,0,0,0
97,Cayuga & Onondaga (South) Counties PUMA,210,182,28,210,182,28,0,0,0,32,32,0,32,32,0,0,0,0,178,150,28,178,150,28,0,0,0,0,0,0,0,0,0,0,0,0
98,"NYC-Bronx Community District 1 & 2--Hunts Point, Longwood & Melrose PUMA",12416,6584,5832,11962,6488,5474,454,96,358,2679,1082,1597,2583,986,1597,96,96,0,7070,4129,2941,6864,4129,2735,206,0,206,2667,1373,1294,2515,1373,1142,152,0,152
99,Suffolk County (Southwest)--Babylon Town (Southeast) PUMA,2568,1539,1029,2418,1463,955,150,76,74,852,587,265,778,587,191,74,0,74,1144,524,620,1068,448,620,76,76,0,572,428,144,572,428,144,0,0,0
100,Onondaga County (Central)--Syracuse City PUMA,3573,2238,1335,3112,1906,1206,461,332,129,1480,905,575,1248,673,575,232,232,0,1398,870,528,1169,770,399,229,100,129,695,463,232,695,463,232,0,0,0
101,Ulster County (East) PUMA,3333,1728,1605,3269,1728,1541,64,0,64,1220,450,770,1156,450,706,64,0,64,1203,805,398,1203,805,398,0,0,0,910,473,437,910,473,437,0,0,0
102,NYC-Queens Community District 9--Richmond Hill & Woodhaven PUMA,24628,13640,10988,22538,12567,9971,2090,1073,1017,7127,3690,3437,6424,3371,3053,703,319,384,14361,7677,6684,13301,7163,6138,1060,514,546,3140,2273,867,2813,2033,780,327,240,87
103,NYC-Brooklyn Community District 13--Brighton Beach & Coney Island PUMA,3490,2241,1249,3392,2241,1151,98,0,98,1143,632,511,1143,632,511,0,0,0,1765,1174,591,1765,1174,591,0,0,0,582,435,147,484,435,49,98,0,98
104,Broome County (West Central)--Greater Binghamton City & Greater Johnson City Village PUMA,1452,929,523,1356,833,523,96,96,0,1040,604,436,1040,604,436,0,0,0,412,325,87,316,229,87,96,96,0,0,0,0,0,0,0,0,0,0
105,Nassau County (South Central)--Hempstead Town (Southeast) PUMA,4384,1917,2467,4079,1788,2291,305,129,176,1568,556,1012,1357,427,930,211,129,82,2619,1164,1455,2525,1164,1361,94,0,94,197,197,0,197,197,0,0,0,0
106,Saratoga County (Outer) PUMA,484,229,255,337,229,108,147,0,147,255,105,150,125,105,20,130,0,130,229,124,105,212,124,88,17,0,17,0,0,0,0,0,0,0,0,0
107,"NYC-Manhattan Community District 4 & 5--Chelsea, Clinton & Midtown Business District PUMA",9219,3849,5370,8570,3462,5108,649,387,262,5527,2882,2645,5230,2676,2554,297,206,91,2275,677,1598,2094,496,1598,181,181,0,1417,290,1127,1246,290,956,171,0,171
108,NYC-Brooklyn Community District 4--Bushwick PUMA,7988,5484,2504,7617,5113,2504,371,371,0,1297,948,349,1236,887,349,61,61,0,4954,3193,1761,4644,2883,1761,310,310,0,1737,1343,394,1737,1343,394,0,0,0
109,Suffolk County (Central)--Islip Town (East) PUMA,870,648,222,870,648,222,0,0,0,397,248,149,397,248,149,0,0,0,394,321,73,394,321,73,0,0,0,79,79,0,79,79,0,0,0,0
110,Westchester County (Southwest)--Yonkers City PUMA,14891,8239,6652,13330,7752,5578,1561,487,1074,5878,2487,3391,5606,2487,3119,272,0,272,6439,3973,2466,5557,3486,2071,882,487,395,2574,1779,795,2167,1779,388,407,0,407
111,Nassau County (West Central)--North Hempstead Town (South) PUMA,12555,6279,6276,12281,6279,6002,274,0,274,7773,4205,3568,7598,4205,3393,175,0,175,3821,1499,2322,3821,1499,2322,0,0,0,961,575,386,862,575,287,99,0,99
112,"NYC-Queens Community District 8--Briarwood, Fresh Meadows & Hillcrest PUMA",21448,10699,10749,19710,9552,10158,1738,1147,591,9140,4885,4255,8489,4731,3758,651,154,497,10811,4853,5958,9778,3914,5864,1033,939,94,1497,961,536,1443,907,536,54,54,0
113,Jefferson & Lewis Counties PUMA,583,260,323,295,260,35,288,0,288,260,260,0,260,260,0,0,0,0,297,0,297,9,0,9,288,0,288,26,0,26,26,0,26,0,0,0
114,Suffolk County (Central)--Brookhaven Town (West Central) PUMA,3799,2254,1545,3655,2254,1401,144,0,144,1266,814,452,1266,814,452,0,0,0,1695,1214,481,1551,1214,337,144,0,144,838,226,612,838,226,612,0,0,0
115,Suffolk County (Northwest)--Huntington Town (South) PUMA,3840,1849,1991,3539,1713,1826,301,136,165,1700,1013,687,1700,1013,687,0,0,0,1641,576,1065,1442,440,1002,199,136,63,499,260,239,397,260,137,102,0,102
116,NYC-Brooklyn Community District 16--Brownsville & Ocean Hill PUMA,4047,2152,1895,3959,2064,1895,88,88,0,824,452,372,824,452,372,0,0,0,1547,701,846,1547,701,846,0,0,0,1676,999,677,1588,911,677,88,88,0
117,"NYC-Staten Island Community District 1--Port Richmond, Stapleton & Mariner's Harbor PUMA",11041,6574,4467,10689,6449,4240,352,125,227,3330,1870,1460,3330,1870,1460,0,0,0,5346,2976,2370,4994,2851,2143,352,125,227,2365,1728,637,2365,1728,637,0,0,0
118,Chemung (South) & Steuben (East) Counties--Greater Elmira & Greater Corning Cities PUMA,1158,631,527,1158,631,527,0,0,0,1055,631,424,1055,631,424,0,0,0,103,0,103,103,0,103,0,0,0,0,0,0,0,0,0,0,0,0
119,Monroe County (Central)--Greece & Gates Towns PUMA,1483,563,920,1483,563,920,0,0,0,547,449,98,547,449,98,0,0,0,936,114,822,936,114,822,0,0,0,0,0,0,0,0,0,0,0,0
120,NYC-Queens Community District 3--Jackson Heights & North Corona PUMA,32053,19898,12155,29821,18828,10993,2232,1070,1162,7257,4496,2761,6919,4394,2525,338,102,236,17108,9766,7342,15214,8798,6416,1894,968,926,7688,5636,2052,7688,5636,2052,0,0,0
121,"NYC-Queens Community District 14--Far Rockaway, Breezy Point & Broad Channel PUMA",4390,2624,1766,4078,2391,1687,312,233,79,2023,1116,907,1790,883,907,233,233,0,1613,1010,603,1613,1010,603,0,0,0,754,498,256,675,498,177,79,0,79
122,NYC-Brooklyn Community District 10--Bay Ridge & Dyker Heights PUMA,8556,4732,3824,8323,4530,3793,233,202,31,4430,2208,2222,4228,2006,2222,202,202,0,2976,1562,1414,2945,1562,1383,31,0,31,1150,962,188,1150,962,188,0,0,0
123,Broome (Outer West) & Tioga Counties PUMA,89,89,0,89,89,0,0,0,0,89,89,0,89,89,0,0,0,0,0,0,0,0,0,0,0,0,0,0,0,0,0,0,0,0,0,0
124,Putnam County PUMA,4397,2460,1937,4259,2386,1873,138,74,64,1925,555,1370,1861,555,1306,64,0,64,1640,1461,179,1566,1387,179,74,74,0,832,444,388,832,444,388,0,0,0
125,"NYC-Brooklyn Community District 17--East Flatbush, Farragut & Rugby PUMA",9024,3797,5227,8511,3634,4877,513,163,350,1927,354,1573,1858,354,1504,69,0,69,5699,2811,2888,5255,2648,2607,444,163,281,1398,632,766,1398,632,766,0,0,0
126,"NYC-Queens Community District 11--Bayside, Douglaston & Little Neck PUMA",15257,7861,7396,14791,7577,7214,466,284,182,8668,4046,4622,8668,4046,4622,0,0,0,5308,2970,2338,4842,2686,2156,466,284,182,1281,845,436,1281,845,436,0,0,0
127,Nassau County (Central)--Hempstead Town (Northeast) PUMA,6390,3457,2933,6190,3457,2733,200,0,200,2103,931,1172,2030,931,1099,73,0,73,3897,2184,1713,3770,2184,1586,127,0,127,390,342,48,390,342,48,0,0,0
128,Suffolk County (Central)--Brookhaven Town (Central) PUMA,5823,3180,2643,5739,3180,2559,84,0,84,2210,831,1379,2126,831,1295,84,0,84,3433,2169,1264,3433,2169,1264,0,0,0,180,180,0,180,180,0,0,0,0
129,NYC-Manhattan Community District 10--Central Harlem PUMA,6615,3919,2696,6338,3739,2599,277,180,97,3547,2142,1405,3547,2142,1405,0,0,0,1900,706,1194,1900,706,1194,0,0,0,1168,1071,97,891,891,0,277,180,97
130,"NYC-Bronx Community District 5--Morris Heights, Fordham South & Mount Hope PUMA",11875,6514,5361,10948,5968,4980,927,546,381,2635,1857,778,2635,1857,778,0,0,0,6722,3588,3134,6158,3136,3022,564,452,112,2518,1069,1449,2155,975,1180,363,94,269
131,NYC-Manhattan Community District 11--East Harlem PUMA,10941,5448,5493,10456,5248,5208,485,200,285,2882,1288,1594,2821,1227,1594,61,61,0,5731,3046,2685,5435,2907,2528,296,139,157,2328,1114,1214,2200,1114,1086,128,0,128
132,Westchester County (Northwest) PUMA,8801,3886,4915,8191,3886,4305,610,0,610,3548,1413,2135,3407,1413,1994,141,0,141,4522,1932,2590,4053,1932,2121,469,0,469,731,541,190,731,541,190,0,0,0
133,Onondaga County (North) PUMA,1374,448,926,1374,448,926,0,0,0,755,74,681,755,74,681,0,0,0,619,374,245,619,374,245,0,0,0,0,0,0,0,0,0,0,0,0
134,NYC-Brooklyn Community District 8--Crown Heights North & Prospect Heights PUMA,4431,1658,2773,4150,1502,2648,281,156,125,1199,448,751,1143,448,695,56,0,56,2565,1078,1487,2340,922,1418,225,156,69,667,132,535,667,132,535,0,0,0
135,NYC-Brooklyn Community District 3--Bedford-Stuyvesant PUMA,3608,2090,1518,3272,1872,1400,336,218,118,1260,828,432,1241,809,432,19,19,0,1968,946,1022,1722,818,904,246,128,118,380,316,64,309,245,64,71,71,0
136,Genesee & Orleans Counties PUMA,359,129,230,359,129,230,0,0,0,14,14,0,14,14,0,0,0,0,252,54,198,252,54,198,0,0,0,93,61,32,93,61,32,0,0,0
137,Westchester County (Central)--White Plains City PUMA,10754,6300,4454,10390,6072,4318,364,228,136,5440,2478,2962,5304,2478,2826,136,0,136,3826,2648,1178,3598,2420,1178,228,228,0,1488,1174,314,1488,1174,314,0,0,0
138,Saratoga County (South & Central) PUMA,1506,704,802,1375,704,671,131,0,131,1132,522,610,1001,522,479,131,0,131,374,182,192,374,182,192,0,0,0,0,0,0,0,0,0,0,0,0
139,Monroe County (South) PUMA,4081,2021,2060,4081,2021,2060,0,0,0,3221,1631,1590,3221,1631,1590,0,0,0,584,390,194,584,390,194,0,0,0,276,0,276,276,0,276,0,0,0
140,Suffolk County (Central)--Islip Town (Northwest) PUMA,18466,10426,8040,18322,10411,7911,144,15,129,2590,685,1905,2517,685,1832,73,0,73,13274,7701,5573,13203,7686,5517,71,15,56,2602,2040,562,2602,2040,562,0,0,0
141,St. Lawrence County PUMA,365,66,299,365,66,299,0,0,0,0,0,0,0,0,0,0,0,0,365,66,299,365,66,299,0,0,0,0,0,0,0,0,0,0,0,0
142,Nassau County (West Central)--Hempstead Town (West Central) PUMA,8355,3740,4615,7819,3740,4079,536,0,536,3358,1436,1922,3358,1436,1922,0,0,0,4946,2253,2693,4410,2253,2157,536,0,536,51,51,0,51,51,0,0,0,0
143,Nassau County (Central)--Hempstead Town (North Central)--Meadowbrook Corridor PUMA,8238,5080,3158,7847,4756,3091,391,324,67,1402,604,798,1402,604,798,0,0,0,4286,2285,2001,3895,1961,1934,391,324,67,2550,2191,359,2550,2191,359,0,0,0
144,"NYC-Bronx Community District 9--Castle Hill, Clason Point & Parkchester PUMA",13214,7806,5408,12226,7119,5107,988,687,301,4050,2005,2045,4050,2005,2045,0,0,0,8011,5396,2615,7274,4747,2527,737,649,88,1153,405,748,902,367,535,251,38,213
145,Nassau County (Southeast)--Oyster Bay Town (South) PUMA,3428,1549,1879,3428,1549,1879,0,0,0,605,228,377,605,228,377,0,0,0,2722,1321,1401,2722,1321,1401,0,0,0,101,0,101,101,0,101,0,0,0
146,Capital Region,11684,7233,4451,10326,6822,3504,1358,411,947,7690,5020,2670,6762,4609,2153,928,411,517,2767,1193,1574,2337,1193,1144,430,0,430,1227,1020,207,1227,1020,207,0,0,0
147,Central NY,6803,3948,2855,6243,3517,2726,560,431,129,3324,1614,1710,3092,1382,1710,232,232,0,2784,1871,913,2456,1672,784,328,199,129,695,463,232,695,463,232,0,0,0
148,Finger Lakes,14504,6743,7761,14341,6680,7661,163,63,100,6176,3238,2938,6076,3238,2838,100,0,100,7026,2928,4098,7026,2928,4098,0,0,0,1302,577,725,1239,514,725,63,63,0
149,Long Island,143422,79610,63812,137788,77088,60700,5634,2522,3112,52675,26424,26251,50979,25883,25096,1696,541,1155,69715,37975,31740,67278,37096,30182,2437,879,1558,21032,15211,5821,19531,14109,5422,1501,1102,399
150,Mid-Hudson,114339,59178,55161,108254,56999,51255,6085,2179,3906,44640,20128,24512,43054,19984,23070,1586,144,1442,52309,26785,25524,48781,25314,23467,3528,1471,2057,17390,12265,5125,16419,11701,4718,971,564,407
151,Mohawk Valley,3107,1849,1258,2838,1678,1160,269,171,98,1228,722,506,1228,722,506,0,0,0,1269,694,575,1000,523,477,269,171,98,610,433,177,610,433,177,0,0,0
152,New York City,666045,359622,306423,628665,340133,288532,37380,19489,17891,250493,127103,123390,238921,120924,117997,11572,6179,5393,321779,174360,147419,300972,162695,138277,20807,11665,9142,93773,58159,35614,88772,56514,32258,5001,1645,3356
153,North Country,1743,643,1100,1455,643,812,288,0,288,952,474,478,952,474,478,0,0,0,765,169,596,477,169,308,288,0,288,26,0,26,26,0,26,0,0,0
154,Southern Tier,5140,3035,2105,5044,2939,2105,96,96,0,4059,2322,1737,4059,2322,1737,0,0,0,1081,713,368,985,617,368,96,96,0,0,0,0,0,0,0,0,0,0
155,Western NY,10440,6199,4241,9758,5681,4077,682,518,164,4703,3055,1648,4521,2873,1648,182,182,0,4057,2615,1442,3600,2279,1321,457,336,121,1680,529,1151,1637,529,1108,43,0,43
