,puma,Total_geo,Total_geo_m,Total_geo_f,Total_NP_mf_t,Total_NP_m,Total_NP_f,Total_P_mf_t,Total_P_m,Total_P_f,Total_BABS,Total_BABS_m,Total_BABS_f,BABS_NP_mf_t,BABS_NP_m,BABS_NP_f,BABS_P_mf_t,BABS_P_m,BABS_P_f,Total_HS,Total_HS_m,Total_HS_f,HS_NP_mf_t,HS_NP_m,HS_NP_f,HS_P_mf_t,HS_P_m,HS_P_f,Total_HSINC,Total_HSINC_m,Total_HSINC_f,HSINC_NP_mf_t,HSINC_NP_m,HSINC_NP_f,HSINC_P_mf_t,HSINC_P_m,HSINC_P_f
0,Total Geo,227445,138915,88530,187864,115670,72194,39581,23245,16336,53293,23490,29803,49324,20800,28524,3969,2690,1279,127866,81555,46311,104708,69350,35358,23158,12205,10953,46286,33870,12416,33832,25520,8312,12454,8350,4104
1,"NYC-Manhattan Community District 9--Hamilton Heights, Manhattanville & West Harlem PUMA",7281,4725,2556,4723,2984,1739,2558,1741,817,1731,893,838,1599,893,706,132,0,132,4396,2980,1416,2598,1627,971,1798,1353,445,1154,852,302,526,464,62,628,388,240
2,Ulster County (East) PUMA,1039,470,569,756,299,457,283,171,112,396,196,200,284,196,88,112,0,112,643,274,369,472,103,369,171,171,0,0,0,0,0,0,0,0,0,0
3,Albany County (East Central)--Albany City PUMA,121,0,121,121,0,121,0,0,0,90,0,90,90,0,90,0,0,0,31,0,31,31,0,31,0,0,0,0,0,0,0,0,0,0,0,0
4,Chemung (South) & Steuben (East) Counties--Greater Elmira & Greater Corning Cities PUMA,0,0,0,0,0,0,0,0,0,0,0,0,0,0,0,0,0,0,0,0,0,0,0,0,0,0,0,0,0,0,0,0,0,0,0,0
5,Ontario & Yates Counties PUMA,223,133,90,223,133,90,0,0,0,223,133,90,223,133,90,0,0,0,0,0,0,0,0,0,0,0,0,0,0,0,0,0,0,0,0,0
6,Suffolk County (North Central)--Brookhaven Town (North) PUMA,0,0,0,0,0,0,0,0,0,0,0,0,0,0,0,0,0,0,0,0,0,0,0,0,0,0,0,0,0,0,0,0,0,0,0,0
7,Westchester County (South Central)--New Rochelle & Mount Vernon Cities PUMA,5037,2110,2927,3059,1120,1939,1978,990,988,934,57,877,934,57,877,0,0,0,3078,1389,1689,1538,651,887,1540,738,802,1025,664,361,587,412,175,438,252,186
8,"Clinton, Franklin, Essex & Hamilton Counties PUMA",275,91,184,190,91,99,85,0,85,102,60,42,102,60,42,0,0,0,85,0,85,0,0,0,85,0,85,88,31,57,88,31,57,0,0,0
9,Oneida County (Central)--Greater Utica & Rome Cities PUMA,857,434,423,272,193,79,585,241,344,79,0,79,79,0,79,0,0,0,241,241,0,0,0,0,241,241,0,537,193,344,193,193,0,344,0,344
10,"NYC-Bronx Community District 3 & 6--Belmont, Crotona Park East & East Tremont PUMA",8612,3981,4631,6138,3246,2892,2474,735,1739,1719,290,1429,1572,290,1282,147,0,147,4412,2472,1940,3127,2010,1117,1285,462,823,2481,1219,1262,1439,946,493,1042,273,769
11,Livingston & Wyoming Counties PUMA,456,175,281,102,0,102,354,175,179,219,175,44,44,0,44,175,175,0,58,0,58,58,0,58,0,0,0,179,0,179,0,0,0,179,0,179
12,NYC-Manhattan Community District 3--Chinatown & Lower East Side PUMA,1587,538,1049,840,478,362,747,60,687,250,107,143,250,107,143,0,0,0,971,241,730,460,241,219,511,0,511,366,190,176,130,130,0,236,60,176
13,Suffolk County (West Central)--Babylon Town (Northwest) PUMA,3349,2130,1219,2692,2130,562,657,0,657,0,0,0,0,0,0,0,0,0,2763,2130,633,2610,2130,480,153,0,153,586,0,586,82,0,82,504,0,504
14,Broome County (West Central)--Greater Binghamton City & Greater Johnson City Village PUMA,288,139,149,149,0,149,139,139,0,149,0,149,149,0,149,0,0,0,0,0,0,0,0,0,0,0,0,139,139,0,0,0,0,139,139,0
15,Nassau County (Northwest)--North Hempstead Town (North) PUMA,628,123,505,385,123,262,243,0,243,0,0,0,0,0,0,0,0,0,305,123,182,305,123,182,0,0,0,323,0,323,80,0,80,243,0,243
16,Monroe County (Central)--Rochester City (East) PUMA,97,0,97,97,0,97,0,0,0,0,0,0,0,0,0,0,0,0,97,0,97,97,0,97,0,0,0,0,0,0,0,0,0,0,0,0
17,Westchester County (Northwest) PUMA,4825,2479,2346,3863,2277,1586,962,202,760,987,637,350,987,637,350,0,0,0,3026,1421,1605,2222,1219,1003,804,202,602,812,421,391,654,421,233,158,0,158
18,NYC-Brooklyn Community District 16--Brownsville & Ocean Hill PUMA,2614,1205,1409,2277,1120,1157,337,85,252,323,0,323,323,0,323,0,0,0,1910,945,965,1691,945,746,219,0,219,381,260,121,263,175,88,118,85,33
19,Onondaga County (Central)--Syracuse City PUMA,295,64,231,295,64,231,0,0,0,100,0,100,100,0,100,0,0,0,195,64,131,195,64,131,0,0,0,0,0,0,0,0,0,0,0,0
20,Westchester County (Northeast) PUMA,2716,1472,1244,2245,1205,1040,471,267,204,510,274,236,510,274,236,0,0,0,907,703,204,436,436,0,471,267,204,1299,495,804,1299,495,804,0,0,0
21,Madison & Cortland Counties PUMA,0,0,0,0,0,0,0,0,0,0,0,0,0,0,0,0,0,0,0,0,0,0,0,0,0,0,0,0,0,0,0,0,0,0,0,0
22,Erie County (West Central)--Buffalo City (West) PUMA,189,189,0,189,189,0,0,0,0,0,0,0,0,0,0,0,0,0,189,189,0,189,189,0,0,0,0,0,0,0,0,0,0,0,0,0
23,Monroe County (Central)--Rochester City (West) PUMA,543,373,170,392,295,97,151,78,73,173,173,0,173,173,0,0,0,0,248,78,170,97,0,97,151,78,73,122,122,0,122,122,0,0,0,0
24,Suffolk County (Central)--Islip Town (East) PUMA,702,298,404,688,284,404,14,14,0,77,0,77,77,0,77,0,0,0,450,284,166,450,284,166,0,0,0,175,14,161,161,0,161,14,14,0
25,Nassau County (Central)--Hempstead Town (East Central) PUMA,201,53,148,53,53,0,148,0,148,53,53,0,53,53,0,0,0,0,148,0,148,0,0,0,148,0,148,0,0,0,0,0,0,0,0,0
26,"NYC-Bronx Community District 5--Morris Heights, Fordham South & Mount Hope PUMA",10873,5323,5550,7566,4278,3288,3307,1045,2262,1899,958,941,1522,830,692,377,128,249,5249,2558,2691,4004,2327,1677,1245,231,1014,3725,1807,1918,2040,1121,919,1685,686,999
27,St. Lawrence County PUMA,77,0,77,62,0,62,15,0,15,0,0,0,0,0,0,0,0,0,77,0,77,62,0,62,15,0,15,0,0,0,0,0,0,0,0,0
28,Columbia & Greene Counties PUMA,236,147,89,87,87,0,149,60,89,87,87,0,87,87,0,0,0,0,149,60,89,0,0,0,149,60,89,0,0,0,0,0,0,0,0,0
29,NYC-Brooklyn Community District 2--Brooklyn Heights & Fort Greene PUMA,337,76,261,337,76,261,0,0,0,84,0,84,84,0,84,0,0,0,177,0,177,177,0,177,0,0,0,76,76,0,76,76,0,0,0,0
30,"NYC-Queens Community District 8--Briarwood, Fresh Meadows & Hillcrest PUMA",3329,1817,1512,2879,1546,1333,450,271,179,873,129,744,873,129,744,0,0,0,2404,1688,716,2006,1417,589,398,271,127,52,0,52,0,0,0,52,0,52
31,Monroe County (North & West) PUMA,0,0,0,0,0,0,0,0,0,0,0,0,0,0,0,0,0,0,0,0,0,0,0,0,0,0,0,0,0,0,0,0,0,0,0,0
32,Schenectady County--Schenectady City PUMA,743,172,571,682,172,510,61,0,61,234,0,234,234,0,234,0,0,0,509,172,337,448,172,276,61,0,61,0,0,0,0,0,0,0,0,0
33,"Rockland County (West)--Spring Valley, Suffern Villages & Monsey PUMA",2503,1070,1433,2132,1070,1062,371,0,371,652,151,501,652,151,501,0,0,0,764,400,364,602,400,202,162,0,162,1087,519,568,878,519,359,209,0,209
34,Niagara County (North & East) PUMA,0,0,0,0,0,0,0,0,0,0,0,0,0,0,0,0,0,0,0,0,0,0,0,0,0,0,0,0,0,0,0,0,0,0,0,0
35,Suffolk County (Central)--Brookhaven Town (Central) PUMA,431,128,303,431,128,303,0,0,0,189,0,189,189,0,189,0,0,0,242,128,114,242,128,114,0,0,0,0,0,0,0,0,0,0,0,0
36,Suffolk County (East) PUMA,2302,1405,897,1159,880,279,1143,525,618,389,197,192,389,197,192,0,0,0,1368,750,618,501,501,0,867,249,618,545,458,87,269,182,87,276,276,0
37,Warren & Washington Counties PUMA,247,129,118,118,0,118,129,129,0,0,0,0,0,0,0,0,0,0,247,129,118,118,0,118,129,129,0,0,0,0,0,0,0,0,0,0
38,NYC-Queens Community District 6--Forest Hills & Rego Park PUMA,2457,803,1654,2366,803,1563,91,0,91,1649,301,1348,1558,301,1257,91,0,91,808,502,306,808,502,306,0,0,0,0,0,0,0,0,0,0,0,0
39,"NYC-Brooklyn Community District 9--Crown Heights South, Prospect Lefferts & Wingate PUMA",1324,963,361,1164,803,361,160,160,0,109,0,109,109,0,109,0,0,0,1055,803,252,1055,803,252,0,0,0,160,160,0,0,0,0,160,160,0
40,Westchester County (Central)--White Plains City PUMA,5929,3449,2480,5483,3231,2252,446,218,228,1265,710,555,1265,710,555,0,0,0,3710,2336,1374,3264,2118,1146,446,218,228,954,403,551,954,403,551,0,0,0
41,"NYC-Bronx Community District 1 & 2--Hunts Point, Longwood & Melrose PUMA",8379,3387,4992,4264,1963,2301,4115,1424,2691,1150,170,980,603,0,603,547,170,377,5094,2220,2874,3093,1674,1419,2001,546,1455,2135,997,1138,568,289,279,1567,708,859
42,Erie County (North Central) PUMA,500,215,285,215,215,0,285,0,285,215,215,0,215,215,0,0,0,0,70,0,70,0,0,0,70,0,70,215,0,215,0,0,0,215,0,215
43,Chautauqua County PUMA,0,0,0,0,0,0,0,0,0,0,0,0,0,0,0,0,0,0,0,0,0,0,0,0,0,0,0,0,0,0,0,0,0,0,0,0
44,Dutchess County (Southwest) PUMA,2054,1065,989,1276,921,355,778,144,634,500,347,153,500,347,153,0,0,0,1302,672,630,662,528,134,640,144,496,252,46,206,114,46,68,138,0,138
45,Westchester County (Southeast) PUMA,5585,4074,1511,3674,2431,1243,1911,1643,268,1564,1328,236,1057,821,236,507,507,0,2584,1663,921,1364,711,653,1220,952,268,1437,1083,354,1253,899,354,184,184,0
46,Rockland County (North)--New City & Congers PUMA,2257,1092,1165,2001,1092,909,256,0,256,591,250,341,591,250,341,0,0,0,1111,421,690,855,421,434,256,0,256,555,421,134,555,421,134,0,0,0
47,NYC-Staten Island Community District 2--New Springville & South Beach PUMA,649,121,528,314,121,193,335,0,335,121,121,0,121,121,0,0,0,0,66,0,66,66,0,66,0,0,0,462,0,462,127,0,127,335,0,335
48,Suffolk County (Southwest)--Islip Town (South) PUMA,1134,495,639,572,268,304,562,227,335,362,58,304,362,58,304,0,0,0,545,210,335,210,210,0,335,0,335,227,227,0,0,0,0,227,227,0
49,Erie County (West Central)--Buffalo City (East) PUMA,280,103,177,112,0,112,168,103,65,177,0,177,112,0,112,65,0,65,103,103,0,0,0,0,103,103,0,0,0,0,0,0,0,0,0,0
50,Wayne & Seneca Counties PUMA,0,0,0,0,0,0,0,0,0,0,0,0,0,0,0,0,0,0,0,0,0,0,0,0,0,0,0,0,0,0,0,0,0,0,0,0
51,Monroe County (South) PUMA,0,0,0,0,0,0,0,0,0,0,0,0,0,0,0,0,0,0,0,0,0,0,0,0,0,0,0,0,0,0,0,0,0,0,0,0
52,Tompkins County PUMA,50,50,0,50,50,0,0,0,0,50,50,0,50,50,0,0,0,0,0,0,0,0,0,0,0,0,0,0,0,0,0,0,0,0,0,0
53,Suffolk County (South Central)--Brookhaven Town (South) PUMA,742,650,92,589,589,0,153,61,92,111,111,0,111,111,0,0,0,0,428,336,92,275,275,0,153,61,92,203,203,0,203,203,0,0,0,0
54,"Otsego, Schoharie, Oneida (South) & Herkimer (South) Counties PUMA",26,26,0,26,26,0,0,0,0,0,0,0,0,0,0,0,0,0,26,26,0,26,26,0,0,0,0,0,0,0,0,0,0,0,0,0
55,NYC-Manhattan Community District 8--Upper East Side PUMA,1233,942,291,1233,942,291,0,0,0,627,336,291,627,336,291,0,0,0,606,606,0,606,606,0,0,0,0,0,0,0,0,0,0,0,0,0
56,"NYC-Manhattan Community District 1 & 2--Battery Park City, Greenwich Village & Soho PUMA",130,0,130,130,0,130,0,0,0,130,0,130,130,0,130,0,0,0,0,0,0,0,0,0,0,0,0,0,0,0,0,0,0,0,0,0
57,"NYC-Manhattan Community District 12--Washington Heights, Inwood & Marble Hill PUMA",18629,9358,9271,14990,7984,7006,3639,1374,2265,4988,1454,3534,4759,1225,3534,229,229,0,11975,6474,5501,9228,5756,3472,2747,718,2029,1666,1430,236,1003,1003,0,663,427,236
58,NYC-Brooklyn Community District 18--Canarsie & Flatlands PUMA,1209,407,802,1157,355,802,52,52,0,604,182,422,604,182,422,0,0,0,390,52,338,338,0,338,52,52,0,215,173,42,215,173,42,0,0,0
59,"NYC-Bronx Community District 12--Wakefield, Williamsbridge & Woodlawn PUMA",3713,1270,2443,969,399,570,2744,871,1873,449,164,285,207,105,102,242,59,183,2575,866,1709,603,294,309,1972,572,1400,689,240,449,159,0,159,530,240,290
60,Suffolk County (Central)--Islip Town (Northwest) PUMA,6173,2891,3282,5110,2681,2429,1063,210,853,716,216,500,602,102,500,114,114,0,3198,1550,1648,2952,1550,1402,246,0,246,2259,1125,1134,1556,1029,527,703,96,607
61,"NYC-Queens Community District 14--Far Rockaway, Breezy Point & Broad Channel PUMA",2061,1232,829,1674,1086,588,387,146,241,1006,418,588,1006,418,588,0,0,0,814,814,0,668,668,0,146,146,0,241,0,241,0,0,0,241,0,241
62,Saratoga County (South & Central) PUMA,0,0,0,0,0,0,0,0,0,0,0,0,0,0,0,0,0,0,0,0,0,0,0,0,0,0,0,0,0,0,0,0,0,0,0,0
63,Cattaraugus & Allegany Counties PUMA,0,0,0,0,0,0,0,0,0,0,0,0,0,0,0,0,0,0,0,0,0,0,0,0,0,0,0,0,0,0,0,0,0,0,0,0
64,Genesee & Orleans Counties PUMA,299,199,100,299,199,100,0,0,0,0,0,0,0,0,0,0,0,0,299,199,100,299,199,100,0,0,0,0,0,0,0,0,0,0,0,0
65,Cayuga & Onondaga (South) Counties PUMA,234,126,108,43,13,30,191,113,78,0,0,0,0,0,0,0,0,0,143,113,30,30,0,30,113,113,0,91,13,78,13,13,0,78,0,78
66,Sullivan & Ulster (West) Counties PUMA,505,166,339,505,166,339,0,0,0,0,0,0,0,0,0,0,0,0,73,0,73,73,0,73,0,0,0,432,166,266,432,166,266,0,0,0
67,"NYC-Bronx Community District 7--Bedford Park, Fordham North & Norwood PUMA",9874,5924,3950,7452,4820,2632,2422,1104,1318,2086,1274,812,1827,1138,689,259,136,123,6679,4303,2376,4675,3335,1340,2004,968,1036,1109,347,762,950,347,603,159,0,159
68,Suffolk County (Central)--Brookhaven Town (West Central) PUMA,206,74,132,197,65,132,9,9,0,65,65,0,65,65,0,0,0,0,76,0,76,76,0,76,0,0,0,65,9,56,56,0,56,9,9,0
69,NYC-Queens Community District 1--Astoria & Long Island City PUMA,3886,1544,2342,2673,1328,1345,1213,216,997,953,293,660,803,143,660,150,150,0,2477,1058,1419,1675,1058,617,802,0,802,456,193,263,195,127,68,261,66,195
70,Jefferson & Lewis Counties PUMA,55,55,0,0,0,0,55,55,0,0,0,0,0,0,0,0,0,0,55,55,0,0,0,0,55,55,0,0,0,0,0,0,0,0,0,0
71,Nassau County (West Central)--Hempstead Town (Northwest) PUMA,3288,2256,1032,3223,2256,967,65,0,65,1343,753,590,1343,753,590,0,0,0,1101,659,442,1036,659,377,65,0,65,844,844,0,844,844,0,0,0,0
72,Nassau County (Central)--Hempstead Town (North Central)--Meadowbrook Corridor PUMA,6888,3811,3077,5197,2911,2286,1691,900,791,572,185,387,572,185,387,0,0,0,3754,1744,2010,2714,1132,1582,1040,612,428,2562,1882,680,1911,1594,317,651,288,363
73,Orange County (Northeast)--Greater Newburgh City PUMA,2085,1517,568,1726,1243,483,359,274,85,760,440,320,486,166,320,274,274,0,739,491,248,654,491,163,85,0,85,586,586,0,586,586,0,0,0,0
74,"NYC-Bronx Community District 11--Pelham Parkway, Morris Park & Laconia PUMA",5176,2496,2680,4028,2063,1965,1148,433,715,464,0,464,330,0,330,134,0,134,3635,1855,1780,3130,1759,1371,505,96,409,1077,641,436,568,304,264,509,337,172
75,"NYC-Queens Community District 12--Jamaica, Hollis & St. Albans PUMA",4693,2693,2000,3781,2378,1403,912,315,597,170,0,170,126,0,126,44,0,44,3039,1913,1126,2688,1730,958,351,183,168,1484,780,704,967,648,319,517,132,385
76,Erie County (Central) PUMA,27,27,0,0,0,0,27,27,0,0,0,0,0,0,0,0,0,0,0,0,0,0,0,0,0,0,0,27,27,0,0,0,0,27,27,0
77,"NYC-Staten Island Community District 1--Port Richmond, Stapleton & Mariner's Harbor PUMA",3055,1228,1827,1951,852,1099,1104,376,728,653,75,578,590,75,515,63,0,63,1641,983,658,1027,715,312,614,268,346,761,170,591,334,62,272,427,108,319
78,"NYC-Brooklyn Community District 15--Sheepshead Bay, Gerritsen Beach & Homecrest PUMA",1255,529,726,961,311,650,294,218,76,65,0,65,65,0,65,0,0,0,741,80,661,585,0,585,156,80,76,449,449,0,311,311,0,138,138,0
79,"NYC-Bronx Community District 8--Riverdale, Fieldston & Kingsbridge PUMA",6008,3227,2781,5258,2977,2281,750,250,500,1543,340,1203,1466,263,1203,77,77,0,3410,2359,1051,3160,2359,801,250,0,250,1055,528,527,632,355,277,423,173,250
80,NYC-Brooklyn Community District 5--East New York & Starrett City PUMA,4715,2283,2432,4015,1991,2024,700,292,408,665,175,490,495,109,386,170,66,104,3110,1565,1545,2841,1438,1403,269,127,142,940,543,397,679,444,235,261,99,162
81,Onondaga County (Central)--Syracuse City (Outer) PUMA,0,0,0,0,0,0,0,0,0,0,0,0,0,0,0,0,0,0,0,0,0,0,0,0,0,0,0,0,0,0,0,0,0,0,0,0
82,"NYC-Manhattan Community District 6--Murray Hill, Gramercy & Stuyvesant Town PUMA",0,0,0,0,0,0,0,0,0,0,0,0,0,0,0,0,0,0,0,0,0,0,0,0,0,0,0,0,0,0,0,0,0,0,0,0
83,"Chenango, Delaware & Broome (East) Counties PUMA",149,76,73,76,76,0,73,0,73,0,0,0,0,0,0,0,0,0,73,0,73,0,0,0,73,0,73,76,76,0,76,76,0,0,0,0
84,Orange County (Northwest) PUMA,2693,1116,1577,2693,1116,1577,0,0,0,346,198,148,346,198,148,0,0,0,2290,918,1372,2290,918,1372,0,0,0,57,0,57,57,0,57,0,0,0
85,NYC-Brooklyn Community District 7--Sunset Park & Windsor Terrace PUMA,3653,2039,1614,2628,1511,1117,1025,528,497,343,218,125,343,218,125,0,0,0,1990,1061,929,1194,631,563,796,430,366,1320,760,560,1091,662,429,229,98,131
86,Nassau County (Northeast)--Oyster Bay Town (North) & Glen Cove City PUMA,1304,652,652,1187,535,652,117,117,0,135,0,135,135,0,135,0,0,0,928,411,517,928,411,517,0,0,0,241,241,0,124,124,0,117,117,0
87,Dutchess County (North & East) PUMA,1309,1136,173,919,831,88,390,305,85,66,66,0,0,0,0,66,66,0,538,450,88,538,450,88,0,0,0,705,620,85,381,381,0,324,239,85
88,Putnam County PUMA,2211,1046,1165,1889,1046,843,322,0,322,683,585,98,683,585,98,0,0,0,1275,343,932,1088,343,745,187,0,187,253,118,135,118,118,0,135,0,135
89,Albany County (Outside Albany City) PUMA,75,0,75,75,0,75,0,0,0,0,0,0,0,0,0,0,0,0,75,0,75,75,0,75,0,0,0,0,0,0,0,0,0,0,0,0
90,"NYC-Bronx Community District 10--Co-op City, Pelham Bay & Schuylerville PUMA",2473,866,1607,1541,416,1125,932,450,482,443,368,75,345,270,75,98,98,0,1326,277,1049,855,146,709,471,131,340,704,221,483,341,0,341,363,221,142
91,NYC-Queens Community District 4--Elmhurst & South Corona PUMA,10477,7090,3387,7901,5823,2078,2576,1267,1309,805,497,308,710,402,308,95,95,0,5857,3918,1939,4633,3567,1066,1224,351,873,3815,2675,1140,2558,1854,704,1257,821,436
92,"NYC-Brooklyn Community District 12--Borough Park, Kensington & Ocean Parkway PUMA",521,418,103,521,418,103,0,0,0,192,192,0,192,192,0,0,0,0,329,226,103,329,226,103,0,0,0,0,0,0,0,0,0,0,0,0
93,Nassau County (Southeast)--Oyster Bay Town (South) PUMA,0,0,0,0,0,0,0,0,0,0,0,0,0,0,0,0,0,0,0,0,0,0,0,0,0,0,0,0,0,0,0,0,0,0,0,0
94,Suffolk County (Northwest)--Huntington Town (South) PUMA,556,229,327,415,229,186,141,0,141,229,229,0,229,229,0,0,0,0,327,0,327,186,0,186,141,0,141,0,0,0,0,0,0,0,0,0
95,Oswego County PUMA,0,0,0,0,0,0,0,0,0,0,0,0,0,0,0,0,0,0,0,0,0,0,0,0,0,0,0,0,0,0,0,0,0,0,0,0
96,Rensselaer County--Troy City PUMA,78,78,0,78,78,0,0,0,0,0,0,0,0,0,0,0,0,0,78,78,0,78,78,0,0,0,0,0,0,0,0,0,0,0,0,0
97,Saratoga County (Outer) PUMA,0,0,0,0,0,0,0,0,0,0,0,0,0,0,0,0,0,0,0,0,0,0,0,0,0,0,0,0,0,0,0,0,0,0,0,0
98,Herkimer (North & Central) & Oneida (Outer) Counties PUMA,0,0,0,0,0,0,0,0,0,0,0,0,0,0,0,0,0,0,0,0,0,0,0,0,0,0,0,0,0,0,0,0,0,0,0,0
99,Monroe County (East) PUMA,297,211,86,297,211,86,0,0,0,211,211,0,211,211,0,0,0,0,86,0,86,86,0,86,0,0,0,0,0,0,0,0,0,0,0,0
100,"NYC-Queens Community District 13--Queens Village, Cambria Heights & Rosedale PUMA",3394,1159,2235,3054,981,2073,340,178,162,854,114,740,854,114,740,0,0,0,2223,785,1438,1976,700,1276,247,85,162,317,260,57,224,167,57,93,93,0
101,Erie County (South) PUMA,125,0,125,125,0,125,0,0,0,125,0,125,125,0,125,0,0,0,0,0,0,0,0,0,0,0,0,0,0,0,0,0,0,0,0,0
102,Monroe County (Central)--Greece & Gates Towns PUMA,333,152,181,152,152,0,181,0,181,238,57,181,57,57,0,181,0,181,95,95,0,95,95,0,0,0,0,0,0,0,0,0,0,0,0,0
103,NYC-Manhattan Community District 7--Upper West Side & West Side PUMA,2530,1763,767,1803,1590,213,727,173,554,798,278,520,491,278,213,307,0,307,1176,929,247,756,756,0,420,173,247,556,556,0,556,556,0,0,0,0
104,NYC-Manhattan Community District 11--East Harlem PUMA,4608,2026,2582,2344,1341,1003,2264,685,1579,1031,391,640,1031,391,640,0,0,0,2021,548,1473,911,548,363,1110,0,1110,1556,1087,469,402,402,0,1154,685,469
105,"NYC-Queens Community District 7--Flushing, Murray Hill & Whitestone PUMA",5031,1820,3211,4011,1357,2654,1020,463,557,1334,221,1113,1334,221,1113,0,0,0,2037,807,1230,1723,584,1139,314,223,91,1660,792,868,954,552,402,706,240,466
106,NYC-Brooklyn Community District 1--Greenpoint & Williamsburg PUMA,3013,2091,922,1970,1562,408,1043,529,514,756,414,342,432,253,179,324,161,163,1618,1267,351,1045,1045,0,573,222,351,639,410,229,493,264,229,146,146,0
107,Onondaga County (North) PUMA,284,0,284,194,0,194,90,0,90,0,0,0,0,0,0,0,0,0,284,0,284,194,0,194,90,0,90,0,0,0,0,0,0,0,0,0
108,NYC-Brooklyn Community District 14--Flatbush & Midwood PUMA,2587,1078,1509,1566,682,884,1021,396,625,579,116,463,579,116,463,0,0,0,1640,773,867,808,566,242,832,207,625,368,189,179,179,0,179,189,189,0
109,"Rockland County (South)--Orangetown, Clarkstown (South) & Ramapo (Southeast) Towns PUMA",869,365,504,869,365,504,0,0,0,0,0,0,0,0,0,0,0,0,869,365,504,869,365,504,0,0,0,0,0,0,0,0,0,0,0,0
110,NYC-Brooklyn Community District 13--Brighton Beach & Coney Island PUMA,620,88,532,330,88,242,290,0,290,0,0,0,0,0,0,0,0,0,172,0,172,172,0,172,0,0,0,448,88,360,158,88,70,290,0,290
111,"NYC-Bronx Community District 4--Concourse, Highbridge & Mount Eden PUMA",10239,4135,6104,5830,1999,3831,4409,2136,2273,2212,428,1784,1952,428,1524,260,0,260,6219,2511,3708,3325,1280,2045,2894,1231,1663,1808,1196,612,553,291,262,1255,905,350
112,Erie County (Northeast) PUMA,0,0,0,0,0,0,0,0,0,0,0,0,0,0,0,0,0,0,0,0,0,0,0,0,0,0,0,0,0,0,0,0,0,0,0,0
113,NYC-Brooklyn Community District 8--Crown Heights North & Prospect Heights PUMA,1179,635,544,489,392,97,690,243,447,49,0,49,49,0,49,0,0,0,157,109,48,157,109,48,0,0,0,973,526,447,283,283,0,690,243,447
114,NYC-Queens Community District 3--Jackson Heights & North Corona PUMA,15367,8555,6812,12246,7342,4904,3121,1213,1908,2391,967,1424,2391,967,1424,0,0,0,8893,4945,3948,6953,4151,2802,1940,794,1146,4083,2643,1440,2902,2224,678,1181,419,762
115,Fulton & Montgomery Counties PUMA,0,0,0,0,0,0,0,0,0,0,0,0,0,0,0,0,0,0,0,0,0,0,0,0,0,0,0,0,0,0,0,0,0,0,0,0
116,Niagara County (Southwest)--Greater Niagara Falls & North Tonawanda Area PUMA,0,0,0,0,0,0,0,0,0,0,0,0,0,0,0,0,0,0,0,0,0,0,0,0,0,0,0,0,0,0,0,0,0,0,0,0
117,"Steuben (North & West), Schuyler & Chemung (North) Counties PUMA",0,0,0,0,0,0,0,0,0,0,0,0,0,0,0,0,0,0,0,0,0,0,0,0,0,0,0,0,0,0,0,0,0,0,0,0
118,NYC-Brooklyn Community District 4--Bushwick PUMA,5390,2313,3077,3505,1397,2108,1885,916,969,750,113,637,650,113,537,100,0,100,3305,1526,1779,2362,1284,1078,943,242,701,1335,674,661,493,0,493,842,674,168
119,"NYC-Manhattan Community District 4 & 5--Chelsea, Clinton & Midtown Business District PUMA",1943,1075,868,273,182,91,1670,893,777,0,0,0,0,0,0,0,0,0,1870,1002,868,200,109,91,1670,893,777,73,73,0,73,73,0,0,0,0
120,"NYC-Brooklyn Community District 6--Park Slope, Carroll Gardens & Red Hook PUMA",894,468,426,468,468,0,426,0,426,345,345,0,345,345,0,0,0,0,549,123,426,123,123,0,426,0,426,0,0,0,0,0,0,0,0,0
121,NYC-Brooklyn Community District 3--Bedford-Stuyvesant PUMA,2807,1665,1142,2510,1368,1142,297,297,0,779,369,410,576,166,410,203,203,0,1835,1214,621,1741,1120,621,94,94,0,193,82,111,193,82,111,0,0,0
122,NYC-Queens Community District 10--Howard Beach & Ozone Park PUMA,3628,1568,2060,2959,1523,1436,669,45,624,1039,283,756,788,283,505,251,0,251,1845,890,955,1662,845,817,183,45,138,744,395,349,509,395,114,235,0,235
123,Suffolk County (Northwest)--Huntington Town (North) PUMA,772,642,130,772,642,130,0,0,0,155,142,13,155,142,13,0,0,0,376,376,0,376,376,0,0,0,0,241,124,117,241,124,117,0,0,0
124,Orange County (Southeast) PUMA,2034,483,1551,1176,248,928,858,235,623,1148,292,856,913,57,856,235,235,0,527,129,398,201,129,72,326,0,326,359,62,297,62,62,0,297,0,297
125,Nassau County (East Central)--Oyster Bay Town (Central) PUMA,823,491,332,823,491,332,0,0,0,688,491,197,688,491,197,0,0,0,0,0,0,0,0,0,0,0,0,135,0,135,135,0,135,0,0,0
126,Suffolk County (Northwest)--Smithtown Town PUMA,570,331,239,570,331,239,0,0,0,54,54,0,54,54,0,0,0,0,516,277,239,516,277,239,0,0,0,0,0,0,0,0,0,0,0,0
127,"NYC-Brooklyn Community District 17--East Flatbush, Farragut & Rugby PUMA",1767,1169,598,1563,1169,394,204,0,204,417,302,115,417,302,115,0,0,0,1126,867,259,922,867,55,204,0,204,224,0,224,224,0,224,0,0,0
128,"NYC-Bronx Community District 9--Castle Hill, Clason Point & Parkchester PUMA",10539,6560,3979,5916,3303,2613,4623,3257,1366,1917,1354,563,1222,659,563,695,695,0,5979,3086,2893,3579,1772,1807,2400,1314,1086,2643,2120,523,1115,872,243,1528,1248,280
129,NYC-Queens Community District 9--Richmond Hill & Woodhaven PUMA,7317,3602,3715,6262,2952,3310,1055,650,405,3140,1142,1998,2850,993,1857,290,149,141,3220,1541,1679,2775,1322,1453,445,219,226,957,919,38,637,637,0,320,282,38
130,Westchester County (Southwest)--Yonkers City PUMA,9139,5057,4082,7123,4386,2737,2016,671,1345,449,377,72,449,377,72,0,0,0,6183,3091,3092,4524,2565,1959,1659,526,1133,2507,1589,918,2150,1444,706,357,145,212
131,Broome (Outer West) & Tioga Counties PUMA,12,0,12,12,0,12,0,0,0,12,0,12,12,0,12,0,0,0,0,0,0,0,0,0,0,0,0,0,0,0,0,0,0,0,0,0
132,NYC-Brooklyn Community District 10--Bay Ridge & Dyker Heights PUMA,3033,1158,1875,1966,996,970,1067,162,905,694,236,458,497,236,261,197,0,197,1393,537,856,715,495,220,678,42,636,946,385,561,754,265,489,192,120,72
133,"NYC-Queens Community District 5--Ridgewood, Glendale & Middle Village PUMA",5337,3199,2138,4295,2623,1672,1042,576,466,1930,1138,792,1890,1138,752,40,0,40,2822,1750,1072,2012,1280,732,810,470,340,585,311,274,393,205,188,192,106,86
134,NYC-Manhattan Community District 10--Central Harlem PUMA,5361,2219,3142,2610,858,1752,2751,1361,1390,929,0,929,929,0,929,0,0,0,2705,1564,1141,1292,675,617,1413,889,524,1727,655,1072,389,183,206,1338,472,866
135,"NYC-Queens Community District 11--Bayside, Douglaston & Little Neck PUMA",500,287,213,500,287,213,0,0,0,196,142,54,196,142,54,0,0,0,77,77,0,77,77,0,0,0,0,227,68,159,227,68,159,0,0,0
136,Erie County (Northwest) PUMA,126,0,126,126,0,126,0,0,0,126,0,126,126,0,126,0,0,0,0,0,0,0,0,0,0,0,0,0,0,0,0,0,0,0,0,0
137,NYC-Queens Community District 2--Sunnyside & Woodside PUMA,4456,2633,1823,3440,2332,1108,1016,301,715,418,189,229,418,189,229,0,0,0,3190,1841,1349,2291,1598,693,899,243,656,848,603,245,731,545,186,117,58,59
138,Suffolk County (Southwest)--Babylon Town (Southeast) PUMA,1434,729,705,1287,647,640,147,82,65,995,436,559,995,436,559,0,0,0,277,131,146,212,131,81,65,0,65,162,162,0,80,80,0,82,82,0
139,"NYC-Staten Island Community District 3--Tottenville, Great Kills & Annadale PUMA",0,0,0,0,0,0,0,0,0,0,0,0,0,0,0,0,0,0,0,0,0,0,0,0,0,0,0,0,0,0,0,0,0,0,0,0
140,Nassau County (West Central)--Hempstead Town (West Central) PUMA,2580,1147,1433,2239,1147,1092,341,0,341,450,137,313,450,137,313,0,0,0,1605,826,779,1605,826,779,0,0,0,525,184,341,184,184,0,341,0,341
141,Nassau County (Central)--Hempstead Town (Northeast) PUMA,908,415,493,908,415,493,0,0,0,374,289,85,374,289,85,0,0,0,430,126,304,430,126,304,0,0,0,104,0,104,104,0,104,0,0,0
142,Nassau County (Southwest)--Hempstead Town (Southwest) & Long Beach City PUMA,1223,651,572,1223,651,572,0,0,0,87,0,87,87,0,87,0,0,0,1136,651,485,1136,651,485,0,0,0,0,0,0,0,0,0,0,0,0
143,NYC-Brooklyn Community District 11--Bensonhurst & Bath Beach PUMA,2657,2236,421,1491,1247,244,1166,989,177,216,79,137,137,0,137,79,79,0,1556,1379,177,788,788,0,768,591,177,885,778,107,566,459,107,319,319,0
144,Nassau County (South Central)--Hempstead Town (Southeast) PUMA,1335,692,643,983,340,643,352,352,0,468,73,395,468,73,395,0,0,0,436,436,0,84,84,0,352,352,0,431,183,248,431,183,248,0,0,0
145,Nassau County (West Central)--North Hempstead Town (South) PUMA,4585,2838,1747,3456,2195,1261,1129,643,486,618,436,182,618,436,182,0,0,0,2321,1451,870,1788,1137,651,533,314,219,1646,951,695,1050,622,428,596,329,267
146,Capital Region,1500,526,974,1161,337,824,339,189,150,411,87,324,411,87,324,0,0,0,1089,439,650,750,250,500,339,189,150,0,0,0,0,0,0,0,0,0
147,Central NY,813,190,623,532,77,455,281,113,168,100,0,100,100,0,100,0,0,0,622,177,445,419,64,355,203,113,90,91,13,78,13,13,0,78,0,78
148,Finger Lakes,2248,1243,1005,1562,990,572,686,253,433,1064,749,315,708,574,134,356,175,181,883,372,511,732,294,438,151,78,73,301,122,179,122,122,0,179,0,179
149,Long Island,42134,23131,19003,34159,19991,14168,7975,3140,4835,8130,3925,4205,8016,3811,4205,114,114,0,22730,12599,10131,18632,11011,7621,4098,1588,2510,11274,6607,4667,7511,5169,2342,3763,1438,2325
150,Mid-Hudson,52790,28167,24623,41389,23047,18342,11401,5120,6281,10851,5908,4943,9657,4826,4831,1194,1082,112,29619,15066,14553,21652,11848,9804,7967,3218,4749,12320,7193,5127,10080,6373,3707,2240,820,1420
151,Mohawk Valley,883,460,423,298,219,79,585,241,344,79,0,79,79,0,79,0,0,0,267,267,0,26,26,0,241,241,0,537,193,344,193,193,0,344,0,344
152,New York City,234400,119987,114413,167132,91111,76021,67268,28876,38392,48868,17576,31292,43267,15081,28186,5601,2495,3106,134764,72890,61874,95685,57928,37757,39079,14962,24117,50768,29521,21247,28180,18102,10078,22588,11419,11169
153,North Country,407,146,261,252,91,161,155,55,100,102,60,42,102,60,42,0,0,0,217,55,162,62,0,62,155,55,100,88,31,57,88,31,57,0,0,0
154,Southern Tier,499,265,234,287,126,161,212,139,73,211,50,161,211,50,161,0,0,0,73,0,73,0,0,0,73,0,73,215,215,0,76,76,0,139,139,0
155,Western NY,1247,534,713,767,404,363,480,130,350,643,215,428,578,215,363,65,0,65,362,292,70,189,189,0,173,103,70,242,27,215,0,0,0,242,27,215
