,puma,Total_geo,Total_geo_m,Total_geo_f,Total_FT_mf_t,Total_FT_m,Total_FT_f,Total_PT_mf_t,Total_PT_m,Total_PT_f,Total_BABS,Total_BABS_m,Total_BABS_f,BABS_FT_mf_t,BABS_FT_m,BABS_FT_f,BABS_PT_mf_t,BABS_PT_m,BABS_PT_f,Total_HS,Total_HS_m,Total_HS_f,HS_FT_mf_t,HS_FT_m,HS_FT_f,HS_PT_mf_t,HS_PT_m,HS_PT_f,Total_HSINC,Total_HSINC_m,Total_HSINC_f,HSINC_FT_mf_t,HSINC_FT_m,HSINC_FT_f,HSINC_PT_mf_t,HSINC_PT_m,HSINC_PT_f
0,Total Geo,274815,156370,118445,226684,138516,88168,48131,17854,30277,47979,18484,29495,41332,16413,24919,6647,2071,4576,159787,89389,70398,130500,78721,51779,29287,10668,18619,67049,48497,18552,54852,43382,11470,12197,5115,7082
1,NYC-Manhattan Community District 7--Upper West Side & West Side PUMA,188,188,0,188,188,0,0,0,0,188,188,0,188,188,0,0,0,0,0,0,0,0,0,0,0,0,0,0,0,0,0,0,0,0,0,0
2,Nassau County (West Central)--Hempstead Town (Northwest) PUMA,1869,754,1115,1539,509,1030,330,245,85,160,94,66,115,94,21,45,0,45,1709,660,1049,1424,415,1009,285,245,40,0,0,0,0,0,0,0,0,0
3,NYC-Brooklyn Community District 2--Brooklyn Heights & Fort Greene PUMA,410,75,335,410,75,335,0,0,0,134,75,59,134,75,59,0,0,0,276,0,276,276,0,276,0,0,0,0,0,0,0,0,0,0,0,0
4,Madison & Cortland Counties PUMA,0,0,0,0,0,0,0,0,0,0,0,0,0,0,0,0,0,0,0,0,0,0,0,0,0,0,0,0,0,0,0,0,0,0,0,0
5,Ontario & Yates Counties PUMA,92,92,0,92,92,0,0,0,0,0,0,0,0,0,0,0,0,0,0,0,0,0,0,0,0,0,0,92,92,0,92,92,0,0,0,0
6,Monroe County (Central)--Greece & Gates Towns PUMA,0,0,0,0,0,0,0,0,0,0,0,0,0,0,0,0,0,0,0,0,0,0,0,0,0,0,0,0,0,0,0,0,0,0,0,0
7,Nassau County (East Central)--Oyster Bay Town (Central) PUMA,284,125,159,284,125,159,0,0,0,61,61,0,61,61,0,0,0,0,152,64,88,152,64,88,0,0,0,71,0,71,71,0,71,0,0,0
8,"Clinton, Franklin, Essex & Hamilton Counties PUMA",182,89,93,0,0,0,182,89,93,0,0,0,0,0,0,0,0,0,182,89,93,0,0,0,182,89,93,0,0,0,0,0,0,0,0,0
9,NYC-Manhattan Community District 8--Upper East Side PUMA,1337,950,387,1337,950,387,0,0,0,716,479,237,716,479,237,0,0,0,357,207,150,357,207,150,0,0,0,264,264,0,264,264,0,0,0,0
10,Suffolk County (Southwest)--Islip Town (South) PUMA,1089,76,1013,1089,76,1013,0,0,0,63,63,0,63,63,0,0,0,0,0,0,0,0,0,0,0,0,0,1026,13,1013,1026,13,1013,0,0,0
11,Erie County (Northwest) PUMA,223,223,0,223,223,0,0,0,0,0,0,0,0,0,0,0,0,0,223,223,0,223,223,0,0,0,0,0,0,0,0,0,0,0,0,0
12,"NYC-Queens Community District 8--Briarwood, Fresh Meadows & Hillcrest PUMA",4538,2532,2006,4410,2532,1878,128,0,128,1821,585,1236,1693,585,1108,128,0,128,956,678,278,956,678,278,0,0,0,1761,1269,492,1761,1269,492,0,0,0
13,NYC-Brooklyn Community District 5--East New York & Starrett City PUMA,4205,2349,1856,2999,1942,1057,1206,407,799,361,151,210,305,95,210,56,56,0,3020,1790,1230,2286,1439,847,734,351,383,824,408,416,408,408,0,416,0,416
14,Rockland County (North)--New City & Congers PUMA,2713,1655,1058,2329,1370,959,384,285,99,0,0,0,0,0,0,0,0,0,2299,1241,1058,2033,1074,959,266,167,99,414,414,0,296,296,0,118,118,0
15,"Otsego, Schoharie, Oneida (South) & Herkimer (South) Counties PUMA",7,7,0,7,7,0,0,0,0,0,0,0,0,0,0,0,0,0,0,0,0,0,0,0,0,0,0,7,7,0,7,7,0,0,0,0
16,NYC-Brooklyn Community District 7--Sunset Park & Windsor Terrace PUMA,4439,2620,1819,3776,2294,1482,663,326,337,225,0,225,225,0,225,0,0,0,2505,1550,955,1993,1224,769,512,326,186,1709,1070,639,1558,1070,488,151,0,151
17,NYC-Brooklyn Community District 11--Bensonhurst & Bath Beach PUMA,3579,2321,1258,3088,2189,899,491,132,359,640,407,233,508,275,233,132,132,0,2202,1393,809,1843,1393,450,359,0,359,737,521,216,737,521,216,0,0,0
18,Tompkins County PUMA,11,11,0,11,11,0,0,0,0,0,0,0,0,0,0,0,0,0,0,0,0,0,0,0,0,0,0,11,11,0,11,11,0,0,0,0
19,Dutchess County (Southwest) PUMA,1557,958,599,1493,958,535,64,0,64,55,55,0,55,55,0,0,0,0,1068,469,599,1004,469,535,64,0,64,434,434,0,434,434,0,0,0,0
20,NYC-Queens Community District 9--Richmond Hill & Woodhaven PUMA,8185,4255,3930,7001,3933,3068,1184,322,862,2252,861,1391,1839,861,978,413,0,413,5099,2754,2345,4522,2432,2090,577,322,255,834,640,194,640,640,0,194,0,194
21,Westchester County (Northwest) PUMA,4805,4041,764,3819,3564,255,986,477,509,476,429,47,441,394,47,35,35,0,2869,2152,717,2360,2152,208,509,0,509,1460,1460,0,1018,1018,0,442,442,0
22,Albany County (Outside Albany City) PUMA,0,0,0,0,0,0,0,0,0,0,0,0,0,0,0,0,0,0,0,0,0,0,0,0,0,0,0,0,0,0,0,0,0,0,0,0
23,Monroe County (South) PUMA,556,424,132,424,424,0,132,0,132,0,0,0,0,0,0,0,0,0,327,327,0,327,327,0,0,0,0,229,97,132,97,97,0,132,0,132
24,Jefferson & Lewis Counties PUMA,22,0,22,22,0,22,0,0,0,22,0,22,22,0,22,0,0,0,0,0,0,0,0,0,0,0,0,0,0,0,0,0,0,0,0,0
25,"Chenango, Delaware & Broome (East) Counties PUMA",0,0,0,0,0,0,0,0,0,0,0,0,0,0,0,0,0,0,0,0,0,0,0,0,0,0,0,0,0,0,0,0,0,0,0,0
26,Erie County (Central) PUMA,62,62,0,62,62,0,0,0,0,0,0,0,0,0,0,0,0,0,62,62,0,62,62,0,0,0,0,0,0,0,0,0,0,0,0,0
27,St. Lawrence County PUMA,0,0,0,0,0,0,0,0,0,0,0,0,0,0,0,0,0,0,0,0,0,0,0,0,0,0,0,0,0,0,0,0,0,0,0,0
28,"NYC-Manhattan Community District 9--Hamilton Heights, Manhattanville & West Harlem PUMA",8400,5148,3252,7892,5148,2744,508,0,508,1602,1039,563,1326,1039,287,276,0,276,3859,2205,1654,3786,2205,1581,73,0,73,2939,1904,1035,2780,1904,876,159,0,159
29,Suffolk County (North Central)--Brookhaven Town (North) PUMA,639,339,300,546,339,207,93,0,93,207,0,207,207,0,207,0,0,0,244,151,93,151,151,0,93,0,93,188,188,0,188,188,0,0,0,0
30,NYC-Brooklyn Community District 1--Greenpoint & Williamsburg PUMA,3068,1751,1317,1808,1117,691,1260,634,626,694,505,189,402,213,189,292,292,0,2106,1246,860,1138,904,234,968,342,626,268,0,268,268,0,268,0,0,0
31,Cayuga & Onondaga (South) Counties PUMA,0,0,0,0,0,0,0,0,0,0,0,0,0,0,0,0,0,0,0,0,0,0,0,0,0,0,0,0,0,0,0,0,0,0,0,0
32,Nassau County (Southeast)--Oyster Bay Town (South) PUMA,257,88,169,152,88,64,105,0,105,88,88,0,88,88,0,0,0,0,169,0,169,64,0,64,105,0,105,0,0,0,0,0,0,0,0,0
33,Fulton & Montgomery Counties PUMA,0,0,0,0,0,0,0,0,0,0,0,0,0,0,0,0,0,0,0,0,0,0,0,0,0,0,0,0,0,0,0,0,0,0,0,0
34,Onondaga County (Central)--Syracuse City (Outer) PUMA,134,42,92,134,42,92,0,0,0,134,42,92,134,42,92,0,0,0,0,0,0,0,0,0,0,0,0,0,0,0,0,0,0,0,0,0
35,NYC-Staten Island Community District 2--New Springville & South Beach PUMA,128,0,128,0,0,0,128,0,128,0,0,0,0,0,0,0,0,0,128,0,128,0,0,0,128,0,128,0,0,0,0,0,0,0,0,0
36,Niagara County (Southwest)--Greater Niagara Falls & North Tonawanda Area PUMA,358,358,0,358,358,0,0,0,0,0,0,0,0,0,0,0,0,0,358,358,0,358,358,0,0,0,0,0,0,0,0,0,0,0,0,0
37,Suffolk County (Central)--Brookhaven Town (Central) PUMA,581,581,0,581,581,0,0,0,0,0,0,0,0,0,0,0,0,0,333,333,0,333,333,0,0,0,0,248,248,0,248,248,0,0,0,0
38,"NYC-Bronx Community District 7--Bedford Park, Fordham North & Norwood PUMA",6752,3294,3458,5845,3294,2551,907,0,907,1429,494,935,1429,494,935,0,0,0,3427,1964,1463,2693,1964,729,734,0,734,1896,836,1060,1723,836,887,173,0,173
39,NYC-Queens Community District 4--Elmhurst & South Corona PUMA,7770,5469,2301,5905,4477,1428,1865,992,873,1095,591,504,745,369,376,350,222,128,5230,3836,1394,4375,3470,905,855,366,489,1445,1042,403,785,638,147,660,404,256
40,"NYC-Brooklyn Community District 6--Park Slope, Carroll Gardens & Red Hook PUMA",865,143,722,584,143,441,281,0,281,865,143,722,584,143,441,281,0,281,0,0,0,0,0,0,0,0,0,0,0,0,0,0,0,0,0,0
41,Suffolk County (Central)--Islip Town (East) PUMA,83,83,0,83,83,0,0,0,0,0,0,0,0,0,0,0,0,0,83,83,0,83,83,0,0,0,0,0,0,0,0,0,0,0,0,0
42,"NYC-Brooklyn Community District 9--Crown Heights South, Prospect Lefferts & Wingate PUMA",1180,335,845,694,335,359,486,0,486,0,0,0,0,0,0,0,0,0,1097,252,845,611,252,359,486,0,486,83,83,0,83,83,0,0,0,0
43,"NYC-Queens Community District 7--Flushing, Murray Hill & Whitestone PUMA",4431,2785,1646,3961,2608,1353,470,177,293,941,176,765,941,176,765,0,0,0,2194,1313,881,1901,1313,588,293,0,293,1296,1296,0,1119,1119,0,177,177,0
44,NYC-Queens Community District 3--Jackson Heights & North Corona PUMA,17526,11018,6508,15652,10352,5300,1874,666,1208,1234,415,819,1105,415,690,129,0,129,12904,7654,5250,11428,7191,4237,1476,463,1013,3388,2949,439,3119,2746,373,269,203,66
45,Saratoga County (Outer) PUMA,0,0,0,0,0,0,0,0,0,0,0,0,0,0,0,0,0,0,0,0,0,0,0,0,0,0,0,0,0,0,0,0,0,0,0,0
46,"NYC-Bronx Community District 12--Wakefield, Williamsbridge & Woodlawn PUMA",3342,1872,1470,3210,1740,1470,132,132,0,569,174,395,569,174,395,0,0,0,2065,990,1075,1933,858,1075,132,132,0,708,708,0,708,708,0,0,0,0
47,"NYC-Brooklyn Community District 15--Sheepshead Bay, Gerritsen Beach & Homecrest PUMA",1111,679,432,829,584,245,282,95,187,159,95,64,0,0,0,159,95,64,656,288,368,533,288,245,123,0,123,296,296,0,296,296,0,0,0,0
48,Wayne & Seneca Counties PUMA,0,0,0,0,0,0,0,0,0,0,0,0,0,0,0,0,0,0,0,0,0,0,0,0,0,0,0,0,0,0,0,0,0,0,0,0
49,Schenectady County--Schenectady City PUMA,346,0,346,278,0,278,68,0,68,346,0,346,278,0,278,68,0,68,0,0,0,0,0,0,0,0,0,0,0,0,0,0,0,0,0,0
50,NYC-Brooklyn Community District 10--Bay Ridge & Dyker Heights PUMA,1296,722,574,1076,722,354,220,0,220,199,0,199,199,0,199,0,0,0,877,722,155,877,722,155,0,0,0,220,0,220,0,0,0,220,0,220
51,Nassau County (Northwest)--North Hempstead Town (North) PUMA,219,135,84,135,135,0,84,0,84,84,0,84,0,0,0,84,0,84,135,135,0,135,135,0,0,0,0,0,0,0,0,0,0,0,0,0
52,Suffolk County (West Central)--Babylon Town (Northwest) PUMA,2620,1947,673,2001,1328,673,619,619,0,459,98,361,459,98,361,0,0,0,1477,1165,312,1477,1165,312,0,0,0,684,684,0,65,65,0,619,619,0
53,"NYC-Manhattan Community District 4 & 5--Chelsea, Clinton & Midtown Business District PUMA",421,271,150,0,0,0,421,271,150,271,271,0,0,0,0,271,271,0,150,0,150,0,0,0,150,0,150,0,0,0,0,0,0,0,0,0
54,Columbia & Greene Counties PUMA,170,85,85,134,85,49,36,0,36,36,0,36,0,0,0,36,0,36,37,37,0,37,37,0,0,0,0,97,48,49,97,48,49,0,0,0
55,Rensselaer County--Troy City PUMA,59,59,0,59,59,0,0,0,0,23,23,0,23,23,0,0,0,0,0,0,0,0,0,0,0,0,0,36,36,0,36,36,0,0,0,0
56,Erie County (West Central)--Buffalo City (West) PUMA,350,237,113,350,237,113,0,0,0,237,237,0,237,237,0,0,0,0,0,0,0,0,0,0,0,0,0,113,0,113,113,0,113,0,0,0
57,Erie County (South) PUMA,166,166,0,0,0,0,166,166,0,0,0,0,0,0,0,0,0,0,166,166,0,0,0,0,166,166,0,0,0,0,0,0,0,0,0,0
58,Oneida County (Central)--Greater Utica & Rome Cities PUMA,100,0,100,39,0,39,61,0,61,100,0,100,39,0,39,61,0,61,0,0,0,0,0,0,0,0,0,0,0,0,0,0,0,0,0,0
59,"NYC-Manhattan Community District 12--Washington Heights, Inwood & Marble Hill PUMA",19143,11060,8083,17084,10206,6878,2059,854,1205,2403,1151,1252,2197,1151,1046,206,0,206,12653,6891,5762,11052,6037,5015,1601,854,747,4087,3018,1069,3835,3018,817,252,0,252
60,NYC-Brooklyn Community District 13--Brighton Beach & Coney Island PUMA,298,0,298,298,0,298,0,0,0,0,0,0,0,0,0,0,0,0,298,0,298,298,0,298,0,0,0,0,0,0,0,0,0,0,0,0
61,NYC-Manhattan Community District 10--Central Harlem PUMA,1659,107,1552,758,107,651,901,0,901,525,0,525,525,0,525,0,0,0,565,0,565,126,0,126,439,0,439,569,107,462,107,107,0,462,0,462
62,Nassau County (West Central)--North Hempstead Town (South) PUMA,1972,1393,579,1601,1270,331,371,123,248,30,0,30,30,0,30,0,0,0,1262,899,363,891,776,115,371,123,248,680,494,186,680,494,186,0,0,0
63,NYC-Brooklyn Community District 16--Brownsville & Ocean Hill PUMA,1443,459,984,1443,459,984,0,0,0,257,0,257,257,0,257,0,0,0,1016,289,727,1016,289,727,0,0,0,170,170,0,170,170,0,0,0,0
64,Albany County (East Central)--Albany City PUMA,418,0,418,418,0,418,0,0,0,0,0,0,0,0,0,0,0,0,418,0,418,418,0,418,0,0,0,0,0,0,0,0,0,0,0,0
65,Nassau County (West Central)--Hempstead Town (West Central) PUMA,1838,1286,552,1779,1227,552,59,59,0,0,0,0,0,0,0,0,0,0,1491,939,552,1432,880,552,59,59,0,347,347,0,347,347,0,0,0,0
66,Chemung (South) & Steuben (East) Counties--Greater Elmira & Greater Corning Cities PUMA,0,0,0,0,0,0,0,0,0,0,0,0,0,0,0,0,0,0,0,0,0,0,0,0,0,0,0,0,0,0,0,0,0,0,0,0
67,"NYC-Bronx Community District 3 & 6--Belmont, Crotona Park East & East Tremont PUMA",8458,4537,3921,6978,4063,2915,1480,474,1006,1589,558,1031,1553,558,995,36,0,36,5377,3100,2277,4403,2626,1777,974,474,500,1492,879,613,1022,879,143,470,0,470
68,"NYC-Bronx Community District 5--Morris Heights, Fordham South & Mount Hope PUMA",7335,3525,3810,5646,3018,2628,1689,507,1182,1589,579,1010,1376,366,1010,213,213,0,3712,1855,1857,2849,1642,1207,863,213,650,2034,1091,943,1421,1010,411,613,81,532
69,"NYC-Bronx Community District 8--Riverdale, Fieldston & Kingsbridge PUMA",5510,2238,3272,4478,2238,2240,1032,0,1032,1119,230,889,1012,230,782,107,0,107,3413,1487,1926,2945,1487,1458,468,0,468,978,521,457,521,521,0,457,0,457
70,Erie County (Northeast) PUMA,0,0,0,0,0,0,0,0,0,0,0,0,0,0,0,0,0,0,0,0,0,0,0,0,0,0,0,0,0,0,0,0,0,0,0,0
71,NYC-Manhattan Community District 11--East Harlem PUMA,2625,1003,1622,1619,1003,616,1006,0,1006,517,0,517,517,0,517,0,0,0,1374,495,879,594,495,99,780,0,780,734,508,226,508,508,0,226,0,226
72,Orange County (Southeast) PUMA,1058,635,423,621,198,423,437,437,0,347,0,347,347,0,347,0,0,0,561,485,76,274,198,76,287,287,0,150,150,0,0,0,0,150,150,0
73,Westchester County (Southeast) PUMA,4245,2581,1664,3808,2425,1383,437,156,281,991,241,750,828,241,587,163,0,163,1351,555,796,1265,469,796,86,86,0,1903,1785,118,1715,1715,0,188,70,118
74,NYC-Queens Community District 1--Astoria & Long Island City PUMA,4292,2770,1522,3450,2636,814,842,134,708,1173,854,319,734,720,14,439,134,305,1911,1151,760,1869,1151,718,42,0,42,1208,765,443,847,765,82,361,0,361
75,Livingston & Wyoming Counties PUMA,137,137,0,137,137,0,0,0,0,0,0,0,0,0,0,0,0,0,31,31,0,31,31,0,0,0,0,106,106,0,106,106,0,0,0,0
76,Suffolk County (Central)--Brookhaven Town (West Central) PUMA,520,333,187,367,256,111,153,77,76,0,0,0,0,0,0,0,0,0,332,256,76,256,256,0,76,0,76,188,77,111,111,0,111,77,77,0
77,Westchester County (Southwest)--Yonkers City PUMA,6377,3674,2703,5459,3222,2237,918,452,466,579,327,252,579,327,252,0,0,0,4574,2586,1988,3919,2324,1595,655,262,393,1224,761,463,961,571,390,263,190,73
78,Erie County (North Central) PUMA,121,0,121,121,0,121,0,0,0,0,0,0,0,0,0,0,0,0,121,0,121,121,0,121,0,0,0,0,0,0,0,0,0,0,0,0
79,Saratoga County (South & Central) PUMA,0,0,0,0,0,0,0,0,0,0,0,0,0,0,0,0,0,0,0,0,0,0,0,0,0,0,0,0,0,0,0,0,0,0,0,0
80,Suffolk County (South Central)--Brookhaven Town (South) PUMA,351,231,120,351,231,120,0,0,0,0,0,0,0,0,0,0,0,0,351,231,120,351,231,120,0,0,0,0,0,0,0,0,0,0,0,0
81,"NYC-Staten Island Community District 3--Tottenville, Great Kills & Annadale PUMA",217,217,0,89,89,0,128,128,0,0,0,0,0,0,0,0,0,0,217,217,0,89,89,0,128,128,0,0,0,0,0,0,0,0,0,0
82,Herkimer (North & Central) & Oneida (Outer) Counties PUMA,107,107,0,107,107,0,0,0,0,0,0,0,0,0,0,0,0,0,0,0,0,0,0,0,0,0,0,107,107,0,107,107,0,0,0,0
83,Niagara County (North & East) PUMA,0,0,0,0,0,0,0,0,0,0,0,0,0,0,0,0,0,0,0,0,0,0,0,0,0,0,0,0,0,0,0,0,0,0,0,0
84,Monroe County (Central)--Rochester City (East) PUMA,180,180,0,180,180,0,0,0,0,0,0,0,0,0,0,0,0,0,180,180,0,180,180,0,0,0,0,0,0,0,0,0,0,0,0,0
85,Warren & Washington Counties PUMA,0,0,0,0,0,0,0,0,0,0,0,0,0,0,0,0,0,0,0,0,0,0,0,0,0,0,0,0,0,0,0,0,0,0,0,0
86,Nassau County (Southwest)--Hempstead Town (Southwest) & Long Beach City PUMA,1000,917,83,672,589,83,328,328,0,2,0,2,2,0,2,0,0,0,688,607,81,411,330,81,277,277,0,310,310,0,259,259,0,51,51,0
87,NYC-Brooklyn Community District 8--Crown Heights North & Prospect Heights PUMA,1417,156,1261,881,76,805,536,80,456,886,76,810,508,76,432,378,0,378,531,80,451,373,0,373,158,80,78,0,0,0,0,0,0,0,0,0
88,Onondaga County (Central)--Syracuse City PUMA,210,32,178,172,32,140,38,0,38,0,0,0,0,0,0,0,0,0,140,0,140,140,0,140,0,0,0,70,32,38,32,32,0,38,0,38
89,Westchester County (Central)--White Plains City PUMA,1104,440,664,1039,440,599,65,0,65,212,0,212,212,0,212,0,0,0,498,208,290,433,208,225,65,0,65,394,232,162,394,232,162,0,0,0
90,NYC-Brooklyn Community District 3--Bedford-Stuyvesant PUMA,1674,601,1073,1273,519,754,401,82,319,319,0,319,147,0,147,172,0,172,1038,284,754,809,202,607,229,82,147,317,317,0,317,317,0,0,0,0
91,"NYC-Bronx Community District 1 & 2--Hunts Point, Longwood & Melrose PUMA",6700,3907,2793,6295,3907,2388,405,0,405,1593,622,971,1465,622,843,128,0,128,3457,2225,1232,3180,2225,955,277,0,277,1650,1060,590,1650,1060,590,0,0,0
92,Cattaraugus & Allegany Counties PUMA,0,0,0,0,0,0,0,0,0,0,0,0,0,0,0,0,0,0,0,0,0,0,0,0,0,0,0,0,0,0,0,0,0,0,0,0
93,Oswego County PUMA,0,0,0,0,0,0,0,0,0,0,0,0,0,0,0,0,0,0,0,0,0,0,0,0,0,0,0,0,0,0,0,0,0,0,0,0
94,"NYC-Queens Community District 5--Ridgewood, Glendale & Middle Village PUMA",2272,1207,1065,1453,598,855,819,609,210,230,49,181,186,49,137,44,0,44,1431,664,767,907,242,665,524,422,102,611,494,117,360,307,53,251,187,64
95,Monroe County (East) PUMA,516,275,241,275,275,0,241,0,241,0,0,0,0,0,0,0,0,0,516,275,241,275,275,0,241,0,241,0,0,0,0,0,0,0,0,0
96,Westchester County (South Central)--New Rochelle & Mount Vernon Cities PUMA,3419,2208,1211,2521,2208,313,898,0,898,448,229,219,448,229,219,0,0,0,1949,1167,782,1261,1167,94,688,0,688,1022,812,210,812,812,0,210,0,210
97,"NYC-Queens Community District 14--Far Rockaway, Breezy Point & Broad Channel PUMA",658,513,145,608,513,95,50,0,50,95,0,95,95,0,95,0,0,0,139,139,0,139,139,0,0,0,0,424,374,50,374,374,0,50,0,50
98,"NYC-Brooklyn Community District 12--Borough Park, Kensington & Ocean Parkway PUMA",1838,1152,686,1471,1029,442,367,123,244,423,125,298,423,125,298,0,0,0,697,309,388,330,186,144,367,123,244,718,718,0,718,718,0,0,0,0
99,"NYC-Bronx Community District 10--Co-op City, Pelham Bay & Schuylerville PUMA",3375,1369,2006,2647,753,1894,728,616,112,1248,0,1248,1248,0,1248,0,0,0,1666,908,758,938,292,646,728,616,112,461,461,0,461,461,0,0,0,0
100,"NYC-Queens Community District 11--Bayside, Douglaston & Little Neck PUMA",1215,889,326,945,889,56,270,0,270,98,98,0,98,98,0,0,0,0,1008,714,294,770,714,56,238,0,238,109,77,32,77,77,0,32,0,32
101,"NYC-Manhattan Community District 6--Murray Hill, Gramercy & Stuyvesant Town PUMA",487,177,310,430,177,253,57,0,57,487,177,310,430,177,253,57,0,57,0,0,0,0,0,0,0,0,0,0,0,0,0,0,0,0,0,0
102,Chautauqua County PUMA,179,179,0,179,179,0,0,0,0,0,0,0,0,0,0,0,0,0,0,0,0,0,0,0,0,0,0,179,179,0,179,179,0,0,0,0
103,NYC-Brooklyn Community District 18--Canarsie & Flatlands PUMA,1500,715,785,1445,715,730,55,0,55,785,0,785,730,0,730,55,0,55,715,715,0,715,715,0,0,0,0,0,0,0,0,0,0,0,0,0
104,Erie County (West Central)--Buffalo City (East) PUMA,406,224,182,224,224,0,182,0,182,0,0,0,0,0,0,0,0,0,406,224,182,224,224,0,182,0,182,0,0,0,0,0,0,0,0,0
105,Genesee & Orleans Counties PUMA,305,305,0,305,305,0,0,0,0,0,0,0,0,0,0,0,0,0,0,0,0,0,0,0,0,0,0,305,305,0,305,305,0,0,0,0
106,"NYC-Staten Island Community District 1--Port Richmond, Stapleton & Mariner's Harbor PUMA",668,259,409,440,259,181,228,0,228,134,0,134,134,0,134,0,0,0,487,259,228,259,259,0,228,0,228,47,0,47,47,0,47,0,0,0
107,"Steuben (North & West), Schuyler & Chemung (North) Counties PUMA",0,0,0,0,0,0,0,0,0,0,0,0,0,0,0,0,0,0,0,0,0,0,0,0,0,0,0,0,0,0,0,0,0,0,0,0
108,Nassau County (South Central)--Hempstead Town (Southeast) PUMA,1914,1416,498,1695,1197,498,219,219,0,134,70,64,134,70,64,0,0,0,659,520,139,659,520,139,0,0,0,1121,826,295,902,607,295,219,219,0
109,"NYC-Bronx Community District 9--Castle Hill, Clason Point & Parkchester PUMA",5833,2924,2909,4357,2133,2224,1476,791,685,340,202,138,340,202,138,0,0,0,4044,1479,2565,3188,1174,2014,856,305,551,1449,1243,206,829,757,72,620,486,134
110,Suffolk County (East) PUMA,371,243,128,371,243,128,0,0,0,0,0,0,0,0,0,0,0,0,236,108,128,236,108,128,0,0,0,135,135,0,135,135,0,0,0,0
111,Orange County (Northwest) PUMA,1458,1305,153,1408,1305,103,50,0,50,0,0,0,0,0,0,0,0,0,1348,1195,153,1298,1195,103,50,0,50,110,110,0,110,110,0,0,0,0
112,Broome County (West Central)--Greater Binghamton City & Greater Johnson City Village PUMA,137,0,137,137,0,137,0,0,0,0,0,0,0,0,0,0,0,0,137,0,137,137,0,137,0,0,0,0,0,0,0,0,0,0,0,0
113,"NYC-Bronx Community District 11--Pelham Parkway, Morris Park & Laconia PUMA",4133,2357,1776,3763,2128,1635,370,229,141,656,48,608,608,0,608,48,48,0,2373,1432,941,2203,1308,895,170,124,46,1104,877,227,952,820,132,152,57,95
114,Suffolk County (Northwest)--Smithtown Town PUMA,230,158,72,230,158,72,0,0,0,230,158,72,230,158,72,0,0,0,0,0,0,0,0,0,0,0,0,0,0,0,0,0,0,0,0,0
115,Ulster County (East) PUMA,236,236,0,236,236,0,0,0,0,0,0,0,0,0,0,0,0,0,63,63,0,63,63,0,0,0,0,173,173,0,173,173,0,0,0,0
116,Westchester County (Northeast) PUMA,2956,1480,1476,1704,1398,306,1252,82,1170,0,0,0,0,0,0,0,0,0,1763,477,1286,783,477,306,980,0,980,1193,1003,190,921,921,0,272,82,190
117,NYC-Brooklyn Community District 4--Bushwick PUMA,3972,2272,1700,3044,1786,1258,928,486,442,929,250,679,750,250,500,179,0,179,2705,1946,759,2037,1460,577,668,486,182,338,76,262,257,76,181,81,0,81
118,NYC-Manhattan Community District 3--Chinatown & Lower East Side PUMA,1676,810,866,1178,810,368,498,0,498,594,406,188,478,406,72,116,0,116,777,206,571,502,206,296,275,0,275,305,198,107,198,198,0,107,0,107
119,Dutchess County (North & East) PUMA,226,226,0,226,226,0,0,0,0,0,0,0,0,0,0,0,0,0,157,157,0,157,157,0,0,0,0,69,69,0,69,69,0,0,0,0
120,Nassau County (Central)--Hempstead Town (North Central)--Meadowbrook Corridor PUMA,4455,2790,1665,3369,2184,1185,1086,606,480,125,0,125,125,0,125,0,0,0,3066,2026,1040,2790,1800,990,276,226,50,1264,764,500,454,384,70,810,380,430
121,Broome (Outer West) & Tioga Counties PUMA,272,0,272,272,0,272,0,0,0,272,0,272,272,0,272,0,0,0,0,0,0,0,0,0,0,0,0,0,0,0,0,0,0,0,0,0
122,"Rockland County (South)--Orangetown, Clarkstown (South) & Ramapo (Southeast) Towns PUMA",1556,998,558,1556,998,558,0,0,0,841,393,448,841,393,448,0,0,0,110,0,110,110,0,110,0,0,0,605,605,0,605,605,0,0,0,0
123,"NYC-Brooklyn Community District 17--East Flatbush, Farragut & Rugby PUMA",533,74,459,310,0,310,223,74,149,62,0,62,62,0,62,0,0,0,252,74,178,178,0,178,74,74,0,219,0,219,70,0,70,149,0,149
124,Orange County (Northeast)--Greater Newburgh City PUMA,1618,711,907,1461,711,750,157,0,157,0,0,0,0,0,0,0,0,0,1103,451,652,946,451,495,157,0,157,515,260,255,515,260,255,0,0,0
125,"NYC-Manhattan Community District 1 & 2--Battery Park City, Greenwich Village & Soho PUMA",78,78,0,78,78,0,0,0,0,0,0,0,0,0,0,0,0,0,78,78,0,78,78,0,0,0,0,0,0,0,0,0,0,0,0,0
126,NYC-Queens Community District 6--Forest Hills & Rego Park PUMA,1151,441,710,1151,441,710,0,0,0,501,333,168,501,333,168,0,0,0,650,108,542,650,108,542,0,0,0,0,0,0,0,0,0,0,0,0
127,Onondaga County (North) PUMA,0,0,0,0,0,0,0,0,0,0,0,0,0,0,0,0,0,0,0,0,0,0,0,0,0,0,0,0,0,0,0,0,0,0,0,0
128,Nassau County (Northeast)--Oyster Bay Town (North) & Glen Cove City PUMA,1512,903,609,1170,754,416,342,149,193,457,457,0,457,457,0,0,0,0,835,297,538,713,297,416,122,0,122,220,149,71,0,0,0,220,149,71
129,Monroe County (North & West) PUMA,0,0,0,0,0,0,0,0,0,0,0,0,0,0,0,0,0,0,0,0,0,0,0,0,0,0,0,0,0,0,0,0,0,0,0,0
130,Sullivan & Ulster (West) Counties PUMA,310,180,130,203,130,73,107,50,57,50,50,0,0,0,0,50,50,0,186,56,130,129,56,73,57,0,57,74,74,0,74,74,0,0,0,0
131,Suffolk County (Southwest)--Babylon Town (Southeast) PUMA,221,85,136,221,85,136,0,0,0,0,0,0,0,0,0,0,0,0,221,85,136,221,85,136,0,0,0,0,0,0,0,0,0,0,0,0
132,Suffolk County (Northwest)--Huntington Town (North) PUMA,2319,1158,1161,1643,1068,575,676,90,586,475,67,408,270,67,203,205,0,205,971,282,689,590,282,308,381,0,381,873,809,64,783,719,64,90,90,0
133,"NYC-Queens Community District 12--Jamaica, Hollis & St. Albans PUMA",6276,3724,2552,4905,3051,1854,1371,673,698,632,167,465,556,167,389,76,0,76,2704,1682,1022,1741,1263,478,963,419,544,2940,1875,1065,2608,1621,987,332,254,78
134,"NYC-Queens Community District 13--Queens Village, Cambria Heights & Rosedale PUMA",1636,759,877,1447,705,742,189,54,135,657,302,355,522,302,220,135,0,135,979,457,522,925,403,522,54,54,0,0,0,0,0,0,0,0,0,0
135,Monroe County (Central)--Rochester City (West) PUMA,214,0,214,214,0,214,0,0,0,0,0,0,0,0,0,0,0,0,0,0,0,0,0,0,0,0,0,214,0,214,214,0,214,0,0,0
136,NYC-Queens Community District 10--Howard Beach & Ozone Park PUMA,4760,2284,2476,4053,1951,2102,707,333,374,1473,510,963,1095,242,853,378,268,110,2688,1175,1513,2359,1110,1249,329,65,264,599,599,0,599,599,0,0,0,0
137,Suffolk County (Central)--Islip Town (Northwest) PUMA,4318,3048,1270,3251,2698,553,1067,350,717,290,290,0,189,189,0,101,101,0,2791,2047,744,2146,1798,348,645,249,396,1237,711,526,916,711,205,321,0,321
138,Putnam County PUMA,790,486,304,790,486,304,0,0,0,465,161,304,465,161,304,0,0,0,61,61,0,61,61,0,0,0,0,264,264,0,264,264,0,0,0,0
139,NYC-Queens Community District 2--Sunnyside & Woodside PUMA,3416,2141,1275,2641,1553,1088,775,588,187,590,227,363,499,227,272,91,0,91,2331,1534,797,1647,946,701,684,588,96,495,380,115,495,380,115,0,0,0
140,Nassau County (Central)--Hempstead Town (East Central) PUMA,333,333,0,179,179,0,154,154,0,333,333,0,179,179,0,154,154,0,0,0,0,0,0,0,0,0,0,0,0,0,0,0,0,0,0,0
141,Suffolk County (Northwest)--Huntington Town (South) PUMA,184,0,184,184,0,184,0,0,0,0,0,0,0,0,0,0,0,0,184,0,184,184,0,184,0,0,0,0,0,0,0,0,0,0,0,0
142,"NYC-Bronx Community District 4--Concourse, Highbridge & Mount Eden PUMA",9604,4920,4684,7241,3830,3411,2363,1090,1273,1637,758,879,1401,758,643,236,0,236,5542,2668,2874,4139,2129,2010,1403,539,864,2425,1494,931,1701,943,758,724,551,173
143,Nassau County (Central)--Hempstead Town (Northeast) PUMA,3406,2871,535,2970,2793,177,436,78,358,0,0,0,0,0,0,0,0,0,1488,953,535,1130,953,177,358,0,358,1918,1918,0,1840,1840,0,78,78,0
144,NYC-Brooklyn Community District 14--Flatbush & Midwood PUMA,1670,776,894,1232,402,830,438,374,64,191,127,64,127,127,0,64,0,64,1243,480,763,869,106,763,374,374,0,236,169,67,236,169,67,0,0,0
145,"Rockland County (West)--Spring Valley, Suffern Villages & Monsey PUMA",1069,771,298,818,661,157,251,110,141,20,20,0,20,20,0,0,0,0,467,310,157,357,200,157,110,110,0,582,441,141,441,441,0,141,0,141
146,Capital Region,993,144,849,889,144,745,104,0,104,405,23,382,301,23,278,104,0,104,455,37,418,455,37,418,0,0,0,133,84,49,133,84,49,0,0,0
147,Central NY,344,74,270,306,74,232,38,0,38,134,42,92,134,42,92,0,0,0,140,0,140,140,0,140,0,0,0,70,32,38,32,32,0,38,0,38
148,Finger Lakes,2000,1413,587,1627,1413,214,373,0,373,0,0,0,0,0,0,0,0,0,1054,813,241,813,813,0,241,0,241,946,600,346,814,600,214,132,0,132
149,Long Island,32585,21293,11292,26463,18196,8267,6122,3097,3025,3198,1779,1419,2609,1524,1085,589,255,334,18877,11841,7036,15829,10662,5167,3048,1179,1869,10510,7673,2837,8025,6010,2015,2485,1663,822
150,Mid-Hudson,35497,22585,12912,29491,20536,8955,6006,2049,3957,4484,1905,2579,4236,1820,2416,248,85,163,20427,11633,8794,16453,10721,5732,3974,912,3062,10586,9047,1539,8802,7995,807,1784,1052,732
151,Mohawk Valley,214,114,100,153,114,39,61,0,61,100,0,100,39,0,39,61,0,61,0,0,0,0,0,0,0,0,0,114,114,0,114,114,0,0,0,0
152,New York City,200693,109198,91495,165796,96745,69051,34897,12453,22444,39127,14498,24629,33482,12767,20715,5645,1731,3914,117179,63943,53236,95685,55621,40064,21494,8322,13172,44387,30757,13630,36629,28357,8272,7758,2400,5358
153,North Country,204,89,115,22,0,22,182,89,93,22,0,22,22,0,22,0,0,0,182,89,93,0,0,0,182,89,93,0,0,0,0,0,0,0,0,0
154,Southern Tier,420,11,409,420,11,409,0,0,0,272,0,272,272,0,272,0,0,0,137,0,137,137,0,137,0,0,0,11,11,0,11,11,0,0,0,0
155,Western NY,1865,1449,416,1517,1283,234,348,166,182,237,237,0,237,237,0,0,0,0,1336,1033,303,988,867,121,348,166,182,292,179,113,292,179,113,0,0,0
