,puma,Total_geo,Total_geo_m,Total_geo_f,Total_Emp_mf_t,Total_emp_m,Total_emp_f,Total_UnEmp_mf_t,Total_UnEmp_m,Total_UnEmp_f,Total_BABS,Total_BABS_m,Total_BABS_f,BABS_Emp_mf_t,BABS_emp_m,BABS_emp_f,BABS_UnEmp_mf_t,BABS_UnEmp_m,BABS_UnEmp_f,Total_HS,Total_HS_m,Total_HS_f,HS_Emp_mf_t,HS_emp_m,HS_emp_f,HS_UnEmp_mf_t,HS_UnEmp_m,HS_UnEmp_f,Total_HSINC,Total_HSINC_m,Total_HSINC_f,HSINC_Emp_mf_t,HSINC_emp_m,HSINC_emp_f,HSINC_UnEmp_mf_t,HSINC_UnEmp_m,HSINC_UnEmp_f
0,Total Geo,272977,154972,118005,261471,149619,111852,11506,5353,6153,47710,18987,28723,45636,17833,27803,2074,1154,920,159060,88198,70862,153010,85670,67340,6050,2528,3522,66207,47787,18420,62825,46116,16709,3382,1671,1711
1,NYC-Manhattan Community District 7--Upper West Side & West Side PUMA,188,188,0,188,188,0,0,0,0,188,188,0,188,188,0,0,0,0,0,0,0,0,0,0,0,0,0,0,0,0,0,0,0,0,0,0
2,Nassau County (West Central)--Hempstead Town (Northwest) PUMA,1869,754,1115,1624,509,1115,245,245,0,160,94,66,160,94,66,0,0,0,1709,660,1049,1464,415,1049,245,245,0,0,0,0,0,0,0,0,0,0
3,NYC-Brooklyn Community District 2--Brooklyn Heights & Fort Greene PUMA,410,75,335,410,75,335,0,0,0,134,75,59,134,75,59,0,0,0,276,0,276,276,0,276,0,0,0,0,0,0,0,0,0,0,0,0
4,Madison & Cortland Counties PUMA,0,0,0,0,0,0,0,0,0,0,0,0,0,0,0,0,0,0,0,0,0,0,0,0,0,0,0,0,0,0,0,0,0,0,0,0
5,Ontario & Yates Counties PUMA,0,0,0,0,0,0,0,0,0,0,0,0,0,0,0,0,0,0,0,0,0,0,0,0,0,0,0,0,0,0,0,0,0,0,0,0
6,Monroe County (Central)--Greece & Gates Towns PUMA,0,0,0,0,0,0,0,0,0,0,0,0,0,0,0,0,0,0,0,0,0,0,0,0,0,0,0,0,0,0,0,0,0,0,0,0
7,Nassau County (East Central)--Oyster Bay Town (Central) PUMA,405,125,280,284,125,159,121,0,121,61,61,0,61,61,0,0,0,0,273,64,209,152,64,88,121,0,121,71,0,71,71,0,71,0,0,0
8,"Clinton, Franklin, Essex & Hamilton Counties PUMA",93,0,93,93,0,93,0,0,0,0,0,0,0,0,0,0,0,0,93,0,93,93,0,93,0,0,0,0,0,0,0,0,0,0,0,0
9,NYC-Manhattan Community District 8--Upper East Side PUMA,1337,950,387,1337,950,387,0,0,0,716,479,237,716,479,237,0,0,0,357,207,150,357,207,150,0,0,0,264,264,0,264,264,0,0,0,0
10,Suffolk County (Southwest)--Islip Town (South) PUMA,1698,685,1013,1089,76,1013,609,609,0,672,672,0,63,63,0,609,609,0,0,0,0,0,0,0,0,0,0,1026,13,1013,1026,13,1013,0,0,0
11,Erie County (Northwest) PUMA,223,223,0,223,223,0,0,0,0,0,0,0,0,0,0,0,0,0,223,223,0,223,223,0,0,0,0,0,0,0,0,0,0,0,0,0
12,"NYC-Queens Community District 8--Briarwood, Fresh Meadows & Hillcrest PUMA",4538,2532,2006,4538,2532,2006,0,0,0,1821,585,1236,1821,585,1236,0,0,0,956,678,278,956,678,278,0,0,0,1761,1269,492,1761,1269,492,0,0,0
13,NYC-Brooklyn Community District 5--East New York & Starrett City PUMA,4436,2349,2087,4034,2238,1796,402,111,291,361,151,210,361,151,210,0,0,0,3251,1790,1461,2960,1790,1170,291,0,291,824,408,416,713,297,416,111,111,0
14,Rockland County (North)--New City & Congers PUMA,2713,1655,1058,2649,1655,994,64,0,64,0,0,0,0,0,0,0,0,0,2299,1241,1058,2235,1241,994,64,0,64,414,414,0,414,414,0,0,0,0
15,"Otsego, Schoharie, Oneida (South) & Herkimer (South) Counties PUMA",7,7,0,7,7,0,0,0,0,0,0,0,0,0,0,0,0,0,0,0,0,0,0,0,0,0,0,7,7,0,7,7,0,0,0,0
16,NYC-Brooklyn Community District 7--Sunset Park & Windsor Terrace PUMA,4291,2620,1671,4291,2620,1671,0,0,0,225,0,225,225,0,225,0,0,0,2505,1550,955,2505,1550,955,0,0,0,1561,1070,491,1561,1070,491,0,0,0
17,NYC-Brooklyn Community District 11--Bensonhurst & Bath Beach PUMA,3579,2321,1258,3512,2254,1258,67,67,0,640,407,233,640,407,233,0,0,0,2202,1393,809,2135,1326,809,67,67,0,737,521,216,737,521,216,0,0,0
18,Tompkins County PUMA,11,11,0,11,11,0,0,0,0,0,0,0,0,0,0,0,0,0,0,0,0,0,0,0,0,0,0,11,11,0,11,11,0,0,0,0
19,Dutchess County (Southwest) PUMA,1822,958,864,1493,958,535,329,0,329,55,55,0,55,55,0,0,0,0,1333,469,864,1004,469,535,329,0,329,434,434,0,434,434,0,0,0,0
20,NYC-Queens Community District 9--Richmond Hill & Woodhaven PUMA,8375,4360,4015,7985,4255,3730,390,105,285,2227,861,1366,2138,861,1277,89,0,89,5314,2859,2455,5099,2754,2345,215,105,110,834,640,194,748,640,108,86,0,86
21,Westchester County (Northwest) PUMA,4805,4041,764,4600,3836,764,205,205,0,476,429,47,271,224,47,205,205,0,2869,2152,717,2869,2152,717,0,0,0,1460,1460,0,1460,1460,0,0,0,0
22,Albany County (Outside Albany City) PUMA,0,0,0,0,0,0,0,0,0,0,0,0,0,0,0,0,0,0,0,0,0,0,0,0,0,0,0,0,0,0,0,0,0,0,0,0
23,Monroe County (South) PUMA,556,424,132,556,424,132,0,0,0,0,0,0,0,0,0,0,0,0,327,327,0,327,327,0,0,0,0,229,97,132,229,97,132,0,0,0
24,Jefferson & Lewis Counties PUMA,22,0,22,22,0,22,0,0,0,22,0,22,22,0,22,0,0,0,0,0,0,0,0,0,0,0,0,0,0,0,0,0,0,0,0,0
25,"Chenango, Delaware & Broome (East) Counties PUMA",0,0,0,0,0,0,0,0,0,0,0,0,0,0,0,0,0,0,0,0,0,0,0,0,0,0,0,0,0,0,0,0,0,0,0,0
26,Erie County (Central) PUMA,62,62,0,62,62,0,0,0,0,0,0,0,0,0,0,0,0,0,62,62,0,62,62,0,0,0,0,0,0,0,0,0,0,0,0,0
27,St. Lawrence County PUMA,0,0,0,0,0,0,0,0,0,0,0,0,0,0,0,0,0,0,0,0,0,0,0,0,0,0,0,0,0,0,0,0,0,0,0,0
28,"NYC-Manhattan Community District 9--Hamilton Heights, Manhattanville & West Harlem PUMA",8400,5148,3252,8244,4992,3252,156,156,0,1602,1039,563,1602,1039,563,0,0,0,3859,2205,1654,3703,2049,1654,156,156,0,2939,1904,1035,2939,1904,1035,0,0,0
29,Suffolk County (North Central)--Brookhaven Town (North) PUMA,639,339,300,639,339,300,0,0,0,207,0,207,207,0,207,0,0,0,244,151,93,244,151,93,0,0,0,188,188,0,188,188,0,0,0,0
30,NYC-Brooklyn Community District 1--Greenpoint & Williamsburg PUMA,2800,1751,1049,2789,1740,1049,11,11,0,694,505,189,683,494,189,11,11,0,2106,1246,860,2106,1246,860,0,0,0,0,0,0,0,0,0,0,0,0
31,Cayuga & Onondaga (South) Counties PUMA,0,0,0,0,0,0,0,0,0,0,0,0,0,0,0,0,0,0,0,0,0,0,0,0,0,0,0,0,0,0,0,0,0,0,0,0
32,Nassau County (Southeast)--Oyster Bay Town (South) PUMA,257,88,169,257,88,169,0,0,0,88,88,0,88,88,0,0,0,0,169,0,169,169,0,169,0,0,0,0,0,0,0,0,0,0,0,0
33,Fulton & Montgomery Counties PUMA,0,0,0,0,0,0,0,0,0,0,0,0,0,0,0,0,0,0,0,0,0,0,0,0,0,0,0,0,0,0,0,0,0,0,0,0
34,Onondaga County (Central)--Syracuse City (Outer) PUMA,134,42,92,134,42,92,0,0,0,134,42,92,134,42,92,0,0,0,0,0,0,0,0,0,0,0,0,0,0,0,0,0,0,0,0,0
35,NYC-Staten Island Community District 2--New Springville & South Beach PUMA,0,0,0,0,0,0,0,0,0,0,0,0,0,0,0,0,0,0,0,0,0,0,0,0,0,0,0,0,0,0,0,0,0,0,0,0
36,Niagara County (Southwest)--Greater Niagara Falls & North Tonawanda Area PUMA,358,358,0,358,358,0,0,0,0,0,0,0,0,0,0,0,0,0,358,358,0,358,358,0,0,0,0,0,0,0,0,0,0,0,0,0
37,Suffolk County (Central)--Brookhaven Town (Central) PUMA,581,581,0,581,581,0,0,0,0,0,0,0,0,0,0,0,0,0,333,333,0,333,333,0,0,0,0,248,248,0,248,248,0,0,0,0
38,"NYC-Bronx Community District 7--Bedford Park, Fordham North & Norwood PUMA",6278,3114,3164,5826,2662,3164,452,452,0,1135,494,641,1135,494,641,0,0,0,3247,1784,1463,3247,1784,1463,0,0,0,1896,836,1060,1444,384,1060,452,452,0
39,NYC-Queens Community District 4--Elmhurst & South Corona PUMA,7770,5469,2301,7615,5314,2301,155,155,0,1095,591,504,1095,591,504,0,0,0,5230,3836,1394,5075,3681,1394,155,155,0,1445,1042,403,1445,1042,403,0,0,0
40,"NYC-Brooklyn Community District 6--Park Slope, Carroll Gardens & Red Hook PUMA",748,143,605,748,143,605,0,0,0,748,143,605,748,143,605,0,0,0,0,0,0,0,0,0,0,0,0,0,0,0,0,0,0,0,0,0
41,Suffolk County (Central)--Islip Town (East) PUMA,83,83,0,83,83,0,0,0,0,0,0,0,0,0,0,0,0,0,83,83,0,83,83,0,0,0,0,0,0,0,0,0,0,0,0,0
42,"NYC-Brooklyn Community District 9--Crown Heights South, Prospect Lefferts & Wingate PUMA",1147,394,753,1032,335,697,115,59,56,0,0,0,0,0,0,0,0,0,949,252,697,949,252,697,0,0,0,198,142,56,83,83,0,115,59,56
43,"NYC-Queens Community District 7--Flushing, Murray Hill & Whitestone PUMA",4431,2785,1646,4431,2785,1646,0,0,0,941,176,765,941,176,765,0,0,0,2194,1313,881,2194,1313,881,0,0,0,1296,1296,0,1296,1296,0,0,0,0
44,NYC-Queens Community District 3--Jackson Heights & North Corona PUMA,17699,11018,6681,17001,11018,5983,698,0,698,1234,415,819,1234,415,819,0,0,0,12941,7654,5287,12379,7654,4725,562,0,562,3524,2949,575,3388,2949,439,136,0,136
45,Saratoga County (Outer) PUMA,0,0,0,0,0,0,0,0,0,0,0,0,0,0,0,0,0,0,0,0,0,0,0,0,0,0,0,0,0,0,0,0,0,0,0,0
46,"NYC-Bronx Community District 12--Wakefield, Williamsbridge & Woodlawn PUMA",3342,1872,1470,3342,1872,1470,0,0,0,569,174,395,569,174,395,0,0,0,2065,990,1075,2065,990,1075,0,0,0,708,708,0,708,708,0,0,0,0
47,"NYC-Brooklyn Community District 15--Sheepshead Bay, Gerritsen Beach & Homecrest PUMA",1111,679,432,1047,679,368,64,0,64,159,95,64,95,95,0,64,0,64,656,288,368,656,288,368,0,0,0,296,296,0,296,296,0,0,0,0
48,Wayne & Seneca Counties PUMA,0,0,0,0,0,0,0,0,0,0,0,0,0,0,0,0,0,0,0,0,0,0,0,0,0,0,0,0,0,0,0,0,0,0,0,0
49,Schenectady County--Schenectady City PUMA,346,0,346,346,0,346,0,0,0,346,0,346,346,0,346,0,0,0,0,0,0,0,0,0,0,0,0,0,0,0,0,0,0,0,0,0
50,NYC-Brooklyn Community District 10--Bay Ridge & Dyker Heights PUMA,1591,722,869,1296,722,574,295,0,295,199,0,199,199,0,199,0,0,0,877,722,155,877,722,155,0,0,0,515,0,515,220,0,220,295,0,295
51,Nassau County (Northwest)--North Hempstead Town (North) PUMA,219,135,84,135,135,0,84,0,84,84,0,84,0,0,0,84,0,84,135,135,0,135,135,0,0,0,0,0,0,0,0,0,0,0,0,0
52,Suffolk County (West Central)--Babylon Town (Northwest) PUMA,2659,1947,712,2620,1947,673,39,0,39,459,98,361,459,98,361,0,0,0,1477,1165,312,1477,1165,312,0,0,0,723,684,39,684,684,0,39,0,39
53,"NYC-Manhattan Community District 4 & 5--Chelsea, Clinton & Midtown Business District PUMA",421,271,150,421,271,150,0,0,0,271,271,0,271,271,0,0,0,0,150,0,150,150,0,150,0,0,0,0,0,0,0,0,0,0,0,0
54,Columbia & Greene Counties PUMA,170,85,85,170,85,85,0,0,0,36,0,36,36,0,36,0,0,0,37,37,0,37,37,0,0,0,0,97,48,49,97,48,49,0,0,0
55,Rensselaer County--Troy City PUMA,59,59,0,36,36,0,23,23,0,23,23,0,0,0,0,23,23,0,0,0,0,0,0,0,0,0,0,36,36,0,36,36,0,0,0,0
56,Erie County (West Central)--Buffalo City (West) PUMA,350,237,113,350,237,113,0,0,0,237,237,0,237,237,0,0,0,0,0,0,0,0,0,0,0,0,0,113,0,113,113,0,113,0,0,0
57,Erie County (South) PUMA,0,0,0,0,0,0,0,0,0,0,0,0,0,0,0,0,0,0,0,0,0,0,0,0,0,0,0,0,0,0,0,0,0,0,0,0
58,Oneida County (Central)--Greater Utica & Rome Cities PUMA,100,0,100,100,0,100,0,0,0,100,0,100,100,0,100,0,0,0,0,0,0,0,0,0,0,0,0,0,0,0,0,0,0,0,0,0
59,"NYC-Manhattan Community District 12--Washington Heights, Inwood & Marble Hill PUMA",18207,10257,7950,17060,9842,7218,1147,415,732,2295,1151,1144,2295,1151,1144,0,0,0,12185,6357,5828,11394,6298,5096,791,59,732,3727,2749,978,3371,2393,978,356,356,0
60,NYC-Brooklyn Community District 13--Brighton Beach & Coney Island PUMA,298,0,298,298,0,298,0,0,0,0,0,0,0,0,0,0,0,0,298,0,298,298,0,298,0,0,0,0,0,0,0,0,0,0,0,0
61,NYC-Manhattan Community District 10--Central Harlem PUMA,1659,107,1552,1659,107,1552,0,0,0,525,0,525,525,0,525,0,0,0,565,0,565,565,0,565,0,0,0,569,107,462,569,107,462,0,0,0
62,Nassau County (West Central)--North Hempstead Town (South) PUMA,1922,1393,529,1922,1393,529,0,0,0,30,0,30,30,0,30,0,0,0,1212,899,313,1212,899,313,0,0,0,680,494,186,680,494,186,0,0,0
63,NYC-Brooklyn Community District 16--Brownsville & Ocean Hill PUMA,1443,459,984,1443,459,984,0,0,0,257,0,257,257,0,257,0,0,0,1016,289,727,1016,289,727,0,0,0,170,170,0,170,170,0,0,0,0
64,Albany County (East Central)--Albany City PUMA,418,0,418,418,0,418,0,0,0,0,0,0,0,0,0,0,0,0,418,0,418,418,0,418,0,0,0,0,0,0,0,0,0,0,0,0
65,Nassau County (West Central)--Hempstead Town (West Central) PUMA,1838,1286,552,1661,1109,552,177,177,0,0,0,0,0,0,0,0,0,0,1491,939,552,1314,762,552,177,177,0,347,347,0,347,347,0,0,0,0
66,Chemung (South) & Steuben (East) Counties--Greater Elmira & Greater Corning Cities PUMA,0,0,0,0,0,0,0,0,0,0,0,0,0,0,0,0,0,0,0,0,0,0,0,0,0,0,0,0,0,0,0,0,0,0,0,0
67,"NYC-Bronx Community District 3 & 6--Belmont, Crotona Park East & East Tremont PUMA",8544,4537,4007,8371,4537,3834,173,0,173,1675,558,1117,1589,558,1031,86,0,86,5377,3100,2277,5377,3100,2277,0,0,0,1492,879,613,1405,879,526,87,0,87
68,"NYC-Bronx Community District 5--Morris Heights, Fordham South & Mount Hope PUMA",7335,3525,3810,7335,3525,3810,0,0,0,1589,579,1010,1589,579,1010,0,0,0,3712,1855,1857,3712,1855,1857,0,0,0,2034,1091,943,2034,1091,943,0,0,0
69,"NYC-Bronx Community District 8--Riverdale, Fieldston & Kingsbridge PUMA",5510,2238,3272,5510,2238,3272,0,0,0,1119,230,889,1119,230,889,0,0,0,3413,1487,1926,3413,1487,1926,0,0,0,978,521,457,978,521,457,0,0,0
70,Erie County (Northeast) PUMA,0,0,0,0,0,0,0,0,0,0,0,0,0,0,0,0,0,0,0,0,0,0,0,0,0,0,0,0,0,0,0,0,0,0,0,0
71,NYC-Manhattan Community District 11--East Harlem PUMA,2274,1003,1271,2018,1003,1015,256,0,256,166,0,166,166,0,166,0,0,0,1374,495,879,1118,495,623,256,0,256,734,508,226,734,508,226,0,0,0
72,Orange County (Southeast) PUMA,1058,635,423,1058,635,423,0,0,0,347,0,347,347,0,347,0,0,0,561,485,76,561,485,76,0,0,0,150,150,0,150,150,0,0,0,0
73,Westchester County (Southeast) PUMA,4245,2581,1664,4245,2581,1664,0,0,0,991,241,750,991,241,750,0,0,0,1351,555,796,1351,555,796,0,0,0,1903,1785,118,1903,1785,118,0,0,0
74,NYC-Queens Community District 1--Astoria & Long Island City PUMA,4292,2770,1522,3821,2454,1367,471,316,155,1173,854,319,1039,720,319,134,134,0,1911,1151,760,1574,969,605,337,182,155,1208,765,443,1208,765,443,0,0,0
75,Livingston & Wyoming Counties PUMA,137,137,0,137,137,0,0,0,0,0,0,0,0,0,0,0,0,0,31,31,0,31,31,0,0,0,0,106,106,0,106,106,0,0,0,0
76,Suffolk County (Central)--Brookhaven Town (West Central) PUMA,520,333,187,520,333,187,0,0,0,0,0,0,0,0,0,0,0,0,332,256,76,332,256,76,0,0,0,188,77,111,188,77,111,0,0,0
77,Westchester County (Southwest)--Yonkers City PUMA,6603,3621,2982,6187,3484,2703,416,137,279,579,327,252,579,327,252,0,0,0,4711,2723,1988,4574,2586,1988,137,137,0,1313,571,742,1034,571,463,279,0,279
78,Erie County (North Central) PUMA,121,0,121,121,0,121,0,0,0,0,0,0,0,0,0,0,0,0,121,0,121,121,0,121,0,0,0,0,0,0,0,0,0,0,0,0
79,Saratoga County (South & Central) PUMA,0,0,0,0,0,0,0,0,0,0,0,0,0,0,0,0,0,0,0,0,0,0,0,0,0,0,0,0,0,0,0,0,0,0,0,0
80,Suffolk County (South Central)--Brookhaven Town (South) PUMA,351,231,120,351,231,120,0,0,0,0,0,0,0,0,0,0,0,0,351,231,120,351,231,120,0,0,0,0,0,0,0,0,0,0,0,0
81,"NYC-Staten Island Community District 3--Tottenville, Great Kills & Annadale PUMA",217,217,0,217,217,0,0,0,0,0,0,0,0,0,0,0,0,0,217,217,0,217,217,0,0,0,0,0,0,0,0,0,0,0,0,0
82,Herkimer (North & Central) & Oneida (Outer) Counties PUMA,107,107,0,107,107,0,0,0,0,0,0,0,0,0,0,0,0,0,0,0,0,0,0,0,0,0,0,107,107,0,107,107,0,0,0,0
83,Niagara County (North & East) PUMA,0,0,0,0,0,0,0,0,0,0,0,0,0,0,0,0,0,0,0,0,0,0,0,0,0,0,0,0,0,0,0,0,0,0,0,0
84,Monroe County (Central)--Rochester City (East) PUMA,180,180,0,62,62,0,118,118,0,0,0,0,0,0,0,0,0,0,180,180,0,62,62,0,118,118,0,0,0,0,0,0,0,0,0,0
85,Warren & Washington Counties PUMA,0,0,0,0,0,0,0,0,0,0,0,0,0,0,0,0,0,0,0,0,0,0,0,0,0,0,0,0,0,0,0,0,0,0,0,0
86,Nassau County (Southwest)--Hempstead Town (Southwest) & Long Beach City PUMA,1000,917,83,1000,917,83,0,0,0,2,0,2,2,0,2,0,0,0,688,607,81,688,607,81,0,0,0,310,310,0,310,310,0,0,0,0
87,NYC-Brooklyn Community District 8--Crown Heights North & Prospect Heights PUMA,1339,156,1183,1259,76,1183,80,80,0,886,76,810,886,76,810,0,0,0,453,80,373,373,0,373,80,80,0,0,0,0,0,0,0,0,0,0
88,Onondaga County (Central)--Syracuse City PUMA,210,32,178,210,32,178,0,0,0,0,0,0,0,0,0,0,0,0,140,0,140,140,0,140,0,0,0,70,32,38,70,32,38,0,0,0
89,Westchester County (Central)--White Plains City PUMA,1104,440,664,1104,440,664,0,0,0,212,0,212,212,0,212,0,0,0,498,208,290,498,208,290,0,0,0,394,232,162,394,232,162,0,0,0
90,NYC-Brooklyn Community District 3--Bedford-Stuyvesant PUMA,1753,601,1152,1590,601,989,163,0,163,235,0,235,235,0,235,0,0,0,1038,284,754,1038,284,754,0,0,0,480,317,163,317,317,0,163,0,163
91,"NYC-Bronx Community District 1 & 2--Hunts Point, Longwood & Melrose PUMA",6551,3742,2809,6356,3742,2614,195,0,195,1788,622,1166,1593,622,971,195,0,195,3292,2060,1232,3292,2060,1232,0,0,0,1471,1060,411,1471,1060,411,0,0,0
92,Cattaraugus & Allegany Counties PUMA,0,0,0,0,0,0,0,0,0,0,0,0,0,0,0,0,0,0,0,0,0,0,0,0,0,0,0,0,0,0,0,0,0,0,0,0
93,Oswego County PUMA,0,0,0,0,0,0,0,0,0,0,0,0,0,0,0,0,0,0,0,0,0,0,0,0,0,0,0,0,0,0,0,0,0,0,0,0
94,"NYC-Queens Community District 5--Ridgewood, Glendale & Middle Village PUMA",2368,1303,1065,2272,1207,1065,96,96,0,230,49,181,230,49,181,0,0,0,1527,760,767,1431,664,767,96,96,0,611,494,117,611,494,117,0,0,0
95,Monroe County (East) PUMA,516,275,241,516,275,241,0,0,0,0,0,0,0,0,0,0,0,0,516,275,241,516,275,241,0,0,0,0,0,0,0,0,0,0,0,0
96,Westchester County (South Central)--New Rochelle & Mount Vernon Cities PUMA,3419,2208,1211,3419,2208,1211,0,0,0,448,229,219,448,229,219,0,0,0,1949,1167,782,1949,1167,782,0,0,0,1022,812,210,1022,812,210,0,0,0
97,"NYC-Queens Community District 14--Far Rockaway, Breezy Point & Broad Channel PUMA",658,513,145,658,513,145,0,0,0,95,0,95,95,0,95,0,0,0,139,139,0,139,139,0,0,0,0,424,374,50,424,374,50,0,0,0
98,"NYC-Brooklyn Community District 12--Borough Park, Kensington & Ocean Parkway PUMA",1838,1152,686,1838,1152,686,0,0,0,423,125,298,423,125,298,0,0,0,697,309,388,697,309,388,0,0,0,718,718,0,718,718,0,0,0,0
99,"NYC-Bronx Community District 10--Co-op City, Pelham Bay & Schuylerville PUMA",3375,1369,2006,3375,1369,2006,0,0,0,1248,0,1248,1248,0,1248,0,0,0,1666,908,758,1666,908,758,0,0,0,461,461,0,461,461,0,0,0,0
100,"NYC-Queens Community District 11--Bayside, Douglaston & Little Neck PUMA",1215,889,326,1215,889,326,0,0,0,98,98,0,98,98,0,0,0,0,1008,714,294,1008,714,294,0,0,0,109,77,32,109,77,32,0,0,0
101,"NYC-Manhattan Community District 6--Murray Hill, Gramercy & Stuyvesant Town PUMA",487,177,310,487,177,310,0,0,0,487,177,310,487,177,310,0,0,0,0,0,0,0,0,0,0,0,0,0,0,0,0,0,0,0,0,0
102,Chautauqua County PUMA,0,0,0,0,0,0,0,0,0,0,0,0,0,0,0,0,0,0,0,0,0,0,0,0,0,0,0,0,0,0,0,0,0,0,0,0
103,NYC-Brooklyn Community District 18--Canarsie & Flatlands PUMA,1500,715,785,1324,715,609,176,0,176,785,0,785,609,0,609,176,0,176,715,715,0,715,715,0,0,0,0,0,0,0,0,0,0,0,0,0
104,Erie County (West Central)--Buffalo City (East) PUMA,406,224,182,406,224,182,0,0,0,0,0,0,0,0,0,0,0,0,406,224,182,406,224,182,0,0,0,0,0,0,0,0,0,0,0,0
105,Genesee & Orleans Counties PUMA,305,305,0,305,305,0,0,0,0,0,0,0,0,0,0,0,0,0,0,0,0,0,0,0,0,0,0,305,305,0,305,305,0,0,0,0
106,"NYC-Staten Island Community District 1--Port Richmond, Stapleton & Mariner's Harbor PUMA",668,259,409,668,259,409,0,0,0,134,0,134,134,0,134,0,0,0,487,259,228,487,259,228,0,0,0,47,0,47,47,0,47,0,0,0
107,"Steuben (North & West), Schuyler & Chemung (North) Counties PUMA",0,0,0,0,0,0,0,0,0,0,0,0,0,0,0,0,0,0,0,0,0,0,0,0,0,0,0,0,0,0,0,0,0,0,0,0
108,Nassau County (South Central)--Hempstead Town (Southeast) PUMA,1914,1416,498,1629,1131,498,285,285,0,134,70,64,134,70,64,0,0,0,659,520,139,659,520,139,0,0,0,1121,826,295,836,541,295,285,285,0
109,"NYC-Bronx Community District 9--Castle Hill, Clason Point & Parkchester PUMA",5904,2924,2980,5833,2924,2909,71,0,71,340,202,138,340,202,138,0,0,0,4115,1479,2636,4044,1479,2565,71,0,71,1449,1243,206,1449,1243,206,0,0,0
110,Suffolk County (East) PUMA,139,11,128,139,11,128,0,0,0,0,0,0,0,0,0,0,0,0,128,0,128,128,0,128,0,0,0,11,11,0,11,11,0,0,0,0
111,Orange County (Northwest) PUMA,1458,1305,153,1458,1305,153,0,0,0,0,0,0,0,0,0,0,0,0,1348,1195,153,1348,1195,153,0,0,0,110,110,0,110,110,0,0,0,0
112,Broome County (West Central)--Greater Binghamton City & Greater Johnson City Village PUMA,137,0,137,137,0,137,0,0,0,0,0,0,0,0,0,0,0,0,137,0,137,137,0,137,0,0,0,0,0,0,0,0,0,0,0,0
113,"NYC-Bronx Community District 11--Pelham Parkway, Morris Park & Laconia PUMA",4133,2357,1776,4023,2357,1666,110,0,110,656,48,608,656,48,608,0,0,0,2373,1432,941,2263,1432,831,110,0,110,1104,877,227,1104,877,227,0,0,0
114,Suffolk County (Northwest)--Smithtown Town PUMA,230,158,72,230,158,72,0,0,0,230,158,72,230,158,72,0,0,0,0,0,0,0,0,0,0,0,0,0,0,0,0,0,0,0,0,0
115,Ulster County (East) PUMA,236,236,0,236,236,0,0,0,0,0,0,0,0,0,0,0,0,0,63,63,0,63,63,0,0,0,0,173,173,0,173,173,0,0,0,0
116,Westchester County (Northeast) PUMA,2956,1480,1476,2874,1398,1476,82,82,0,0,0,0,0,0,0,0,0,0,1763,477,1286,1763,477,1286,0,0,0,1193,1003,190,1111,921,190,82,82,0
117,NYC-Brooklyn Community District 4--Bushwick PUMA,4002,2383,1619,3891,2272,1619,111,111,0,929,250,679,929,250,679,0,0,0,2705,1946,759,2705,1946,759,0,0,0,368,187,181,257,76,181,111,111,0
118,NYC-Manhattan Community District 3--Chinatown & Lower East Side PUMA,1569,810,759,1569,810,759,0,0,0,594,406,188,594,406,188,0,0,0,777,206,571,777,206,571,0,0,0,198,198,0,198,198,0,0,0,0
119,Dutchess County (North & East) PUMA,226,226,0,226,226,0,0,0,0,0,0,0,0,0,0,0,0,0,157,157,0,157,157,0,0,0,0,69,69,0,69,69,0,0,0,0
120,Nassau County (Central)--Hempstead Town (North Central)--Meadowbrook Corridor PUMA,4455,2790,1665,4233,2632,1601,222,158,64,125,0,125,125,0,125,0,0,0,3066,2026,1040,2844,1868,976,222,158,64,1264,764,500,1264,764,500,0,0,0
121,Broome (Outer West) & Tioga Counties PUMA,272,0,272,272,0,272,0,0,0,272,0,272,272,0,272,0,0,0,0,0,0,0,0,0,0,0,0,0,0,0,0,0,0,0,0,0
122,"Rockland County (South)--Orangetown, Clarkstown (South) & Ramapo (Southeast) Towns PUMA",1556,998,558,1556,998,558,0,0,0,841,393,448,841,393,448,0,0,0,110,0,110,110,0,110,0,0,0,605,605,0,605,605,0,0,0,0
123,"NYC-Brooklyn Community District 17--East Flatbush, Farragut & Rugby PUMA",533,74,459,459,0,459,74,74,0,62,0,62,62,0,62,0,0,0,252,74,178,178,0,178,74,74,0,219,0,219,219,0,219,0,0,0
124,Orange County (Northeast)--Greater Newburgh City PUMA,1618,711,907,1618,711,907,0,0,0,0,0,0,0,0,0,0,0,0,1103,451,652,1103,451,652,0,0,0,515,260,255,515,260,255,0,0,0
125,"NYC-Manhattan Community District 1 & 2--Battery Park City, Greenwich Village & Soho PUMA",78,78,0,78,78,0,0,0,0,0,0,0,0,0,0,0,0,0,78,78,0,78,78,0,0,0,0,0,0,0,0,0,0,0,0,0
126,NYC-Queens Community District 6--Forest Hills & Rego Park PUMA,1151,441,710,1151,441,710,0,0,0,501,333,168,501,333,168,0,0,0,650,108,542,650,108,542,0,0,0,0,0,0,0,0,0,0,0,0
127,Onondaga County (North) PUMA,0,0,0,0,0,0,0,0,0,0,0,0,0,0,0,0,0,0,0,0,0,0,0,0,0,0,0,0,0,0,0,0,0,0,0,0
128,Nassau County (Northeast)--Oyster Bay Town (North) & Glen Cove City PUMA,1512,903,609,1512,903,609,0,0,0,457,457,0,457,457,0,0,0,0,835,297,538,835,297,538,0,0,0,220,149,71,220,149,71,0,0,0
129,Monroe County (North & West) PUMA,0,0,0,0,0,0,0,0,0,0,0,0,0,0,0,0,0,0,0,0,0,0,0,0,0,0,0,0,0,0,0,0,0,0,0,0
130,Sullivan & Ulster (West) Counties PUMA,310,180,130,310,180,130,0,0,0,50,50,0,50,50,0,0,0,0,186,56,130,186,56,130,0,0,0,74,74,0,74,74,0,0,0,0
131,Suffolk County (Southwest)--Babylon Town (Southeast) PUMA,85,85,0,85,85,0,0,0,0,0,0,0,0,0,0,0,0,0,85,85,0,85,85,0,0,0,0,0,0,0,0,0,0,0,0,0
132,Suffolk County (Northwest)--Huntington Town (North) PUMA,2319,1158,1161,2319,1158,1161,0,0,0,475,67,408,475,67,408,0,0,0,971,282,689,971,282,689,0,0,0,873,809,64,873,809,64,0,0,0
133,"NYC-Queens Community District 12--Jamaica, Hollis & St. Albans PUMA",6189,3637,2552,5389,3517,1872,800,120,680,632,167,465,632,167,465,0,0,0,2660,1638,1022,2484,1638,846,176,0,176,2897,1832,1065,2273,1712,561,624,120,504
134,"NYC-Queens Community District 13--Queens Village, Cambria Heights & Rosedale PUMA",1712,759,953,1636,759,877,76,0,76,657,302,355,657,302,355,0,0,0,1055,457,598,979,457,522,76,0,76,0,0,0,0,0,0,0,0,0
135,Monroe County (Central)--Rochester City (West) PUMA,214,0,214,214,0,214,0,0,0,0,0,0,0,0,0,0,0,0,0,0,0,0,0,0,0,0,0,214,0,214,214,0,214,0,0,0
136,NYC-Queens Community District 10--Howard Beach & Ozone Park PUMA,4998,2360,2638,4545,2178,2367,453,182,271,1529,404,1125,1367,404,963,162,0,162,2870,1357,1513,2579,1175,1404,291,182,109,599,599,0,599,599,0,0,0,0
137,Suffolk County (Central)--Islip Town (Northwest) PUMA,4070,2919,1151,4070,2919,1151,0,0,0,290,290,0,290,290,0,0,0,0,2662,1918,744,2662,1918,744,0,0,0,1118,711,407,1118,711,407,0,0,0
138,Putnam County PUMA,790,486,304,790,486,304,0,0,0,465,161,304,465,161,304,0,0,0,61,61,0,61,61,0,0,0,0,264,264,0,264,264,0,0,0,0
139,NYC-Queens Community District 2--Sunnyside & Woodside PUMA,3449,2174,1275,3354,2079,1275,95,95,0,590,227,363,590,227,363,0,0,0,2269,1472,797,2269,1472,797,0,0,0,590,475,115,495,380,115,95,95,0
140,Nassau County (Central)--Hempstead Town (East Central) PUMA,333,333,0,179,179,0,154,154,0,333,333,0,179,179,0,154,154,0,0,0,0,0,0,0,0,0,0,0,0,0,0,0,0,0,0,0
141,Suffolk County (Northwest)--Huntington Town (South) PUMA,184,0,184,184,0,184,0,0,0,0,0,0,0,0,0,0,0,0,184,0,184,184,0,184,0,0,0,0,0,0,0,0,0,0,0,0
142,"NYC-Bronx Community District 4--Concourse, Highbridge & Mount Eden PUMA",9028,4826,4202,8443,4437,4006,585,389,196,1401,758,643,1401,758,643,0,0,0,5309,2574,2735,4790,2185,2605,519,389,130,2318,1494,824,2252,1494,758,66,0,66
143,Nassau County (Central)--Hempstead Town (Northeast) PUMA,3328,2793,535,3328,2793,535,0,0,0,0,0,0,0,0,0,0,0,0,1488,953,535,1488,953,535,0,0,0,1840,1840,0,1840,1840,0,0,0,0
144,NYC-Brooklyn Community District 14--Flatbush & Midwood PUMA,1670,776,894,1440,610,830,230,166,64,191,127,64,109,109,0,82,18,64,1243,480,763,1095,332,763,148,148,0,236,169,67,236,169,67,0,0,0
145,"Rockland County (West)--Spring Valley, Suffern Villages & Monsey PUMA",1095,631,464,929,631,298,166,0,166,20,20,0,20,20,0,0,0,0,493,170,323,327,170,157,166,0,166,582,441,141,582,441,141,0,0,0
146,Capital Region,993,144,849,970,121,849,23,23,0,405,23,382,382,0,382,23,23,0,455,37,418,455,37,418,0,0,0,133,84,49,133,84,49,0,0,0
147,Central NY,344,74,270,344,74,270,0,0,0,134,42,92,134,42,92,0,0,0,140,0,140,140,0,140,0,0,0,70,32,38,70,32,38,0,0,0
148,Finger Lakes,1908,1321,587,1790,1203,587,118,118,0,0,0,0,0,0,0,0,0,0,1054,813,241,936,695,241,118,118,0,854,508,346,854,508,346,0,0,0
149,Long Island,32610,21463,11147,30674,19835,10839,1936,1628,308,3807,2388,1419,2960,1625,1335,847,763,84,18575,11604,6971,17810,11024,6786,765,580,185,10228,7471,2757,9904,7186,2718,324,285,39
150,Mid-Hudson,36014,22392,13622,34752,21968,12784,1262,424,838,4484,1905,2579,4279,1700,2579,205,205,0,20855,11630,9225,20159,11493,8666,696,137,559,10675,8857,1818,10314,8775,1539,361,82,279
151,Mohawk Valley,214,114,100,214,114,100,0,0,0,100,0,100,100,0,100,0,0,0,0,0,0,0,0,0,0,0,0,114,114,0,114,114,0,0,0,0
152,New York City,198839,108349,90490,190672,105189,85483,8167,3160,5007,38249,14392,23857,37250,14229,23021,999,163,836,116581,63247,53334,112110,61554,50556,4471,1693,2778,44009,30710,13299,41312,29406,11906,2697,1304,1393
153,North Country,115,0,115,115,0,115,0,0,0,22,0,22,22,0,22,0,0,0,93,0,93,93,0,93,0,0,0,0,0,0,0,0,0,0,0,0
154,Southern Tier,420,11,409,420,11,409,0,0,0,272,0,272,272,0,272,0,0,0,137,0,137,137,0,137,0,0,0,11,11,0,11,11,0,0,0,0
155,Western NY,1520,1104,416,1520,1104,416,0,0,0,237,237,0,237,237,0,0,0,0,1170,867,303,1170,867,303,0,0,0,113,0,113,113,0,113,0,0,0
