,puma,Total_geo,Total_geo_m,Total_geo_f,Total_FT_mf_t,Total_FT_m,Total_FT_f,Total_PT_mf_t,Total_PT_m,Total_PT_f,Total_BABS,Total_BABS_m,Total_BABS_f,BABS_FT_mf_t,BABS_FT_m,BABS_FT_f,BABS_PT_mf_t,BABS_PT_m,BABS_PT_f,Total_HS,Total_HS_m,Total_HS_f,HS_FT_mf_t,HS_FT_m,HS_FT_f,HS_PT_mf_t,HS_PT_m,HS_PT_f,Total_HSINC,Total_HSINC_m,Total_HSINC_f,HSINC_FT_mf_t,HSINC_FT_m,HSINC_FT_f,HSINC_PT_mf_t,HSINC_PT_m,HSINC_PT_f
0,Total Geo,1044795,565803,478992,866355,503495,362860,178440,62308,116132,429880,212255,217625,372476,192316,180160,57404,19939,37465,476132,266624,209508,384019,235459,148560,92113,31165,60948,138783,86924,51859,109860,75720,34140,28923,11204,17719
1,"NYC-Manhattan Community District 9--Hamilton Heights, Manhattanville & West Harlem PUMA",17007,9945,7062,14061,9041,5020,2946,904,2042,7432,3507,3925,6095,2986,3109,1337,521,816,8421,5586,2835,7114,5203,1911,1307,383,924,1154,852,302,852,852,0,302,0,302
2,Ulster County (East) PUMA,2588,682,1906,1746,682,1064,842,0,842,1086,292,794,567,292,275,519,0,519,1109,307,802,1096,307,789,13,0,13,393,83,310,83,83,0,310,0,310
3,Albany County (East Central)--Albany City PUMA,3873,2192,1681,3399,1879,1520,474,313,161,1656,619,1037,1329,453,876,327,166,161,1883,1239,644,1814,1170,644,69,69,0,334,334,0,256,256,0,78,78,0
4,Chemung (South) & Steuben (East) Counties--Greater Elmira & Greater Corning Cities PUMA,1201,374,827,1201,374,827,0,0,0,638,210,428,638,210,428,0,0,0,164,164,0,164,164,0,0,0,0,399,0,399,399,0,399,0,0,0
5,Ontario & Yates Counties PUMA,660,195,465,281,133,148,379,62,317,488,195,293,160,133,27,328,62,266,172,0,172,121,0,121,51,0,51,0,0,0,0,0,0,0,0,0
6,Suffolk County (North Central)--Brookhaven Town (North) PUMA,1932,960,972,1433,901,532,499,59,440,1082,915,167,958,856,102,124,59,65,817,45,772,442,45,397,375,0,375,33,0,33,33,0,33,0,0,0
7,Westchester County (South Central)--New Rochelle & Mount Vernon Cities PUMA,14338,7061,7277,11915,6864,5051,2423,197,2226,5141,2776,2365,4792,2776,2016,349,0,349,7644,3152,4492,5570,2955,2615,2074,197,1877,1553,1133,420,1553,1133,420,0,0,0
8,"Clinton, Franklin, Essex & Hamilton Counties PUMA",293,110,183,293,110,183,0,0,0,177,110,67,177,110,67,0,0,0,15,0,15,15,0,15,0,0,0,101,0,101,101,0,101,0,0,0
9,Oneida County (Central)--Greater Utica & Rome Cities PUMA,1942,1236,706,1622,1192,430,320,44,276,920,406,514,836,406,430,84,0,84,575,476,99,432,432,0,143,44,99,447,354,93,354,354,0,93,0,93
10,"NYC-Bronx Community District 3 & 6--Belmont, Crotona Park East & East Tremont PUMA",15675,8839,6836,12189,7522,4667,3486,1317,2169,3599,2053,1546,2498,1353,1145,1101,700,401,8265,4948,3317,7112,4612,2500,1153,336,817,3811,1838,1973,2579,1557,1022,1232,281,951
11,Livingston & Wyoming Counties PUMA,865,508,357,686,508,178,179,0,179,607,487,120,607,487,120,0,0,0,58,0,58,58,0,58,0,0,0,200,21,179,21,21,0,179,0,179
12,NYC-Manhattan Community District 3--Chinatown & Lower East Side PUMA,5010,2254,2756,4018,2021,1997,992,233,759,2488,1159,1329,1913,1002,911,575,157,418,2346,1095,1251,1929,1019,910,417,76,341,176,0,176,176,0,176,0,0,0
13,Suffolk County (West Central)--Babylon Town (Northwest) PUMA,7675,5069,2606,6356,4751,1605,1319,318,1001,1797,764,1033,1448,764,684,349,0,349,4208,3485,723,4055,3485,570,153,0,153,1670,820,850,853,502,351,817,318,499
14,Broome County (West Central)--Greater Binghamton City & Greater Johnson City Village PUMA,3172,1584,1588,1497,1039,458,1675,545,1130,1869,1215,654,781,731,50,1088,484,604,871,61,810,408,0,408,463,61,402,432,308,124,308,308,0,124,0,124
15,Nassau County (Northwest)--North Hempstead Town (North) PUMA,7554,4180,3374,6494,3938,2556,1060,242,818,5079,3087,1992,4477,2863,1614,602,224,378,1648,730,918,1364,712,652,284,18,266,827,363,464,653,363,290,174,0,174
16,Monroe County (Central)--Rochester City (East) PUMA,950,380,570,800,296,504,150,84,66,461,360,101,377,276,101,84,84,0,183,20,163,117,20,97,66,0,66,306,0,306,306,0,306,0,0,0
17,Westchester County (Northwest) PUMA,9005,4539,4466,6652,3751,2901,2353,788,1565,3180,1766,1414,2610,1669,941,570,97,473,4801,2151,2650,3199,1641,1558,1602,510,1092,1024,622,402,843,441,402,181,181,0
18,NYC-Brooklyn Community District 16--Brownsville & Ocean Hill PUMA,5263,3216,2047,4367,2834,1533,896,382,514,1692,843,849,1389,843,546,303,0,303,3082,2014,1068,2758,1771,987,324,243,81,489,359,130,220,220,0,269,139,130
19,Onondaga County (Central)--Syracuse City PUMA,2959,1840,1119,2421,1596,825,538,244,294,1616,921,695,1578,883,695,38,38,0,1054,796,258,732,646,86,322,150,172,289,123,166,111,67,44,178,56,122
20,Westchester County (Northeast) PUMA,5574,3063,2511,3934,2910,1024,1640,153,1487,1803,1029,774,1537,876,661,266,153,113,2165,1232,933,1455,1232,223,710,0,710,1606,802,804,942,802,140,664,0,664
21,Madison & Cortland Counties PUMA,240,42,198,197,42,155,43,0,43,160,42,118,117,42,75,43,0,43,0,0,0,0,0,0,0,0,0,80,0,80,80,0,80,0,0,0
22,Erie County (West Central)--Buffalo City (West) PUMA,3949,2169,1780,2770,1209,1561,1179,960,219,1267,745,522,909,387,522,358,358,0,1185,691,494,905,630,275,280,61,219,1497,733,764,956,192,764,541,541,0
23,Monroe County (Central)--Rochester City (West) PUMA,2174,1623,551,1101,1020,81,1073,603,470,429,429,0,159,159,0,270,270,0,1519,968,551,716,635,81,803,333,470,226,226,0,226,226,0,0,0,0
24,Suffolk County (Central)--Islip Town (East) PUMA,2064,1024,1040,1993,1024,969,71,0,71,1214,588,626,1143,588,555,71,0,71,689,436,253,689,436,253,0,0,0,161,0,161,161,0,161,0,0,0
25,Nassau County (Central)--Hempstead Town (East Central) PUMA,2365,1414,951,1972,1315,657,393,99,294,1381,1001,380,1170,902,268,211,99,112,897,326,571,715,326,389,182,0,182,87,87,0,87,87,0,0,0,0
26,"NYC-Bronx Community District 5--Morris Heights, Fordham South & Mount Hope PUMA",13675,7755,5920,10994,6568,4426,2681,1187,1494,2722,1514,1208,2513,1470,1043,209,44,165,7081,3938,3143,5644,3388,2256,1437,550,887,3872,2303,1569,2837,1710,1127,1035,593,442
27,St. Lawrence County PUMA,373,174,199,320,174,146,53,0,53,227,174,53,174,174,0,53,0,53,146,0,146,146,0,146,0,0,0,0,0,0,0,0,0,0,0,0
28,Columbia & Greene Counties PUMA,334,277,57,295,277,18,39,0,39,160,127,33,145,127,18,15,0,15,174,150,24,150,150,0,24,0,24,0,0,0,0,0,0,0,0,0
29,NYC-Brooklyn Community District 2--Brooklyn Heights & Fort Greene PUMA,3927,1676,2251,3221,1366,1855,706,310,396,3081,1250,1831,2682,1088,1594,399,162,237,510,202,308,463,202,261,47,0,47,336,224,112,76,76,0,260,148,112
30,"NYC-Queens Community District 8--Briarwood, Fresh Meadows & Hillcrest PUMA",21573,12718,8855,16338,10394,5944,5235,2324,2911,10329,5864,4465,7745,4592,3153,2584,1272,1312,9925,6288,3637,7559,5384,2175,2366,904,1462,1319,566,753,1034,418,616,285,148,137
31,Monroe County (North & West) PUMA,139,53,86,139,53,86,0,0,0,0,0,0,0,0,0,0,0,0,139,53,86,139,53,86,0,0,0,0,0,0,0,0,0,0,0,0
32,Schenectady County--Schenectady City PUMA,2689,1503,1186,2689,1503,1186,0,0,0,1268,701,567,1268,701,567,0,0,0,1364,745,619,1364,745,619,0,0,0,57,57,0,57,57,0,0,0,0
33,"Rockland County (West)--Spring Valley, Suffern Villages & Monsey PUMA",6855,3046,3809,5504,2501,3003,1351,545,806,1826,932,894,1528,762,766,298,170,128,3086,1114,1972,2732,1114,1618,354,0,354,1943,1000,943,1244,625,619,699,375,324
34,Niagara County (North & East) PUMA,215,91,124,215,91,124,0,0,0,168,75,93,168,75,93,0,0,0,20,0,20,20,0,20,0,0,0,27,16,11,27,16,11,0,0,0
35,Suffolk County (Central)--Brookhaven Town (Central) PUMA,3148,1938,1210,2589,1938,651,559,0,559,869,466,403,544,466,78,325,0,325,1947,1472,475,1713,1472,241,234,0,234,332,0,332,332,0,332,0,0,0
36,Suffolk County (East) PUMA,8004,4205,3799,6209,3709,2500,1795,496,1299,978,348,630,802,348,454,176,0,176,5093,2656,2437,3686,2160,1526,1407,496,911,1933,1201,732,1721,1201,520,212,0,212
37,Warren & Washington Counties PUMA,728,333,395,558,163,395,170,170,0,447,170,277,277,0,277,170,170,0,247,129,118,247,129,118,0,0,0,34,34,0,34,34,0,0,0,0
38,NYC-Queens Community District 6--Forest Hills & Rego Park PUMA,17184,6949,10235,15795,6551,9244,1389,398,991,12897,5096,7801,12055,4828,7227,842,268,574,4232,1853,2379,3685,1723,1962,547,130,417,55,0,55,55,0,55,0,0,0
39,"NYC-Brooklyn Community District 9--Crown Heights South, Prospect Lefferts & Wingate PUMA",5171,2073,3098,4363,1935,2428,808,138,670,2119,540,1579,1770,402,1368,349,138,211,2353,1197,1156,2146,1197,949,207,0,207,699,336,363,447,336,111,252,0,252
40,Westchester County (Central)--White Plains City PUMA,13848,7870,5978,11611,6997,4614,2237,873,1364,6729,3623,3106,6051,3518,2533,678,105,573,5831,3799,2032,4703,3076,1627,1128,723,405,1288,448,840,857,403,454,431,45,386
41,"NYC-Bronx Community District 1 & 2--Hunts Point, Longwood & Melrose PUMA",12847,7048,5799,10242,5994,4248,2605,1054,1551,2971,1318,1653,2500,1107,1393,471,211,260,7246,3759,3487,5878,3275,2603,1368,484,884,2630,1971,659,1864,1612,252,766,359,407
42,Erie County (North Central) PUMA,3065,1481,1584,2870,1481,1389,195,0,195,2229,1090,1139,2175,1090,1085,54,0,54,534,304,230,393,304,89,141,0,141,302,87,215,302,87,215,0,0,0
43,Chautauqua County PUMA,608,369,239,533,294,239,75,75,0,326,87,239,326,87,239,0,0,0,227,227,0,152,152,0,75,75,0,55,55,0,55,55,0,0,0,0
44,Dutchess County (Southwest) PUMA,6106,3181,2925,4857,2996,1861,1249,185,1064,2202,1035,1167,1760,1035,725,442,0,442,3197,1944,1253,2713,1759,954,484,185,299,707,202,505,384,202,182,323,0,323
45,Westchester County (Southeast) PUMA,9242,6227,3015,7841,6044,1797,1401,183,1218,3735,2344,1391,3196,2344,852,539,0,539,4002,2732,1270,3546,2732,814,456,0,456,1505,1151,354,1099,968,131,406,183,223
46,Rockland County (North)--New City & Congers PUMA,10776,5779,4997,9082,4694,4388,1694,1085,609,4917,2939,1978,4223,2346,1877,694,593,101,5215,2302,2913,4270,1810,2460,945,492,453,644,538,106,589,538,51,55,0,55
47,NYC-Staten Island Community District 2--New Springville & South Beach PUMA,6433,2939,3494,4341,2609,1732,2092,330,1762,4030,2302,1728,3159,2182,977,871,120,751,1643,559,1084,1104,349,755,539,210,329,760,78,682,78,78,0,682,0,682
48,Suffolk County (Southwest)--Islip Town (South) PUMA,2201,1731,470,1697,1393,304,504,338,166,981,605,376,909,605,304,72,0,72,899,899,0,561,561,0,338,338,0,321,227,94,227,227,0,94,0,94
49,Erie County (West Central)--Buffalo City (East) PUMA,2615,1795,820,1698,1078,620,917,717,200,1052,721,331,549,345,204,503,376,127,1563,1074,489,1149,733,416,414,341,73,0,0,0,0,0,0,0,0,0
50,Wayne & Seneca Counties PUMA,591,78,513,467,78,389,124,0,124,202,78,124,78,78,0,124,0,124,389,0,389,389,0,389,0,0,0,0,0,0,0,0,0,0,0,0
51,Monroe County (South) PUMA,3754,2061,1693,3481,1972,1509,273,89,184,2737,1426,1311,2648,1337,1311,89,89,0,681,436,245,497,436,61,184,0,184,336,199,137,336,199,137,0,0,0
52,Tompkins County PUMA,2560,906,1654,1998,813,1185,562,93,469,1254,557,697,867,464,403,387,93,294,1306,349,957,1131,349,782,175,0,175,0,0,0,0,0,0,0,0,0
53,Suffolk County (South Central)--Brookhaven Town (South) PUMA,5931,3246,2685,5615,3170,2445,316,76,240,1053,756,297,977,680,297,76,76,0,2652,905,1747,2412,905,1507,240,0,240,2226,1585,641,2226,1585,641,0,0,0
54,"Otsego, Schoharie, Oneida (South) & Herkimer (South) Counties PUMA",391,123,268,330,84,246,61,39,22,205,97,108,166,58,108,39,39,0,164,26,138,164,26,138,0,0,0,22,0,22,0,0,0,22,0,22
55,NYC-Manhattan Community District 8--Upper East Side PUMA,12552,4996,7556,10845,4519,6326,1707,477,1230,11027,4341,6686,9369,3913,5456,1658,428,1230,1525,655,870,1476,606,870,49,49,0,0,0,0,0,0,0,0,0,0
56,"NYC-Manhattan Community District 1 & 2--Battery Park City, Greenwich Village & Soho PUMA",4684,1190,3494,3980,1190,2790,704,0,704,4479,985,3494,3775,985,2790,704,0,704,205,205,0,205,205,0,0,0,0,0,0,0,0,0,0,0,0,0
57,"NYC-Manhattan Community District 12--Washington Heights, Inwood & Marble Hill PUMA",26285,16078,10207,21130,13689,7441,5155,2389,2766,8160,3688,4472,7556,3352,4204,604,336,268,15528,9900,5628,11651,8521,3130,3877,1379,2498,2597,2490,107,1923,1816,107,674,674,0
58,NYC-Brooklyn Community District 18--Canarsie & Flatlands PUMA,13259,6594,6665,11353,5772,5581,1906,822,1084,4604,2243,2361,4247,2001,2246,357,242,115,7632,3652,3980,6351,3148,3203,1281,504,777,1023,699,324,755,623,132,268,76,192
59,"NYC-Bronx Community District 12--Wakefield, Williamsbridge & Woodlawn PUMA",10108,4565,5543,7163,3805,3358,2945,760,2185,3119,1042,2077,2624,909,1715,495,133,362,5348,2664,2684,3503,2428,1075,1845,236,1609,1641,859,782,1036,468,568,605,391,214
60,Suffolk County (Central)--Islip Town (Northwest) PUMA,20273,11396,8877,18083,10231,7852,2190,1165,1025,2741,1389,1352,2434,1167,1267,307,222,85,12878,7379,5499,11425,6505,4920,1453,874,579,4654,2628,2026,4224,2559,1665,430,69,361
61,"NYC-Queens Community District 14--Far Rockaway, Breezy Point & Broad Channel PUMA",9929,5276,4653,8223,4970,3253,1706,306,1400,4734,2441,2293,4421,2441,1980,313,0,313,4497,2835,1662,3345,2529,816,1152,306,846,698,0,698,457,0,457,241,0,241
62,Saratoga County (South & Central) PUMA,1586,1210,376,1308,1210,98,278,0,278,1361,985,376,1083,985,98,278,0,278,183,183,0,183,183,0,0,0,0,42,42,0,42,42,0,0,0,0
63,Cattaraugus & Allegany Counties PUMA,205,119,86,187,119,68,18,0,18,137,119,18,119,119,0,18,0,18,68,0,68,68,0,68,0,0,0,0,0,0,0,0,0,0,0,0
64,Genesee & Orleans Counties PUMA,365,365,0,365,365,0,0,0,0,0,0,0,0,0,0,0,0,0,365,365,0,365,365,0,0,0,0,0,0,0,0,0,0,0,0,0
65,Cayuga & Onondaga (South) Counties PUMA,694,375,319,592,375,217,102,0,102,174,111,63,174,111,63,0,0,0,474,218,256,372,218,154,102,0,102,46,46,0,46,46,0,0,0,0
66,Sullivan & Ulster (West) Counties PUMA,2298,1345,953,1746,1028,718,552,317,235,502,109,393,502,109,393,0,0,0,1162,602,560,744,419,325,418,183,235,634,634,0,500,500,0,134,134,0
67,"NYC-Bronx Community District 7--Bedford Park, Fordham North & Norwood PUMA",14365,9491,4874,11429,8096,3333,2936,1395,1541,3687,2038,1649,3271,1895,1376,416,143,273,8880,6684,2196,7215,5854,1361,1665,830,835,1798,769,1029,943,347,596,855,422,433
68,Suffolk County (Central)--Brookhaven Town (West Central) PUMA,4956,3005,1951,4744,3005,1739,212,0,212,2172,1205,967,2052,1205,847,120,0,120,1963,1336,627,1871,1336,535,92,0,92,821,464,357,821,464,357,0,0,0
69,NYC-Queens Community District 1--Astoria & Long Island City PUMA,14143,7217,6926,11950,6585,5365,2193,632,1561,6754,3548,3206,6085,3548,2537,669,0,669,6057,2865,3192,4928,2451,2477,1129,414,715,1332,804,528,937,586,351,395,218,177
70,Jefferson & Lewis Counties PUMA,1251,552,699,765,403,362,486,149,337,546,225,321,452,131,321,94,94,0,684,327,357,313,272,41,371,55,316,21,0,21,0,0,0,21,0,21
71,Nassau County (West Central)--Hempstead Town (Northwest) PUMA,11862,6669,5193,10262,6249,4013,1600,420,1180,5548,2414,3134,4823,2130,2693,725,284,441,4664,3008,1656,4075,3008,1067,589,0,589,1650,1247,403,1364,1111,253,286,136,150
72,Nassau County (Central)--Hempstead Town (North Central)--Meadowbrook Corridor PUMA,13881,7239,6642,12507,7028,5479,1374,211,1163,2713,1250,1463,2604,1141,1463,109,109,0,7898,3257,4641,6813,3155,3658,1085,102,983,3270,2732,538,3090,2732,358,180,0,180
73,Orange County (Northeast)--Greater Newburgh City PUMA,4528,2663,1865,4141,2608,1533,387,55,332,1575,567,1008,1492,567,925,83,0,83,2653,1796,857,2349,1741,608,304,55,249,300,300,0,300,300,0,0,0,0
74,"NYC-Bronx Community District 11--Pelham Parkway, Morris Park & Laconia PUMA",7615,4145,3470,5676,3010,2666,1939,1135,804,2636,925,1711,2476,925,1551,160,0,160,3502,2201,1301,2049,1294,755,1453,907,546,1477,1019,458,1151,791,360,326,228,98
75,"NYC-Queens Community District 12--Jamaica, Hollis & St. Albans PUMA",15359,9247,6112,12633,8403,4230,2726,844,1882,4488,2758,1730,4059,2758,1301,429,0,429,8150,4626,3524,6541,4143,2398,1609,483,1126,2721,1863,858,2033,1502,531,688,361,327
76,Erie County (Central) PUMA,1516,969,547,810,644,166,706,325,381,368,202,166,245,79,166,123,123,0,1148,767,381,565,565,0,583,202,381,0,0,0,0,0,0,0,0,0
77,"NYC-Staten Island Community District 1--Port Richmond, Stapleton & Mariner's Harbor PUMA",15081,8159,6922,13138,7291,5847,1943,868,1075,7115,3063,4052,6215,2727,3488,900,336,564,6287,4053,2234,5341,3521,1820,946,532,414,1679,1043,636,1582,1043,539,97,0,97
78,"NYC-Brooklyn Community District 15--Sheepshead Bay, Gerritsen Beach & Homecrest PUMA",8803,4343,4460,7195,3422,3773,1608,921,687,3704,1396,2308,3373,1396,1977,331,0,331,4084,2028,2056,3031,1331,1700,1053,697,356,1015,919,96,791,695,96,224,224,0
79,"NYC-Bronx Community District 8--Riverdale, Fieldston & Kingsbridge PUMA",10341,5166,5175,7644,4561,3083,2697,605,2092,4268,1857,2411,3178,1508,1670,1090,349,741,4811,2667,2144,3416,2512,904,1395,155,1240,1262,642,620,1050,541,509,212,101,111
80,NYC-Brooklyn Community District 5--East New York & Starrett City PUMA,17824,8934,8890,16051,8391,7660,1773,543,1230,2237,961,1276,1952,836,1116,285,125,160,12539,6263,6276,11254,5991,5263,1285,272,1013,3048,1710,1338,2845,1564,1281,203,146,57
81,Onondaga County (Central)--Syracuse City (Outer) PUMA,1315,503,812,1136,503,633,179,0,179,951,383,568,928,383,545,23,0,23,274,30,244,118,30,88,156,0,156,90,90,0,90,90,0,0,0,0
82,"NYC-Manhattan Community District 6--Murray Hill, Gramercy & Stuyvesant Town PUMA",9108,5227,3881,8663,4842,3821,445,385,60,8093,4406,3687,7708,4021,3687,385,385,0,955,821,134,955,821,134,0,0,0,60,0,60,0,0,0,60,0,60
83,"Chenango, Delaware & Broome (East) Counties PUMA",270,161,109,148,95,53,122,66,56,72,19,53,72,19,53,0,0,0,87,31,56,0,0,0,87,31,56,111,111,0,76,76,0,35,35,0
84,Orange County (Northwest) PUMA,6386,2988,3398,4755,2692,2063,1631,296,1335,1424,688,736,1349,688,661,75,0,75,4898,2300,2598,3342,2004,1338,1556,296,1260,64,0,64,64,0,64,0,0,0
85,NYC-Brooklyn Community District 7--Sunset Park & Windsor Terrace PUMA,10706,4989,5717,8639,4377,4262,2067,612,1455,3904,1452,2452,3611,1393,2218,293,59,234,4005,2118,1887,2973,1717,1256,1032,401,631,2797,1419,1378,2055,1267,788,742,152,590
86,Nassau County (Northeast)--Oyster Bay Town (North) & Glen Cove City PUMA,5798,3046,2752,5273,3046,2227,525,0,525,3697,1719,1978,3610,1719,1891,87,0,87,1738,964,774,1300,964,336,438,0,438,363,363,0,363,363,0,0,0,0
87,Dutchess County (North & East) PUMA,2723,1809,914,2189,1678,511,534,131,403,852,309,543,481,178,303,371,131,240,951,661,290,869,661,208,82,0,82,920,839,81,839,839,0,81,0,81
88,Putnam County PUMA,2974,1475,1499,2909,1475,1434,65,0,65,1474,672,802,1409,672,737,65,0,65,1141,478,663,1141,478,663,0,0,0,359,325,34,359,325,34,0,0,0
89,Albany County (Outside Albany City) PUMA,4907,2394,2513,4878,2394,2484,29,0,29,3985,2022,1963,3956,2022,1934,29,0,29,684,187,497,684,187,497,0,0,0,238,185,53,238,185,53,0,0,0
90,"NYC-Bronx Community District 10--Co-op City, Pelham Bay & Schuylerville PUMA",4501,2329,2172,3895,2329,1566,606,0,606,1864,1611,253,1729,1611,118,135,0,135,2022,536,1486,1551,536,1015,471,0,471,615,182,433,615,182,433,0,0,0
91,NYC-Queens Community District 4--Elmhurst & South Corona PUMA,32289,19913,12376,26847,17729,9118,5442,2184,3258,10146,6438,3708,6899,5177,1722,3247,1261,1986,16452,9145,7307,14610,8222,6388,1842,923,919,5691,4330,1361,5338,4330,1008,353,0,353
92,"NYC-Brooklyn Community District 12--Borough Park, Kensington & Ocean Parkway PUMA",5680,3745,1935,4251,2763,1488,1429,982,447,1975,1248,727,1694,1063,631,281,185,96,2718,1734,984,1816,1135,681,902,599,303,987,763,224,741,565,176,246,198,48
93,Nassau County (Southeast)--Oyster Bay Town (South) PUMA,1113,765,348,1041,765,276,72,0,72,962,614,348,890,614,276,72,0,72,151,151,0,151,151,0,0,0,0,0,0,0,0,0,0,0,0,0
94,Suffolk County (Northwest)--Huntington Town (South) PUMA,3832,1775,2057,3490,1775,1715,342,0,342,2909,1485,1424,2567,1485,1082,342,0,342,818,185,633,818,185,633,0,0,0,105,105,0,105,105,0,0,0,0
95,Oswego County PUMA,0,0,0,0,0,0,0,0,0,0,0,0,0,0,0,0,0,0,0,0,0,0,0,0,0,0,0,0,0,0,0,0,0,0,0,0
96,Rensselaer County--Troy City PUMA,1864,1107,757,1692,1063,629,172,44,128,1663,941,722,1491,897,594,172,44,128,166,166,0,166,166,0,0,0,0,35,0,35,35,0,35,0,0,0
97,Saratoga County (Outer) PUMA,761,376,385,522,376,146,239,0,239,439,376,63,376,376,0,63,0,63,322,0,322,146,0,146,176,0,176,0,0,0,0,0,0,0,0,0
98,Herkimer (North & Central) & Oneida (Outer) Counties PUMA,275,0,275,275,0,275,0,0,0,0,0,0,0,0,0,0,0,0,0,0,0,0,0,0,0,0,0,275,0,275,275,0,275,0,0,0
99,Monroe County (East) PUMA,1353,625,728,1035,625,410,318,0,318,906,496,410,906,496,410,0,0,0,281,129,152,129,129,0,152,0,152,166,0,166,0,0,0,166,0,166
100,"NYC-Queens Community District 13--Queens Village, Cambria Heights & Rosedale PUMA",21944,11676,10268,18398,9954,8444,3546,1722,1824,10343,5318,5025,8648,4554,4094,1695,764,931,10530,5524,5006,8810,4663,4147,1720,861,859,1071,834,237,940,737,203,131,97,34
101,Erie County (South) PUMA,134,134,0,134,134,0,0,0,0,134,134,0,134,134,0,0,0,0,0,0,0,0,0,0,0,0,0,0,0,0,0,0,0,0,0,0
102,Monroe County (Central)--Greece & Gates Towns PUMA,1198,696,502,1198,696,502,0,0,0,902,454,448,902,454,448,0,0,0,256,202,54,256,202,54,0,0,0,40,40,0,40,40,0,0,0,0
103,NYC-Manhattan Community District 7--Upper West Side & West Side PUMA,10076,6026,4050,9114,5507,3607,962,519,443,8333,4506,3827,7661,4166,3495,672,340,332,1216,1104,112,1037,925,112,179,179,0,527,416,111,416,416,0,111,0,111
104,NYC-Manhattan Community District 11--East Harlem PUMA,7617,3737,3880,6684,3183,3501,933,554,379,2666,971,1695,2456,971,1485,210,0,210,3462,1648,1814,2908,1094,1814,554,554,0,1489,1118,371,1320,1118,202,169,0,169
105,"NYC-Queens Community District 7--Flushing, Murray Hill & Whitestone PUMA",30809,15142,15667,24160,13325,10835,6649,1817,4832,11748,5000,6748,9272,4003,5269,2476,997,1479,15373,8295,7078,12236,7526,4710,3137,769,2368,3688,1847,1841,2652,1796,856,1036,51,985
106,NYC-Brooklyn Community District 1--Greenpoint & Williamsburg PUMA,7234,3809,3425,5987,3269,2718,1247,540,707,4361,2180,2181,3574,1828,1746,787,352,435,1961,1219,742,1767,1177,590,194,42,152,912,410,502,646,264,382,266,146,120
107,Onondaga County (North) PUMA,1813,920,893,1554,920,634,259,0,259,613,415,198,566,415,151,47,0,47,647,259,388,557,259,298,90,0,90,553,246,307,431,246,185,122,0,122
108,NYC-Brooklyn Community District 14--Flatbush & Midwood PUMA,9100,5232,3868,8110,4998,3112,990,234,756,2419,818,1601,2338,818,1520,81,0,81,4982,3627,1355,4073,3393,680,909,234,675,1699,787,912,1699,787,912,0,0,0
109,"Rockland County (South)--Orangetown, Clarkstown (South) & Ramapo (Southeast) Towns PUMA",4869,2071,2798,3508,1682,1826,1361,389,972,1440,392,1048,1278,286,992,162,106,56,3198,1448,1750,1999,1165,834,1199,283,916,231,231,0,231,231,0,0,0,0
110,NYC-Brooklyn Community District 13--Brighton Beach & Coney Island PUMA,4329,2461,1868,3603,2272,1331,726,189,537,1522,1004,518,1319,932,387,203,72,131,2103,1041,1062,1706,924,782,397,117,280,704,416,288,578,416,162,126,0,126
111,"NYC-Bronx Community District 4--Concourse, Highbridge & Mount Eden PUMA",15442,6615,8827,11343,5064,6279,4099,1551,2548,3977,1424,2553,3712,1159,2553,265,265,0,9397,4121,5276,6206,3148,3058,3191,973,2218,2068,1070,998,1425,757,668,643,313,330
112,Erie County (Northeast) PUMA,471,275,196,471,275,196,0,0,0,391,195,196,391,195,196,0,0,0,80,80,0,80,80,0,0,0,0,0,0,0,0,0,0,0,0,0
113,NYC-Brooklyn Community District 8--Crown Heights North & Prospect Heights PUMA,4422,2984,1438,3273,2377,896,1149,607,542,1820,1354,466,1704,1287,417,116,67,49,1779,954,825,989,657,332,790,297,493,823,676,147,580,433,147,243,243,0
114,NYC-Queens Community District 3--Jackson Heights & North Corona PUMA,30279,17615,12664,25533,15832,9701,4746,1783,2963,6121,2120,4001,4871,1615,3256,1250,505,745,16992,10304,6688,14527,9517,5010,2465,787,1678,7166,5191,1975,6135,4700,1435,1031,491,540
115,Fulton & Montgomery Counties PUMA,292,292,0,292,292,0,0,0,0,292,292,0,292,292,0,0,0,0,0,0,0,0,0,0,0,0,0,0,0,0,0,0,0,0,0,0
116,Niagara County (Southwest)--Greater Niagara Falls & North Tonawanda Area PUMA,936,582,354,936,582,354,0,0,0,435,435,0,435,435,0,0,0,0,365,147,218,365,147,218,0,0,0,136,0,136,136,0,136,0,0,0
117,"Steuben (North & West), Schuyler & Chemung (North) Counties PUMA",591,459,132,564,459,105,27,0,27,143,75,68,122,75,47,21,0,21,6,0,6,0,0,0,6,0,6,442,384,58,442,384,58,0,0,0
118,NYC-Brooklyn Community District 4--Bushwick PUMA,8868,4254,4614,6974,3888,3086,1894,366,1528,2433,1091,1342,1597,725,872,836,366,470,4879,2302,2577,4145,2302,1843,734,0,734,1556,861,695,1232,861,371,324,0,324
119,"NYC-Manhattan Community District 4 & 5--Chelsea, Clinton & Midtown Business District PUMA",12542,6268,6274,9682,4701,4981,2860,1567,1293,8991,3657,5334,8106,3471,4635,885,186,699,3384,2538,846,1409,1157,252,1975,1381,594,167,73,94,167,73,94,0,0,0
120,"NYC-Brooklyn Community District 6--Park Slope, Carroll Gardens & Red Hook PUMA",4921,2516,2405,4467,2415,2052,454,101,353,3641,1854,1787,3256,1753,1503,385,101,284,1157,662,495,1088,662,426,69,0,69,123,0,123,123,0,123,0,0,0
121,NYC-Brooklyn Community District 3--Bedford-Stuyvesant PUMA,5294,2889,2405,4545,2889,1656,749,0,749,2211,1187,1024,2118,1187,931,93,0,93,2888,1620,1268,2232,1620,612,656,0,656,195,82,113,195,82,113,0,0,0
122,NYC-Queens Community District 10--Howard Beach & Ozone Park PUMA,12072,6600,5472,9339,5479,3860,2733,1121,1612,5263,2642,2621,4307,2144,2163,956,498,458,5063,2667,2396,3671,2276,1395,1392,391,1001,1746,1291,455,1361,1059,302,385,232,153
123,Suffolk County (Northwest)--Huntington Town (North) PUMA,3619,2155,1464,2345,1774,571,1274,381,893,960,529,431,449,344,105,511,185,326,1899,1321,578,1591,1125,466,308,196,112,760,305,455,305,305,0,455,0,455
124,Orange County (Southeast) PUMA,4484,2045,2439,4063,2045,2018,421,0,421,3110,1584,1526,2854,1584,1270,256,0,256,859,399,460,694,399,295,165,0,165,515,62,453,515,62,453,0,0,0
125,Nassau County (East Central)--Oyster Bay Town (Central) PUMA,10769,5917,4852,9824,5775,4049,945,142,803,6790,2962,3828,6140,2880,3260,650,82,568,3116,2227,889,2821,2167,654,295,60,235,863,728,135,863,728,135,0,0,0
126,Suffolk County (Northwest)--Smithtown Town PUMA,3258,1663,1595,2259,1240,1019,999,423,576,2249,1138,1111,1674,894,780,575,244,331,943,525,418,585,346,239,358,179,179,66,0,66,0,0,0,66,0,66
127,"NYC-Brooklyn Community District 17--East Flatbush, Farragut & Rugby PUMA",7805,3584,4221,7135,3535,3600,670,49,621,1599,850,749,1550,801,749,49,49,0,5238,2527,2711,4617,2527,2090,621,0,621,968,207,761,968,207,761,0,0,0
128,"NYC-Bronx Community District 9--Castle Hill, Clason Point & Parkchester PUMA",19224,11247,7977,15888,9466,6422,3336,1781,1555,5934,3418,2516,5494,3286,2208,440,132,308,10315,5764,4551,8047,4647,3400,2268,1117,1151,2975,2065,910,2347,1533,814,628,532,96
129,NYC-Queens Community District 9--Richmond Hill & Woodhaven PUMA,18160,10716,7444,15322,9350,5972,2838,1366,1472,7685,3892,3793,6727,3860,2867,958,32,926,8041,4858,3183,7020,4176,2844,1021,682,339,2434,1966,468,1575,1314,261,859,652,207
130,Westchester County (Southwest)--Yonkers City PUMA,18728,11166,7562,15238,10064,5174,3490,1102,2388,5994,3356,2638,5264,3084,2180,730,272,458,9211,5154,4057,7059,4466,2593,2152,688,1464,3523,2656,867,2915,2514,401,608,142,466
131,Broome (Outer West) & Tioga Counties PUMA,392,181,211,285,181,104,107,0,107,211,0,211,104,0,104,107,0,107,144,144,0,144,144,0,0,0,0,37,37,0,37,37,0,0,0,0
132,NYC-Brooklyn Community District 10--Bay Ridge & Dyker Heights PUMA,8295,4287,4008,6896,3701,3195,1399,586,813,3804,1918,1886,3483,1801,1682,321,117,204,3198,1718,1480,2328,1293,1035,870,425,445,1293,651,642,1085,607,478,208,44,164
133,"NYC-Queens Community District 5--Ridgewood, Glendale & Middle Village PUMA",15014,8091,6923,12638,7607,5031,2376,484,1892,6280,3310,2970,5742,3166,2576,538,144,394,7423,3992,3431,5818,3652,2166,1605,340,1265,1311,789,522,1078,789,289,233,0,233
134,NYC-Manhattan Community District 10--Central Harlem PUMA,11194,6140,5054,8892,5492,3400,2302,648,1654,3324,1418,1906,2877,1121,1756,447,297,150,5113,2735,2378,4166,2735,1431,947,0,947,2757,1987,770,1849,1636,213,908,351,557
135,"NYC-Queens Community District 11--Bayside, Douglaston & Little Neck PUMA",16210,8059,8151,14012,7736,6276,2198,323,1875,9660,4096,5564,8133,3951,4182,1527,145,1382,5561,3602,1959,4966,3424,1542,595,178,417,989,361,628,913,361,552,76,0,76
136,Erie County (Northwest) PUMA,574,347,227,368,267,101,206,80,126,316,190,126,110,110,0,206,80,126,167,66,101,167,66,101,0,0,0,91,91,0,91,91,0,0,0,0
137,NYC-Queens Community District 2--Sunnyside & Woodside PUMA,25358,14514,10844,22604,13676,8928,2754,838,1916,10587,5587,5000,9783,5269,4514,804,318,486,10889,6609,4280,9398,6089,3309,1491,520,971,3882,2318,1564,3423,2318,1105,459,0,459
138,Suffolk County (Southwest)--Babylon Town (Southeast) PUMA,3836,2093,1743,3450,1923,1527,386,170,216,1128,401,727,1128,401,727,0,0,0,2100,1084,1016,1714,914,800,386,170,216,608,608,0,608,608,0,0,0,0
139,"NYC-Staten Island Community District 3--Tottenville, Great Kills & Annadale PUMA",3001,1811,1190,2416,1728,688,585,83,502,973,534,439,829,451,378,144,83,61,1250,782,468,1092,782,310,158,0,158,778,495,283,495,495,0,283,0,283
140,Nassau County (West Central)--Hempstead Town (West Central) PUMA,10120,5309,4811,8692,5085,3607,1428,224,1204,4555,1861,2694,3852,1861,1991,703,0,703,5227,3110,2117,4502,2886,1616,725,224,501,338,338,0,338,338,0,0,0,0
141,Nassau County (Central)--Hempstead Town (Northeast) PUMA,6473,3114,3359,6227,3073,3154,246,41,205,4239,1844,2395,3993,1803,2190,246,41,205,1668,940,728,1668,940,728,0,0,0,566,330,236,566,330,236,0,0,0
142,Nassau County (Southwest)--Hempstead Town (Southwest) & Long Beach City PUMA,4211,1994,2217,3789,1994,1795,422,0,422,1631,882,749,1631,882,749,0,0,0,1889,727,1162,1467,727,740,422,0,422,691,385,306,691,385,306,0,0,0
143,NYC-Brooklyn Community District 11--Bensonhurst & Bath Beach PUMA,18934,11755,7179,14896,9766,5130,4038,1989,2049,7177,4091,3086,6289,3612,2677,888,479,409,9082,5486,3596,6866,4643,2223,2216,843,1373,2675,2178,497,1741,1511,230,934,667,267
144,Nassau County (South Central)--Hempstead Town (Southeast) PUMA,4408,2334,2074,4026,2090,1936,382,244,138,1561,474,1087,1500,474,1026,61,0,61,2486,1576,910,2242,1332,910,244,244,0,361,284,77,284,284,0,77,0,77
145,Nassau County (West Central)--North Hempstead Town (South) PUMA,12546,7369,5177,10373,6366,4007,2173,1003,1170,6773,3907,2866,6034,3674,2360,739,233,506,4110,2310,1800,3032,1773,1259,1078,537,541,1663,1152,511,1307,919,388,356,233,123
146,Capital Region,16742,9392,7350,15341,8865,6476,1401,527,874,10979,5941,5038,9925,5561,4364,1054,380,674,5023,2799,2224,4754,2730,2024,269,69,200,740,652,88,662,574,88,78,78,0
147,Central NY,7021,3680,3341,5900,3436,2464,1121,244,877,3514,1872,1642,3363,1834,1529,151,38,113,2449,1303,1146,1779,1153,626,670,150,520,1058,505,553,758,449,309,300,56,244
148,Finger Lakes,12049,6584,5465,9553,5746,3807,2496,838,1658,6732,3925,2807,5837,3420,2417,895,505,390,4043,2173,1870,2787,1840,947,1256,333,923,1274,486,788,929,486,443,345,0,345
149,Long Island,161829,89610,72219,140743,83558,57185,21086,6052,15034,65062,32604,32458,57809,30746,27063,7253,1858,5395,72398,41054,31344,61712,37616,24096,10686,3438,7248,24369,15952,8417,21222,15196,6026,3147,756,2391
150,Mid-Hudson,125322,67010,58312,101691,60711,40980,23631,6299,17332,46990,24413,22577,40893,22786,18107,6097,1627,4470,61123,31571,29552,47481,27959,19522,13642,3612,10030,17209,11026,6183,13317,9966,3351,3892,1060,2832
151,Mohawk Valley,2900,1651,1249,2519,1568,951,381,83,298,1417,795,622,1294,756,538,123,39,84,739,502,237,596,458,138,143,44,99,744,354,390,629,354,275,115,0,115
152,New York City,694541,375044,319497,572545,329789,242756,121996,45255,76741,283226,136127,147099,244407,122243,122164,38819,13884,24935,321577,182790,138787,258725,160097,98628,62852,22693,40159,89738,56127,33611,69413,47449,21964,20325,8678,11647
153,North Country,1917,836,1081,1378,687,691,539,149,390,950,509,441,803,415,388,147,94,53,845,327,518,474,272,202,371,55,316,122,0,122,101,0,101,21,0,21
154,Southern Tier,8186,3665,4521,5693,2961,2732,2493,704,1789,4187,2076,2111,2584,1499,1085,1603,577,1026,2578,749,1829,1847,657,1190,731,92,639,1421,840,581,1262,805,457,159,35,124
155,Western NY,14288,8331,5957,10992,6174,4818,3296,2157,1139,6823,3993,2830,5561,3056,2505,1262,937,325,5357,3356,2001,3864,2677,1187,1493,679,814,2108,982,1126,1567,441,1126,541,541,0
