,puma,Total_geo,Total_geo_m,Total_geo_f,Total_NP_mf_t,Total_NP_m,Total_NP_f,Total_P_mf_t,Total_P_m,Total_P_f,Total_BABS,Total_BABS_m,Total_BABS_f,BABS_NP_mf_t,BABS_NP_m,BABS_NP_f,BABS_P_mf_t,BABS_P_m,BABS_P_f,Total_HS,Total_HS_m,Total_HS_f,HS_NP_mf_t,HS_NP_m,HS_NP_f,HS_P_mf_t,HS_P_m,HS_P_f,Total_HSINC,Total_HSINC_m,Total_HSINC_f,HSINC_NP_mf_t,HSINC_NP_m,HSINC_NP_f,HSINC_P_mf_t,HSINC_P_m,HSINC_P_f
0,Total Geo,1246997,622149,624848,996385,505733,490652,250612,116416,134196,494603,229871,264732,440410,204634,235776,54193,25237,28956,572159,292771,279388,441129,233814,207315,131030,58957,72073,180235,99507,80728,114846,67285,47561,65389,32222,33167
1,"NYC-Manhattan Community District 9--Hamilton Heights, Manhattanville & West Harlem PUMA",18199,10131,8068,14251,7731,6520,3948,2400,1548,7573,3600,3973,6370,3034,3336,1203,566,637,9366,5679,3687,7249,4233,3016,2117,1446,671,1260,852,408,632,464,168,628,388,240
2,Ulster County (East) PUMA,2803,785,2018,1508,518,990,1295,267,1028,1198,292,906,384,196,188,814,96,718,1212,410,802,1041,239,802,171,171,0,393,83,310,83,83,0,310,0,310
3,Albany County (East Central)--Albany City PUMA,4808,2359,2449,3996,1848,2148,812,511,301,1833,689,1144,1412,429,983,421,260,161,2581,1336,1245,2404,1239,1165,177,97,80,394,334,60,180,180,0,214,154,60
4,Chemung (South) & Steuben (East) Counties--Greater Elmira & Greater Corning Cities PUMA,1235,374,861,1071,210,861,164,164,0,672,210,462,672,210,462,0,0,0,164,164,0,0,0,0,164,164,0,399,0,399,399,0,399,0,0,0
5,Ontario & Yates Counties PUMA,802,195,607,661,195,466,141,0,141,488,195,293,347,195,152,141,0,141,314,0,314,314,0,314,0,0,0,0,0,0,0,0,0,0,0,0
6,Suffolk County (North Central)--Brookhaven Town (North) PUMA,2101,779,1322,1682,674,1008,419,105,314,1075,734,341,1015,674,341,60,60,0,867,45,822,508,0,508,359,45,314,159,0,159,159,0,159,0,0,0
7,Westchester County (South Central)--New Rochelle & Mount Vernon Cities PUMA,17905,8372,9533,13928,6414,7514,3977,1958,2019,6790,3302,3488,6011,2769,3242,779,533,246,8989,3695,5294,6326,2522,3804,2663,1173,1490,2126,1375,751,1591,1123,468,535,252,283
8,"Clinton, Franklin, Essex & Hamilton Counties PUMA",459,141,318,359,141,218,100,0,100,177,110,67,177,110,67,0,0,0,100,0,100,0,0,0,100,0,100,182,31,151,182,31,151,0,0,0
9,Oneida County (Central)--Greater Utica & Rome Cities PUMA,3262,1408,1854,1682,794,888,1580,614,966,999,406,593,999,406,593,0,0,0,1380,648,732,329,34,295,1051,614,437,883,354,529,354,354,0,529,0,529
10,"NYC-Bronx Community District 3 & 6--Belmont, Crotona Park East & East Tremont PUMA",18775,9719,9056,11069,6994,4075,7706,2725,4981,4042,2157,1885,2985,1703,1282,1057,454,603,10293,5428,4865,5989,3832,2157,4304,1596,2708,4440,2134,2306,2095,1459,636,2345,675,1670
11,Livingston & Wyoming Counties PUMA,887,508,379,511,333,178,376,175,201,607,487,120,432,312,120,175,175,0,80,0,80,58,0,58,22,0,22,200,21,179,21,21,0,179,0,179
12,NYC-Manhattan Community District 3--Chinatown & Lower East Side PUMA,6274,3190,3084,4548,2439,2109,1726,751,975,3177,1756,1421,2488,1159,1329,689,597,92,2731,1244,1487,1930,1150,780,801,94,707,366,190,176,130,130,0,236,60,176
13,Suffolk County (West Central)--Babylon Town (Northwest) PUMA,8951,5114,3837,7629,4749,2880,1322,365,957,2004,764,1240,1960,764,1196,44,0,44,4728,3485,1243,4575,3485,1090,153,0,153,2219,865,1354,1094,500,594,1125,365,760
14,Broome County (West Central)--Greater Binghamton City & Greater Johnson City Village PUMA,3915,1807,2108,1670,670,1000,2245,1137,1108,2364,1438,926,931,609,322,1433,829,604,871,61,810,739,61,678,132,0,132,680,308,372,0,0,0,680,308,372
15,Nassau County (Northwest)--North Hempstead Town (North) PUMA,8926,4407,4519,8286,4222,4064,640,185,455,5913,3293,2620,5695,3240,2455,218,53,165,2022,751,1271,1971,700,1271,51,51,0,991,363,628,620,282,338,371,81,290
16,Monroe County (Central)--Rochester City (East) PUMA,1470,556,914,737,410,327,733,146,587,609,441,168,396,295,101,213,146,67,458,115,343,278,115,163,180,0,180,403,0,403,63,0,63,340,0,340
17,Westchester County (Northwest) PUMA,10030,4737,5293,8632,4535,4097,1398,202,1196,3426,1886,1540,3270,1886,1384,156,0,156,5368,2229,3139,4338,2027,2311,1030,202,828,1236,622,614,1024,622,402,212,0,212
18,NYC-Brooklyn Community District 16--Brownsville & Ocean Hill PUMA,6110,3363,2747,4228,2444,1784,1882,919,963,1692,843,849,1484,843,641,208,0,208,3631,2118,1513,2297,1284,1013,1334,834,500,787,402,385,447,317,130,340,85,255
19,Onondaga County (Central)--Syracuse City PUMA,4274,2279,1995,2357,924,1433,1917,1355,562,2468,1305,1163,1533,705,828,935,600,335,1357,796,561,658,97,561,699,699,0,449,178,271,166,122,44,283,56,227
20,Westchester County (Northeast) PUMA,6255,3302,2953,5297,2816,2481,958,486,472,2076,1029,1047,1954,1029,925,122,0,122,2240,1307,933,1536,953,583,704,354,350,1939,966,973,1807,834,973,132,132,0
21,Madison & Cortland Counties PUMA,269,42,227,269,42,227,0,0,0,160,42,118,160,42,118,0,0,0,0,0,0,0,0,0,0,0,0,109,0,109,109,0,109,0,0,0
22,Erie County (West Central)--Buffalo City (West) PUMA,5267,2930,2337,1975,1298,677,3292,1632,1660,1764,969,795,832,581,251,932,388,544,1759,1228,531,435,313,122,1324,915,409,1744,733,1011,708,404,304,1036,329,707
23,Monroe County (Central)--Rochester City (West) PUMA,3285,2046,1239,1505,1341,164,1780,705,1075,989,568,421,332,332,0,657,236,421,1905,1087,818,822,658,164,1083,429,654,391,391,0,351,351,0,40,40,0
24,Suffolk County (Central)--Islip Town (East) PUMA,2540,1038,1502,2526,1024,1502,14,14,0,1676,588,1088,1676,588,1088,0,0,0,689,436,253,689,436,253,0,0,0,175,14,161,161,0,161,14,14,0
25,Nassau County (Central)--Hempstead Town (East Central) PUMA,2634,1414,1220,2486,1414,1072,148,0,148,1495,1001,494,1495,1001,494,0,0,0,1052,326,726,904,326,578,148,0,148,87,87,0,87,87,0,0,0,0
26,"NYC-Bronx Community District 5--Morris Heights, Fordham South & Mount Hope PUMA",16633,8278,8355,11150,6171,4979,5483,2107,3376,3306,1744,1562,2494,1461,1033,812,283,529,8100,4018,4082,5721,3052,2669,2379,966,1413,5227,2516,2711,2935,1658,1277,2292,858,1434
27,St. Lawrence County PUMA,497,174,323,289,174,115,208,0,208,289,174,115,227,174,53,62,0,62,208,0,208,62,0,62,146,0,146,0,0,0,0,0,0,0,0,0
28,Columbia & Greene Counties PUMA,656,277,379,341,202,139,315,75,240,212,127,85,145,112,33,67,15,52,338,150,188,90,90,0,248,60,188,106,0,106,106,0,106,0,0,0
29,NYC-Brooklyn Community District 2--Brooklyn Heights & Fort Greene PUMA,4615,2077,2538,3924,1623,2301,691,454,237,3698,1651,2047,3256,1334,1922,442,317,125,581,202,379,581,202,379,0,0,0,336,224,112,87,87,0,249,137,112
30,"NYC-Queens Community District 8--Briarwood, Fresh Meadows & Hillcrest PUMA",26713,13401,13312,20314,10509,9805,6399,2892,3507,12917,5993,6924,11323,5330,5993,1594,663,931,11734,6747,4987,7866,4789,3077,3868,1958,1910,2062,661,1401,1125,390,735,937,271,666
31,Monroe County (North & West) PUMA,139,53,86,139,53,86,0,0,0,0,0,0,0,0,0,0,0,0,139,53,86,139,53,86,0,0,0,0,0,0,0,0,0,0,0,0
32,Schenectady County--Schenectady City PUMA,2947,1503,1444,2711,1407,1304,236,96,140,1398,701,697,1269,605,664,129,96,33,1446,745,701,1385,745,640,61,0,61,103,57,46,57,57,0,46,0,46
33,"Rockland County (West)--Spring Valley, Suffern Villages & Monsey PUMA",8423,3730,4693,7102,3164,3938,1321,566,755,2366,1427,939,1871,932,939,495,495,0,3692,1260,2432,3151,1189,1962,541,71,470,2365,1043,1322,2080,1043,1037,285,0,285
34,Niagara County (North & East) PUMA,287,91,196,215,91,124,72,0,72,168,75,93,168,75,93,0,0,0,92,0,92,20,0,20,72,0,72,27,16,11,27,16,11,0,0,0
35,Suffolk County (Central)--Brookhaven Town (Central) PUMA,3834,2017,1817,3054,1237,1817,780,780,0,1555,545,1010,1476,466,1010,79,79,0,1947,1472,475,1246,771,475,701,701,0,332,0,332,332,0,332,0,0,0
36,Suffolk County (East) PUMA,9092,4541,4551,5930,3205,2725,3162,1336,1826,978,348,630,978,348,630,0,0,0,5825,2753,3072,3811,2323,1488,2014,430,1584,2289,1440,849,1141,534,607,1148,906,242
37,Warren & Washington Counties PUMA,1089,409,680,805,280,525,284,129,155,602,170,432,447,170,277,155,0,155,323,129,194,194,0,194,129,129,0,164,110,54,164,110,54,0,0,0
38,NYC-Queens Community District 6--Forest Hills & Rego Park PUMA,19313,7274,12039,18430,6810,11620,883,464,419,14571,5315,9256,14062,5072,8990,509,243,266,4641,1959,2682,4322,1738,2584,319,221,98,101,0,101,46,0,46,55,0,55
39,"NYC-Brooklyn Community District 9--Crown Heights South, Prospect Lefferts & Wingate PUMA",6480,3013,3467,5486,2706,2780,994,307,687,2835,943,1892,2303,935,1368,532,8,524,2946,1734,1212,2807,1595,1212,139,139,0,699,336,363,376,176,200,323,160,163
40,Westchester County (Central)--White Plains City PUMA,16476,8772,7704,14747,7534,7213,1729,1238,491,7713,3819,3894,7274,3643,3631,439,176,263,6928,4118,2810,5970,3388,2582,958,730,228,1835,835,1000,1503,503,1000,332,332,0
41,"NYC-Bronx Community District 1 & 2--Hunts Point, Longwood & Melrose PUMA",15673,7787,7886,8276,4329,3947,7397,3458,3939,3790,1491,2299,2471,898,1573,1319,593,726,7921,4005,3916,4936,2841,2095,2985,1164,1821,3962,2291,1671,869,590,279,3093,1701,1392
42,Erie County (North Central) PUMA,4036,1757,2279,3015,1453,1562,1021,304,717,2927,1366,1561,2558,1226,1332,369,140,229,807,304,503,370,140,230,437,164,273,302,87,215,87,87,0,215,0,215
43,Chautauqua County PUMA,608,369,239,553,314,239,55,55,0,326,87,239,326,87,239,0,0,0,227,227,0,227,227,0,0,0,0,55,55,0,0,0,0,55,55,0
44,Dutchess County (Southwest) PUMA,6852,3392,3460,5180,2648,2532,1672,744,928,2436,1102,1334,2436,1102,1334,0,0,0,3628,2088,1540,2252,1344,908,1376,744,632,788,202,586,492,202,290,296,0,296
45,Westchester County (Southeast) PUMA,10641,6480,4161,8217,4443,3774,2424,2037,387,3921,2344,1577,3295,1837,1458,626,507,119,5040,2985,2055,3426,1639,1787,1614,1346,268,1680,1151,529,1496,967,529,184,184,0
46,Rockland County (North)--New City & Congers PUMA,12697,6779,5918,12342,6680,5662,355,99,256,5627,3393,2234,5627,3393,2234,0,0,0,6292,2848,3444,5937,2749,3188,355,99,256,778,538,240,778,538,240,0,0,0
47,NYC-Staten Island Community District 2--New Springville & South Beach PUMA,7501,3264,4237,6310,2996,3314,1191,268,923,4329,2357,1972,4125,2357,1768,204,0,204,2180,709,1471,1695,441,1254,485,268,217,992,198,794,490,198,292,502,0,502
48,Suffolk County (Southwest)--Islip Town (South) PUMA,2668,1731,937,1914,1312,602,754,419,335,1113,605,508,1113,605,508,0,0,0,1234,899,335,707,707,0,527,192,335,321,227,94,94,0,94,227,227,0
49,Erie County (West Central)--Buffalo City (East) PUMA,3194,1951,1243,1109,489,620,2085,1462,623,1252,787,465,261,57,204,991,730,261,1942,1164,778,848,432,416,1094,732,362,0,0,0,0,0,0,0,0,0
50,Wayne & Seneca Counties PUMA,591,78,513,591,78,513,0,0,0,202,78,124,202,78,124,0,0,0,389,0,389,389,0,389,0,0,0,0,0,0,0,0,0,0,0,0
51,Monroe County (South) PUMA,5164,2394,2770,4562,1972,2590,602,422,180,3177,1664,1513,2741,1337,1404,436,327,109,1523,531,992,1357,436,921,166,95,71,464,199,265,464,199,265,0,0,0
52,Tompkins County PUMA,2867,999,1868,2597,906,1691,270,93,177,1513,602,911,1291,557,734,222,45,177,1306,349,957,1306,349,957,0,0,0,48,48,0,0,0,0,48,48,0
53,Suffolk County (South Central)--Brookhaven Town (South) PUMA,6646,3606,3040,4366,2192,2174,2280,1414,866,1227,756,471,1227,756,471,0,0,0,2744,905,1839,2351,844,1507,393,61,332,2675,1945,730,788,592,196,1887,1353,534
54,"Otsego, Schoharie, Oneida (South) & Herkimer (South) Counties PUMA",545,123,422,454,123,331,91,0,91,315,97,218,246,97,149,69,0,69,208,26,182,208,26,182,0,0,0,22,0,22,0,0,0,22,0,22
55,NYC-Manhattan Community District 8--Upper East Side PUMA,13208,5150,8058,12577,4959,7618,631,191,440,11683,4495,7188,11052,4304,6748,631,191,440,1525,655,870,1525,655,870,0,0,0,0,0,0,0,0,0,0,0,0
56,"NYC-Manhattan Community District 1 & 2--Battery Park City, Greenwich Village & Soho PUMA",5097,1375,3722,4658,1190,3468,439,185,254,4664,1170,3494,4225,985,3240,439,185,254,243,205,38,243,205,38,0,0,0,190,0,190,190,0,190,0,0,0
57,"NYC-Manhattan Community District 12--Washington Heights, Inwood & Marble Hill PUMA",30947,17510,13437,24540,14947,9593,6407,2563,3844,9135,4101,5034,8061,3670,4391,1074,431,643,18137,10431,7706,14314,9402,4912,3823,1029,2794,3675,2978,697,2165,1875,290,1510,1103,407
58,NYC-Brooklyn Community District 18--Canarsie & Flatlands PUMA,15650,7210,8440,13789,6314,7475,1861,896,965,5483,2706,2777,5132,2525,2607,351,181,170,8846,3760,5086,7948,3301,4647,898,459,439,1321,744,577,709,488,221,612,256,356
59,"NYC-Bronx Community District 12--Wakefield, Williamsbridge & Woodlawn PUMA",11970,4791,7179,8573,3760,4813,3397,1031,2366,3210,1042,2168,2600,983,1617,610,59,551,6537,2732,3805,4465,2060,2405,2072,672,1400,2223,1017,1206,1508,717,791,715,300,415
60,Suffolk County (Central)--Islip Town (Northwest) PUMA,22898,11973,10925,20583,11242,9341,2315,731,1584,3376,1389,1987,3088,1275,1813,288,114,174,14023,7763,6260,13145,7373,5772,878,390,488,5499,2821,2678,4350,2594,1756,1149,227,922
61,"NYC-Queens Community District 14--Far Rockaway, Breezy Point & Broad Channel PUMA",11497,6078,5419,10372,5641,4731,1125,437,688,5597,2538,3059,5422,2538,2884,175,0,175,5202,3540,1662,4493,3103,1390,709,437,272,698,0,698,457,0,457,241,0,241
62,Saratoga County (South & Central) PUMA,1909,1210,699,1909,1210,699,0,0,0,1502,985,517,1502,985,517,0,0,0,289,183,106,289,183,106,0,0,0,118,42,76,118,42,76,0,0,0
63,Cattaraugus & Allegany Counties PUMA,266,119,147,232,119,113,34,0,34,180,119,61,180,119,61,0,0,0,68,0,68,52,0,52,16,0,16,18,0,18,0,0,0,18,0,18
64,Genesee & Orleans Counties PUMA,528,365,163,422,322,100,106,43,63,0,0,0,0,0,0,0,0,0,528,365,163,422,322,100,106,43,63,0,0,0,0,0,0,0,0,0
65,Cayuga & Onondaga (South) Counties PUMA,999,413,586,537,124,413,462,289,173,174,111,63,174,111,63,0,0,0,653,256,397,325,0,325,328,256,72,172,46,126,38,13,25,134,33,101
66,Sullivan & Ulster (West) Counties PUMA,3153,1627,1526,2253,1226,1027,900,401,499,502,109,393,125,63,62,377,46,331,1751,884,867,1228,529,699,523,355,168,900,634,266,900,634,266,0,0,0
67,"NYC-Bronx Community District 7--Bedford Park, Fordham North & Norwood PUMA",16829,10235,6594,10791,7074,3717,6038,3161,2877,4317,2250,2067,3206,1682,1524,1111,568,543,10606,7216,3390,6635,5045,1590,3971,2171,1800,1906,769,1137,950,347,603,956,422,534
68,Suffolk County (Central)--Brookhaven Town (West Central) PUMA,5931,3109,2822,5343,2815,2528,588,294,294,2652,1205,1447,2652,1205,1447,0,0,0,2224,1431,793,2155,1431,724,69,0,69,1055,473,582,536,179,357,519,294,225
69,NYC-Queens Community District 1--Astoria & Long Island City PUMA,16658,8368,8290,14034,7544,6490,2624,824,1800,7680,3918,3762,7285,3572,3713,395,346,49,7595,3646,3949,5712,3319,2393,1883,327,1556,1383,804,579,1037,653,384,346,151,195
70,Jefferson & Lewis Counties PUMA,1476,552,924,1385,497,888,91,55,36,546,225,321,546,225,321,0,0,0,909,327,582,818,272,546,91,55,36,21,0,21,21,0,21,0,0,0
71,Nassau County (West Central)--Hempstead Town (Northwest) PUMA,13117,7278,5839,12645,7078,5567,472,200,272,6214,2763,3451,6191,2740,3451,23,23,0,5186,3268,1918,4889,3172,1717,297,96,201,1717,1247,470,1565,1166,399,152,81,71
72,Nassau County (Central)--Hempstead Town (North Central)--Meadowbrook Corridor PUMA,15899,8091,7808,13405,6803,6602,2494,1288,1206,2984,1359,1625,2984,1359,1625,0,0,0,8943,3765,5178,7247,2850,4397,1696,915,781,3972,2967,1005,3174,2594,580,798,373,425
73,Orange County (Northeast)--Greater Newburgh City PUMA,5318,3136,2182,4880,2862,2018,438,274,164,1815,754,1061,1541,480,1061,274,274,0,2917,1796,1121,2753,1796,957,164,0,164,586,586,0,586,586,0,0,0,0
74,"NYC-Bronx Community District 11--Pelham Parkway, Morris Park & Laconia PUMA",10156,5056,5100,8530,4374,4156,1626,682,944,3120,1078,2042,2868,1038,1830,252,40,212,5307,2836,2471,4802,2740,2062,505,96,409,1729,1142,587,860,596,264,869,546,323
75,"NYC-Queens Community District 12--Jamaica, Hollis & St. Albans PUMA",17439,9963,7476,15395,9050,6345,2044,913,1131,5017,3008,2009,4620,2741,1879,397,267,130,9425,5092,4333,8647,4705,3942,778,387,391,2997,1863,1134,2128,1604,524,869,259,610
76,Erie County (Central) PUMA,2026,1220,806,993,446,547,1033,774,259,368,202,166,282,116,166,86,86,0,1571,991,580,711,330,381,860,661,199,87,27,60,0,0,0,87,27,60
77,"NYC-Staten Island Community District 1--Port Richmond, Stapleton & Mariner's Harbor PUMA",18314,8732,9582,15163,7314,7849,3151,1418,1733,8254,3338,4916,7798,3131,4667,456,207,249,7935,4287,3648,6062,3414,2648,1873,873,1000,2125,1107,1018,1303,769,534,822,338,484
78,"NYC-Brooklyn Community District 15--Sheepshead Bay, Gerritsen Beach & Homecrest PUMA",10600,4984,5616,8786,3626,5160,1814,1358,456,4451,1700,2751,4222,1506,2716,229,194,35,4876,2238,2638,3675,1420,2255,1201,818,383,1273,1046,227,889,700,189,384,346,38
79,"NYC-Bronx Community District 8--Riverdale, Fieldston & Kingsbridge PUMA",11164,5389,5775,8794,4642,4152,2370,747,1623,4568,1969,2599,4137,1711,2426,431,258,173,5334,2778,2556,3932,2576,1356,1402,202,1200,1262,642,620,725,355,370,537,287,250
80,NYC-Brooklyn Community District 5--East New York & Starrett City PUMA,22087,9815,12272,17491,7915,9576,4596,1900,2696,2770,1147,1623,2109,895,1214,661,252,409,15213,6653,8560,12694,5757,6937,2519,896,1623,4104,2015,2089,2688,1263,1425,1416,752,664
81,Onondaga County (Central)--Syracuse City (Outer) PUMA,1437,556,881,1437,556,881,0,0,0,951,383,568,951,383,568,0,0,0,327,83,244,327,83,244,0,0,0,159,90,69,159,90,69,0,0,0
82,"NYC-Manhattan Community District 6--Murray Hill, Gramercy & Stuyvesant Town PUMA",10343,5504,4839,9405,5145,4260,938,359,579,9328,4683,4645,8749,4683,4066,579,0,579,955,821,134,596,462,134,359,359,0,60,0,60,60,0,60,0,0,0
83,"Chenango, Delaware & Broome (East) Counties PUMA",398,220,178,231,126,105,167,94,73,93,19,74,93,19,74,0,0,0,104,31,73,31,31,0,73,0,73,201,170,31,107,76,31,94,94,0
84,Orange County (Northwest) PUMA,7091,3190,3901,6600,2856,3744,491,334,157,1618,688,930,1618,688,930,0,0,0,5092,2300,2792,4601,1966,2635,491,334,157,381,202,179,381,202,179,0,0,0
85,NYC-Brooklyn Community District 7--Sunset Park & Windsor Terrace PUMA,12556,5464,7092,10487,4515,5972,2069,949,1120,4341,1577,2764,4277,1513,2764,64,64,0,4756,2370,2386,3523,1788,1735,1233,582,651,3459,1517,1942,2687,1214,1473,772,303,469
86,Nassau County (Northeast)--Oyster Bay Town (North) & Glen Cove City PUMA,6230,3138,3092,5796,2807,2989,434,331,103,4129,1811,2318,3966,1719,2247,163,92,71,1738,964,774,1706,964,742,32,0,32,363,363,0,124,124,0,239,239,0
87,Dutchess County (North & East) PUMA,3275,2082,1193,2459,1567,892,816,515,301,1069,484,585,803,353,450,266,131,135,951,661,290,951,661,290,0,0,0,1255,937,318,705,553,152,550,384,166
88,Putnam County PUMA,4025,1574,2451,3307,1416,1891,718,158,560,1878,771,1107,1640,771,869,238,0,238,1687,478,1209,1500,478,1022,187,0,187,460,325,135,167,167,0,293,158,135
89,Albany County (Outside Albany City) PUMA,5521,2503,3018,5225,2207,3018,296,296,0,4599,2131,2468,4490,2022,2468,109,109,0,684,187,497,497,0,497,187,187,0,238,185,53,238,185,53,0,0,0
90,"NYC-Bronx Community District 10--Co-op City, Pelham Bay & Schuylerville PUMA",5514,2772,2742,4111,2322,1789,1403,450,953,2185,1769,416,1924,1671,253,261,98,163,2418,667,1751,1639,536,1103,779,131,648,911,336,575,548,115,433,363,221,142
91,NYC-Queens Community District 4--Elmhurst & South Corona PUMA,38240,21673,16567,30031,17384,12647,8209,4289,3920,11376,6776,4600,8648,5429,3219,2728,1347,1381,20202,10179,10023,16352,8228,8124,3850,1951,1899,6662,4718,1944,5031,3727,1304,1631,991,640
92,"NYC-Brooklyn Community District 12--Borough Park, Kensington & Ocean Parkway PUMA",6682,3996,2686,5007,2865,2142,1675,1131,544,2120,1352,768,2069,1301,768,51,51,0,3174,1734,1440,1897,958,939,1277,776,501,1388,910,478,1041,606,435,347,304,43
93,Nassau County (Southeast)--Oyster Bay Town (South) PUMA,1364,847,517,1135,618,517,229,229,0,1068,614,454,839,385,454,229,229,0,214,151,63,214,151,63,0,0,0,82,82,0,82,82,0,0,0,0
94,Suffolk County (Northwest)--Huntington Town (South) PUMA,4491,2147,2344,3943,1956,1987,548,191,357,3055,1485,1570,2839,1485,1354,216,0,216,1140,366,774,999,366,633,141,0,141,296,296,0,105,105,0,191,191,0
95,Oswego County PUMA,77,0,77,77,0,77,0,0,0,0,0,0,0,0,0,0,0,0,77,0,77,77,0,77,0,0,0,0,0,0,0,0,0,0,0,0
96,Rensselaer County--Troy City PUMA,2727,1107,1620,2489,1107,1382,238,0,238,2187,941,1246,2083,941,1142,104,0,104,406,166,240,406,166,240,0,0,0,134,0,134,0,0,0,134,0,134
97,Saratoga County (Outer) PUMA,986,376,610,986,376,610,0,0,0,573,376,197,573,376,197,0,0,0,413,0,413,413,0,413,0,0,0,0,0,0,0,0,0,0,0,0
98,Herkimer (North & Central) & Oneida (Outer) Counties PUMA,405,0,405,154,0,154,251,0,251,0,0,0,0,0,0,0,0,0,130,0,130,0,0,0,130,0,130,275,0,275,154,0,154,121,0,121
99,Monroe County (East) PUMA,1432,704,728,1432,704,728,0,0,0,906,496,410,906,496,410,0,0,0,360,208,152,360,208,152,0,0,0,166,0,166,166,0,166,0,0,0
100,"NYC-Queens Community District 13--Queens Village, Cambria Heights & Rosedale PUMA",25240,12985,12255,23805,12057,11748,1435,928,507,11207,5526,5681,11110,5465,5645,97,61,36,12484,6467,6017,11565,5985,5580,919,482,437,1549,992,557,1130,607,523,419,385,34
101,Erie County (South) PUMA,317,192,125,317,192,125,0,0,0,317,192,125,317,192,125,0,0,0,0,0,0,0,0,0,0,0,0,0,0,0,0,0,0,0,0,0
102,Monroe County (Central)--Greece & Gates Towns PUMA,1269,767,502,1088,767,321,181,0,181,902,454,448,721,454,267,181,0,181,256,202,54,256,202,54,0,0,0,111,111,0,111,111,0,0,0,0
103,NYC-Manhattan Community District 7--Upper West Side & West Side PUMA,13573,6485,7088,11807,6260,5547,1766,225,1541,10885,4506,6379,9656,4460,5196,1229,46,1183,2021,1423,598,1595,1244,351,426,179,247,667,556,111,556,556,0,111,0,111
104,NYC-Manhattan Community District 11--East Harlem PUMA,11369,5235,6134,7250,3142,4108,4119,2093,2026,4342,1362,2980,3354,821,2533,988,541,447,4697,2214,2483,3086,1713,1373,1611,501,1110,2330,1659,671,810,608,202,1520,1051,469
105,"NYC-Queens Community District 7--Flushing, Murray Hill & Whitestone PUMA",37191,16379,20812,26399,11575,14824,10792,4804,5988,12946,5300,7646,11228,4552,6676,1718,748,970,19541,8793,10748,12772,5748,7024,6769,3045,3724,4704,2286,2418,2399,1275,1124,2305,1011,1294
106,NYC-Brooklyn Community District 1--Greenpoint & Williamsburg PUMA,8922,4357,4565,6910,3420,3490,2012,937,1075,5013,2266,2747,4081,1739,2342,932,527,405,2997,1681,1316,2063,1417,646,934,264,670,912,410,502,766,264,502,146,146,0
107,Onondaga County (North) PUMA,2072,962,1110,1878,962,916,194,0,194,830,415,415,830,415,415,0,0,0,647,259,388,453,259,194,194,0,194,595,288,307,595,288,307,0,0,0
108,NYC-Brooklyn Community District 14--Flatbush & Midwood PUMA,11668,5314,6354,7884,3563,4321,3784,1751,2033,2778,818,1960,2461,716,1745,317,102,215,6806,3709,3097,3932,2508,1424,2874,1201,1673,2084,787,1297,1491,339,1152,593,448,145
109,"Rockland County (South)--Orangetown, Clarkstown (South) & Ramapo (Southeast) Towns PUMA",6484,2491,3993,5320,1506,3814,1164,985,179,1947,812,1135,1541,406,1135,406,406,0,4042,1448,2594,3515,1100,2415,527,348,179,495,231,264,264,0,264,231,231,0
110,NYC-Brooklyn Community District 13--Brighton Beach & Coney Island PUMA,6206,3053,3153,4158,2077,2081,2048,976,1072,1941,1102,839,1633,884,749,308,218,90,2769,1472,1297,1868,1004,864,901,468,433,1496,479,1017,657,189,468,839,290,549
111,"NYC-Bronx Community District 4--Concourse, Highbridge & Mount Eden PUMA",19373,8059,11314,12627,5289,7338,6746,2770,3976,4241,1549,2692,3717,1424,2293,524,125,399,11377,4738,6639,7170,3094,4076,4207,1644,2563,3755,1772,1983,1740,771,969,2015,1001,1014
112,Erie County (Northeast) PUMA,751,275,476,751,275,476,0,0,0,671,195,476,671,195,476,0,0,0,80,80,0,80,80,0,0,0,0,0,0,0,0,0,0,0,0,0
113,NYC-Brooklyn Community District 8--Crown Heights North & Prospect Heights PUMA,5882,3371,2511,4089,2220,1869,1793,1151,642,2140,1410,730,1822,1287,535,318,123,195,2283,1172,1111,1498,387,1111,785,785,0,1459,789,670,769,546,223,690,243,447
114,NYC-Queens Community District 3--Jackson Heights & North Corona PUMA,35021,19231,15790,28698,16763,11935,6323,2468,3855,7086,2387,4699,6224,2255,3969,862,132,730,19593,11144,8449,16183,9798,6385,3410,1346,2064,8342,5700,2642,6291,4710,1581,2051,990,1061
115,Fulton & Montgomery Counties PUMA,292,292,0,292,292,0,0,0,0,292,292,0,292,292,0,0,0,0,0,0,0,0,0,0,0,0,0,0,0,0,0,0,0,0,0,0
116,Niagara County (Southwest)--Greater Niagara Falls & North Tonawanda Area PUMA,936,582,354,776,422,354,160,160,0,435,435,0,275,275,0,160,160,0,365,147,218,365,147,218,0,0,0,136,0,136,136,0,136,0,0,0
117,"Steuben (North & West), Schuyler & Chemung (North) Counties PUMA",634,459,175,421,289,132,213,170,43,143,75,68,143,75,68,0,0,0,18,0,18,6,0,6,12,0,12,473,384,89,272,214,58,201,170,31
118,NYC-Brooklyn Community District 4--Bushwick PUMA,10980,4886,6094,8069,3495,4574,2911,1391,1520,2819,1210,1609,2224,1079,1145,595,131,464,5658,2553,3105,4276,1967,2309,1382,586,796,2503,1123,1380,1569,449,1120,934,674,260
119,"NYC-Manhattan Community District 4 & 5--Chelsea, Clinton & Midtown Business District PUMA",14970,6623,8347,11315,4930,6385,3655,1693,1962,10295,3744,6551,9046,3467,5579,1249,277,972,4361,2659,1702,2102,1390,712,2259,1269,990,314,220,94,167,73,94,147,147,0
120,"NYC-Brooklyn Community District 6--Park Slope, Carroll Gardens & Red Hook PUMA",6238,2744,3494,5379,2580,2799,859,164,695,4479,2082,2397,4086,1918,2168,393,164,229,1596,662,934,1170,662,508,426,0,426,163,0,163,123,0,123,40,0,40
121,NYC-Brooklyn Community District 3--Bedford-Stuyvesant PUMA,6441,3284,3157,5182,2800,2382,1259,484,775,2613,1488,1125,2225,1285,940,388,203,185,3332,1714,1618,2651,1433,1218,681,281,400,496,82,414,306,82,224,190,0,190
122,NYC-Queens Community District 10--Howard Beach & Ozone Park PUMA,14984,7571,7413,12877,6640,6237,2107,931,1176,6322,2642,3680,5776,2517,3259,546,125,421,5847,3158,2689,4843,2625,2218,1004,533,471,2815,1771,1044,2258,1498,760,557,273,284
123,Suffolk County (Northwest)--Huntington Town (North) PUMA,3719,2155,1564,3448,2155,1293,271,0,271,960,529,431,960,529,431,0,0,0,1999,1321,678,1999,1321,678,0,0,0,760,305,455,489,305,184,271,0,271
124,Orange County (Southeast) PUMA,5036,2045,2991,4178,1810,2368,858,235,623,3185,1584,1601,2950,1349,1601,235,235,0,1336,399,937,1010,399,611,326,0,326,515,62,453,218,62,156,297,0,297
125,Nassau County (East Central)--Oyster Bay Town (Central) PUMA,11841,6137,5704,11738,6137,5601,103,0,103,7231,3014,4217,7231,3014,4217,0,0,0,3574,2395,1179,3471,2395,1076,103,0,103,1036,728,308,1036,728,308,0,0,0
126,Suffolk County (Northwest)--Smithtown Town PUMA,3648,1663,1985,3445,1663,1782,203,0,203,2639,1138,1501,2615,1138,1477,24,0,24,943,525,418,764,525,239,179,0,179,66,0,66,66,0,66,0,0,0
127,"NYC-Brooklyn Community District 17--East Flatbush, Farragut & Rugby PUMA",9532,4591,4941,7897,3982,3915,1635,609,1026,2051,1216,835,1813,978,835,238,238,0,6475,3168,3307,5285,3004,2281,1190,164,1026,1006,207,799,799,0,799,207,207,0
128,"NYC-Bronx Community District 9--Castle Hill, Clason Point & Parkchester PUMA",23555,12712,10843,15381,7598,7783,8174,5114,3060,6337,3543,2794,4719,2270,2449,1618,1273,345,13407,6670,6737,8842,4389,4453,4565,2281,2284,3811,2499,1312,1820,939,881,1991,1560,431
129,NYC-Queens Community District 9--Richmond Hill & Woodhaven PUMA,21701,11548,10153,18370,9785,8585,3331,1763,1568,8531,4041,4490,7962,3814,4148,569,227,342,10079,5305,4774,8386,4682,3704,1693,623,1070,3091,2202,889,2022,1289,733,1069,913,156
130,Westchester County (Southwest)--Yonkers City PUMA,21603,11826,9777,16407,9715,6692,5196,2111,3085,6112,3519,2593,5158,2635,2523,954,884,70,10951,5561,5390,7919,4776,3143,3032,785,2247,4540,2746,1794,3330,2304,1026,1210,442,768
131,Broome (Outer West) & Tioga Counties PUMA,562,351,211,562,351,211,0,0,0,211,0,211,211,0,211,0,0,0,144,144,0,144,144,0,0,0,0,207,207,0,207,207,0,0,0,0
132,NYC-Brooklyn Community District 10--Bay Ridge & Dyker Heights PUMA,10217,4730,5487,7789,3961,3828,2428,769,1659,4803,2088,2715,4280,1881,2399,523,207,316,3865,1934,1931,2331,1536,795,1534,398,1136,1549,708,841,1178,544,634,371,164,207
133,"NYC-Queens Community District 5--Ridgewood, Glendale & Middle Village PUMA",17746,9185,8561,14726,7752,6974,3020,1433,1587,6903,3771,3132,6484,3392,3092,419,379,40,9011,4339,4672,7058,3687,3371,1953,652,1301,1832,1075,757,1184,673,511,648,402,246
134,NYC-Manhattan Community District 10--Central Harlem PUMA,14734,6967,7767,8863,4387,4476,5871,2580,3291,3324,1418,1906,2959,1328,1631,365,90,275,6963,3371,3592,3612,1781,1831,3351,1590,1761,4447,2178,2269,2292,1278,1014,2155,900,1255
135,"NYC-Queens Community District 11--Bayside, Douglaston & Little Neck PUMA",19873,9211,10662,18617,8793,9824,1256,418,838,10969,4398,6571,10395,4118,6277,574,280,294,7587,4377,3210,7212,4239,2973,375,138,237,1317,436,881,1010,436,574,307,0,307
136,Erie County (Northwest) PUMA,574,347,227,574,347,227,0,0,0,316,190,126,316,190,126,0,0,0,167,66,101,167,66,101,0,0,0,91,91,0,91,91,0,0,0,0
137,NYC-Queens Community District 2--Sunnyside & Woodside PUMA,29646,15583,14063,24395,13103,11292,5251,2480,2771,12638,6138,6500,10671,5478,5193,1967,660,1307,12311,6763,5548,9617,5181,4436,2694,1582,1112,4697,2682,2015,4107,2444,1663,590,238,352
138,Suffolk County (Southwest)--Babylon Town (Southeast) PUMA,4791,2611,2180,4409,2529,1880,382,82,300,1564,837,727,1564,837,727,0,0,0,2392,1084,1308,2237,1084,1153,155,0,155,835,690,145,608,608,0,227,82,145
139,"NYC-Staten Island Community District 3--Tottenville, Great Kills & Annadale PUMA",3663,1925,1738,1879,907,972,1784,1018,766,1198,648,550,1000,450,550,198,198,0,1324,782,542,825,457,368,499,325,174,1141,495,646,54,0,54,1087,495,592
140,Nassau County (West Central)--Hempstead Town (West Central) PUMA,11556,5424,6132,10739,5289,5450,817,135,682,4727,1861,2866,4478,1861,2617,249,0,249,6150,3225,2925,5923,3090,2833,227,135,92,679,338,341,338,338,0,341,0,341
141,Nassau County (Central)--Hempstead Town (Northeast) PUMA,7010,3114,3896,6929,3033,3896,81,81,0,4463,1844,2619,4463,1844,2619,0,0,0,1981,940,1041,1981,940,1041,0,0,0,566,330,236,485,249,236,81,81,0
142,Nassau County (Southwest)--Hempstead Town (Southwest) & Long Beach City PUMA,5302,2286,3016,3917,1817,2100,1385,469,916,1835,882,953,1740,882,858,95,0,95,2567,1019,1548,2177,935,1242,390,84,306,900,385,515,0,0,0,900,385,515
143,NYC-Brooklyn Community District 11--Bensonhurst & Bath Beach PUMA,23013,12628,10385,17316,9202,8114,5697,3426,2271,8894,4300,4594,7360,3502,3858,1534,798,736,10881,5917,4964,8083,4329,3754,2798,1588,1210,3238,2411,827,1873,1371,502,1365,1040,325
144,Nassau County (South Central)--Hempstead Town (Southeast) PUMA,5966,2905,3061,5234,2241,2993,732,664,68,1679,592,1087,1679,592,1087,0,0,0,3154,2029,1125,2422,1365,1057,732,664,68,1133,284,849,1133,284,849,0,0,0
145,Nassau County (West Central)--North Hempstead Town (South) PUMA,14653,7690,6963,12902,6758,6144,1751,932,819,7621,4155,3466,7277,4029,3248,344,126,218,4919,2310,2609,4181,1906,2275,738,404,334,2113,1225,888,1444,823,621,669,402,267
146,Capital Region,20643,9744,10899,18462,8637,9825,2181,1107,1074,12906,6120,6786,11921,5640,6281,985,480,505,6480,2896,3584,5678,2423,3255,802,473,329,1257,728,529,863,574,289,394,154,240
147,Central NY,9128,4252,4876,6555,2608,3947,2573,1644,929,4583,2256,2327,3648,1656,1992,935,600,335,3061,1394,1667,1840,439,1401,1221,955,266,1484,602,882,1067,513,554,417,89,328
148,Finger Lakes,15567,7666,7901,11648,6175,5473,3919,1491,2428,7880,4383,3497,6077,3499,2578,1803,884,919,5952,2561,3391,4395,1994,2401,1557,567,990,1735,722,1013,1176,682,494,559,40,519
149,Long Island,185808,95215,90593,163484,84970,78514,22324,10245,12079,73233,34112,39121,71201,33336,37865,2032,776,1256,82255,43628,38627,72272,39460,32812,9983,4168,5815,30320,17475,12845,20011,12174,7837,10309,5301,5008
150,Mid-Hudson,148067,74320,73747,122357,61710,60647,25710,12610,13100,53679,27315,26364,47498,23532,23966,6181,3783,2398,72116,34467,37649,57454,27755,29699,14662,6712,7950,22272,12538,9734,17405,10423,6982,4867,2115,2752
151,Mohawk Valley,4504,1823,2681,2582,1209,1373,1922,614,1308,1606,795,811,1537,795,742,69,0,69,1718,674,1044,537,60,477,1181,614,567,1180,354,826,508,354,154,672,0,672
152,New York City,832975,414219,418756,652202,331614,320588,180773,82605,98168,325984,147420,178564,288051,131084,156967,37933,16336,21597,389675,201868,187807,292572,159091,133481,97103,42777,54326,117316,64931,52385,71579,41439,30140,45737,23492,22245
153,North Country,2432,867,1565,2033,812,1221,399,55,344,1012,509,503,950,509,441,62,0,62,1217,327,890,880,272,608,337,55,282,203,31,172,203,31,172,0,0,0
154,Southern Tier,9611,4210,5401,6552,2552,4000,3059,1658,1401,4996,2344,2652,3341,1470,1871,1655,874,781,2607,749,1858,2226,585,1641,381,164,217,2008,1117,891,985,497,488,1023,620,403
155,Western NY,18262,9833,8429,10510,5446,5064,7752,4387,3365,8724,4617,4107,6186,3113,3073,2538,1504,1034,7078,4207,2871,3275,1735,1540,3803,2472,1331,2460,1009,1451,1049,598,451,1411,411,1000
