,puma,Total_geo,Total_geo_m,Total_geo_f,Total_Emp_mf_t,Total_emp_m,Total_emp_f,Total_UnEmp_mf_t,Total_UnEmp_m,Total_UnEmp_f,Total_BABS,Total_BABS_m,Total_BABS_f,BABS_Emp_mf_t,BABS_emp_m,BABS_emp_f,BABS_UnEmp_mf_t,BABS_UnEmp_m,BABS_UnEmp_f,Total_HS,Total_HS_m,Total_HS_f,HS_Emp_mf_t,HS_emp_m,HS_emp_f,HS_UnEmp_mf_t,HS_UnEmp_m,HS_UnEmp_f,Total_HSINC,Total_HSINC_m,Total_HSINC_f,HSINC_Emp_mf_t,HSINC_emp_m,HSINC_emp_f,HSINC_UnEmp_mf_t,HSINC_UnEmp_m,HSINC_UnEmp_f
0,Total Geo,1034157,563735,470422,1000414,546449,453965,33743,17286,16457,424850,212372,212478,411441,203814,207627,13409,8558,4851,470832,263915,206917,454960,257482,197478,15872,6433,9439,138475,87448,51027,134013,85153,48860,4462,2295,2167
1,"NYC-Manhattan Community District 9--Hamilton Heights, Manhattanville & West Harlem PUMA",16841,9887,6954,16428,9637,6791,413,250,163,7266,3449,3817,6853,3199,3654,413,250,163,8421,5586,2835,8421,5586,2835,0,0,0,1154,852,302,1154,852,302,0,0,0
2,Ulster County (East) PUMA,1982,682,1300,1766,466,1300,216,216,0,480,292,188,400,212,188,80,80,0,1109,307,802,973,171,802,136,136,0,393,83,310,393,83,310,0,0,0
3,Albany County (East Central)--Albany City PUMA,3717,2114,1603,3717,2114,1603,0,0,0,1578,619,959,1578,619,959,0,0,0,1883,1239,644,1883,1239,644,0,0,0,256,256,0,256,256,0,0,0,0
4,Chemung (South) & Steuben (East) Counties--Greater Elmira & Greater Corning Cities PUMA,1037,210,827,1037,210,827,0,0,0,638,210,428,638,210,428,0,0,0,0,0,0,0,0,0,0,0,0,399,0,399,399,0,399,0,0,0
5,Ontario & Yates Counties PUMA,712,195,517,570,195,375,142,0,142,398,195,203,398,195,203,0,0,0,314,0,314,172,0,172,142,0,142,0,0,0,0,0,0,0,0,0
6,Suffolk County (North Central)--Brookhaven Town (North) PUMA,1693,915,778,1693,915,778,0,0,0,1082,915,167,1082,915,167,0,0,0,578,0,578,578,0,578,0,0,0,33,0,33,33,0,33,0,0,0
7,Westchester County (South Central)--New Rochelle & Mount Vernon Cities PUMA,14715,7438,7277,14143,7061,7082,572,377,195,5383,3018,2365,5079,2776,2303,304,242,62,7644,3152,4492,7511,3152,4359,133,0,133,1688,1268,420,1553,1133,420,135,135,0
8,"Clinton, Franklin, Essex & Hamilton Counties PUMA",378,110,268,243,60,183,135,50,85,177,110,67,127,60,67,50,50,0,100,0,100,15,0,15,85,0,85,101,0,101,101,0,101,0,0,0
9,Oneida County (Central)--Greater Utica & Rome Cities PUMA,2028,1322,706,1942,1236,706,86,86,0,920,406,514,920,406,514,0,0,0,661,562,99,575,476,99,86,86,0,447,354,93,447,354,93,0,0,0
10,"NYC-Bronx Community District 3 & 6--Belmont, Crotona Park East & East Tremont PUMA",15793,8901,6892,14433,8295,6138,1360,606,754,3475,1929,1546,3393,1847,1546,82,82,0,8246,4900,3346,7553,4778,2775,693,122,571,4072,2072,2000,3487,1670,1817,585,402,183
11,Livingston & Wyoming Counties PUMA,865,508,357,865,508,357,0,0,0,607,487,120,607,487,120,0,0,0,58,0,58,58,0,58,0,0,0,200,21,179,200,21,179,0,0,0
12,NYC-Manhattan Community District 3--Chinatown & Lower East Side PUMA,5423,2667,2756,4666,1910,2756,757,757,0,2901,1572,1329,2144,815,1329,757,757,0,2346,1095,1251,2346,1095,1251,0,0,0,176,0,176,176,0,176,0,0,0
13,Suffolk County (West Central)--Babylon Town (Northwest) PUMA,8179,5069,3110,7481,4958,2523,698,111,587,1797,764,1033,1714,764,950,83,0,83,4208,3485,723,4208,3485,723,0,0,0,2174,820,1354,1559,709,850,615,111,504
14,Broome County (West Central)--Greater Binghamton City & Greater Johnson City Village PUMA,2980,1584,1396,2980,1584,1396,0,0,0,1677,1215,462,1677,1215,462,0,0,0,871,61,810,871,61,810,0,0,0,432,308,124,432,308,124,0,0,0
15,Nassau County (Northwest)--North Hempstead Town (North) PUMA,7470,4180,3290,7444,4180,3264,26,0,26,5079,3087,1992,5079,3087,1992,0,0,0,1564,730,834,1538,730,808,26,0,26,827,363,464,827,363,464,0,0,0
16,Monroe County (Central)--Rochester City (East) PUMA,1031,461,570,950,380,570,81,81,0,542,441,101,461,360,101,81,81,0,183,20,163,183,20,163,0,0,0,306,0,306,306,0,306,0,0,0
17,Westchester County (Northwest) PUMA,8577,4539,4038,8577,4539,4038,0,0,0,3105,1766,1339,3105,1766,1339,0,0,0,4448,2151,2297,4448,2151,2297,0,0,0,1024,622,402,1024,622,402,0,0,0
18,NYC-Brooklyn Community District 16--Brownsville & Ocean Hill PUMA,5263,3216,2047,5263,3216,2047,0,0,0,1692,843,849,1692,843,849,0,0,0,3082,2014,1068,3082,2014,1068,0,0,0,489,359,130,489,359,130,0,0,0
19,Onondaga County (Central)--Syracuse City PUMA,3043,1570,1473,2411,1410,1001,632,160,472,1451,651,800,1245,614,631,206,37,169,1357,796,561,931,673,258,426,123,303,235,123,112,235,123,112,0,0,0
20,Westchester County (Northeast) PUMA,5816,3138,2678,5450,3063,2387,366,75,291,1925,1029,896,1803,1029,774,122,0,122,2116,1307,809,2041,1232,809,75,75,0,1775,802,973,1606,802,804,169,0,169
21,Madison & Cortland Counties PUMA,240,42,198,240,42,198,0,0,0,160,42,118,160,42,118,0,0,0,0,0,0,0,0,0,0,0,0,80,0,80,80,0,80,0,0,0
22,Erie County (West Central)--Buffalo City (West) PUMA,3904,2169,1735,3641,2115,1526,263,54,209,1267,745,522,1267,745,522,0,0,0,1185,691,494,1032,691,341,153,0,153,1452,733,719,1342,679,663,110,54,56
23,Monroe County (Central)--Rochester City (West) PUMA,2077,1526,551,1892,1422,470,185,104,81,332,332,0,332,332,0,0,0,0,1519,968,551,1334,864,470,185,104,81,226,226,0,226,226,0,0,0,0
24,Suffolk County (Central)--Islip Town (East) PUMA,2064,1024,1040,2064,1024,1040,0,0,0,1214,588,626,1214,588,626,0,0,0,689,436,253,689,436,253,0,0,0,161,0,161,161,0,161,0,0,0
25,Nassau County (Central)--Hempstead Town (East Central) PUMA,2253,1414,839,2253,1414,839,0,0,0,1269,1001,268,1269,1001,268,0,0,0,897,326,571,897,326,571,0,0,0,87,87,0,87,87,0,0,0,0
26,"NYC-Bronx Community District 5--Morris Heights, Fordham South & Mount Hope PUMA",13404,7695,5709,12796,7425,5371,608,270,338,2722,1514,1208,2722,1514,1208,0,0,0,6997,3938,3059,6649,3780,2869,348,158,190,3685,2243,1442,3425,2131,1294,260,112,148
27,St. Lawrence County PUMA,373,174,199,242,174,68,131,0,131,227,174,53,227,174,53,0,0,0,146,0,146,15,0,15,131,0,131,0,0,0,0,0,0,0,0,0
28,Columbia & Greene Counties PUMA,334,277,57,334,277,57,0,0,0,160,127,33,160,127,33,0,0,0,174,150,24,174,150,24,0,0,0,0,0,0,0,0,0,0,0,0
29,NYC-Brooklyn Community District 2--Brooklyn Heights & Fort Greene PUMA,3881,1742,2139,3815,1676,2139,66,66,0,3147,1316,1831,3081,1250,1831,66,66,0,510,202,308,510,202,308,0,0,0,224,224,0,224,224,0,0,0,0
30,"NYC-Queens Community District 8--Briarwood, Fresh Meadows & Hillcrest PUMA",21234,12873,8361,20785,12672,8113,449,201,248,10281,5993,4288,10053,5864,4189,228,129,99,9659,6314,3345,9438,6242,3196,221,72,149,1294,566,728,1294,566,728,0,0,0
31,Monroe County (North & West) PUMA,139,53,86,139,53,86,0,0,0,0,0,0,0,0,0,0,0,0,139,53,86,139,53,86,0,0,0,0,0,0,0,0,0,0,0,0
32,Schenectady County--Schenectady City PUMA,2689,1503,1186,2689,1503,1186,0,0,0,1268,701,567,1268,701,567,0,0,0,1364,745,619,1364,745,619,0,0,0,57,57,0,57,57,0,0,0,0
33,"Rockland County (West)--Spring Valley, Suffern Villages & Monsey PUMA",6855,3046,3809,6855,3046,3809,0,0,0,1826,932,894,1826,932,894,0,0,0,3086,1114,1972,3086,1114,1972,0,0,0,1943,1000,943,1943,1000,943,0,0,0
34,Niagara County (North & East) PUMA,204,91,113,204,91,113,0,0,0,168,75,93,168,75,93,0,0,0,20,0,20,20,0,20,0,0,0,16,16,0,16,16,0,0,0,0
35,Suffolk County (Central)--Brookhaven Town (Central) PUMA,3227,2017,1210,3148,1938,1210,79,79,0,948,545,403,869,466,403,79,79,0,1947,1472,475,1947,1472,475,0,0,0,332,0,332,332,0,332,0,0,0
36,Suffolk County (East) PUMA,7680,3996,3684,7303,3996,3307,377,0,377,978,348,630,978,348,630,0,0,0,4769,2447,2322,4479,2447,2032,290,0,290,1933,1201,732,1846,1201,645,87,0,87
37,Warren & Washington Counties PUMA,728,333,395,728,333,395,0,0,0,447,170,277,447,170,277,0,0,0,247,129,118,247,129,118,0,0,0,34,34,0,34,34,0,0,0,0
38,NYC-Queens Community District 6--Forest Hills & Rego Park PUMA,16405,6912,9493,16154,6661,9493,251,251,0,12185,5059,7126,11934,4808,7126,251,251,0,4165,1853,2312,4165,1853,2312,0,0,0,55,0,55,55,0,55,0,0,0
39,"NYC-Brooklyn Community District 9--Crown Heights South, Prospect Lefferts & Wingate PUMA",5171,2073,3098,5171,2073,3098,0,0,0,2119,540,1579,2119,540,1579,0,0,0,2353,1197,1156,2353,1197,1156,0,0,0,699,336,363,699,336,363,0,0,0
40,Westchester County (Central)--White Plains City PUMA,13127,7599,5528,12952,7599,5353,175,0,175,6406,3448,2958,6231,3448,2783,175,0,175,5635,3703,1932,5635,3703,1932,0,0,0,1086,448,638,1086,448,638,0,0,0
41,"NYC-Bronx Community District 1 & 2--Hunts Point, Longwood & Melrose PUMA",12534,6735,5799,12299,6611,5688,235,124,111,2971,1318,1653,2971,1318,1653,0,0,0,7082,3595,3487,6875,3471,3404,207,124,83,2481,1822,659,2453,1822,631,28,0,28
42,Erie County (North Central) PUMA,3111,1617,1494,2870,1481,1389,241,136,105,2416,1226,1190,2175,1090,1085,241,136,105,393,304,89,393,304,89,0,0,0,302,87,215,302,87,215,0,0,0
43,Chautauqua County PUMA,608,369,239,608,369,239,0,0,0,326,87,239,326,87,239,0,0,0,227,227,0,227,227,0,0,0,0,55,55,0,55,55,0,0,0,0
44,Dutchess County (Southwest) PUMA,6090,3248,2842,5580,3119,2461,510,129,381,2058,1102,956,1991,1035,956,67,67,0,3392,1944,1448,2949,1882,1067,443,62,381,640,202,438,640,202,438,0,0,0
45,Westchester County (Southeast) PUMA,9321,6227,3094,9234,6227,3007,87,0,87,3735,2344,1391,3735,2344,1391,0,0,0,4081,2732,1349,3994,2732,1262,87,0,87,1505,1151,354,1505,1151,354,0,0,0
46,Rockland County (North)--New City & Congers PUMA,10983,5680,5303,10582,5585,4997,401,95,306,4967,2939,2028,4822,2844,1978,145,95,50,5372,2203,3169,5116,2203,2913,256,0,256,644,538,106,644,538,106,0,0,0
47,NYC-Staten Island Community District 2--New Springville & South Beach PUMA,5566,2729,2837,5491,2686,2805,75,43,32,3826,2302,1524,3751,2259,1492,75,43,32,1315,349,966,1315,349,966,0,0,0,425,78,347,425,78,347,0,0,0
48,Suffolk County (Southwest)--Islip Town (South) PUMA,2137,1667,470,2137,1667,470,0,0,0,981,605,376,981,605,376,0,0,0,835,835,0,835,835,0,0,0,0,321,227,94,321,227,94,0,0,0
49,Erie County (West Central)--Buffalo City (East) PUMA,2360,1540,820,1965,1145,820,395,395,0,797,466,331,676,345,331,121,121,0,1563,1074,489,1289,800,489,274,274,0,0,0,0,0,0,0,0,0,0
50,Wayne & Seneca Counties PUMA,591,78,513,591,78,513,0,0,0,202,78,124,202,78,124,0,0,0,389,0,389,389,0,389,0,0,0,0,0,0,0,0,0,0,0,0
51,Monroe County (South) PUMA,3738,2061,1677,3738,2061,1677,0,0,0,2737,1426,1311,2737,1426,1311,0,0,0,665,436,229,665,436,229,0,0,0,336,199,137,336,199,137,0,0,0
52,Tompkins County PUMA,2560,906,1654,2560,906,1654,0,0,0,1254,557,697,1254,557,697,0,0,0,1306,349,957,1306,349,957,0,0,0,0,0,0,0,0,0,0,0,0
53,Suffolk County (South Central)--Brookhaven Town (South) PUMA,5843,3246,2597,5423,2826,2597,420,420,0,1053,756,297,1053,756,297,0,0,0,2564,905,1659,2503,844,1659,61,61,0,2226,1585,641,1867,1226,641,359,359,0
54,"Otsego, Schoharie, Oneida (South) & Herkimer (South) Counties PUMA",391,123,268,391,123,268,0,0,0,205,97,108,205,97,108,0,0,0,164,26,138,164,26,138,0,0,0,22,0,22,22,0,22,0,0,0
55,NYC-Manhattan Community District 8--Upper East Side PUMA,12054,4996,7058,11888,4870,7018,166,126,40,10529,4341,6188,10363,4215,6148,166,126,40,1525,655,870,1525,655,870,0,0,0,0,0,0,0,0,0,0,0,0
56,"NYC-Manhattan Community District 1 & 2--Battery Park City, Greenwich Village & Soho PUMA",4744,1190,3554,4554,1190,3364,190,0,190,4349,985,3364,4349,985,3364,0,0,0,205,205,0,205,205,0,0,0,0,190,0,190,0,0,0,190,0,190
57,"NYC-Manhattan Community District 12--Washington Heights, Inwood & Marble Hill PUMA",26621,16271,10350,25853,15876,9977,768,395,373,8160,3688,4472,7958,3486,4472,202,202,0,15768,10093,5675,15298,9900,5398,470,193,277,2693,2490,203,2597,2490,107,96,0,96
58,NYC-Brooklyn Community District 18--Canarsie & Flatlands PUMA,13275,6560,6715,13087,6465,6622,188,95,93,4604,2243,2361,4561,2243,2318,43,0,43,7682,3652,4030,7632,3652,3980,50,0,50,989,665,324,894,570,324,95,95,0
59,"NYC-Bronx Community District 12--Wakefield, Williamsbridge & Woodlawn PUMA",9290,4485,4805,8893,4385,4508,397,100,297,2976,1042,1934,2679,1042,1637,297,0,297,4673,2584,2089,4573,2484,2089,100,100,0,1641,859,782,1641,859,782,0,0,0
60,Suffolk County (Central)--Islip Town (Northwest) PUMA,20359,11396,8963,20177,11300,8877,182,96,86,2741,1389,1352,2645,1293,1352,96,96,0,12964,7379,5585,12878,7379,5499,86,0,86,4654,2628,2026,4654,2628,2026,0,0,0
61,"NYC-Queens Community District 14--Far Rockaway, Breezy Point & Broad Channel PUMA",9339,4992,4347,8899,4824,4075,440,168,272,4734,2441,2293,4734,2441,2293,0,0,0,3907,2551,1356,3467,2383,1084,440,168,272,698,0,698,698,0,698,0,0,0
62,Saratoga County (South & Central) PUMA,1480,1210,270,1388,1118,270,92,92,0,1255,985,270,1163,893,270,92,92,0,183,183,0,183,183,0,0,0,0,42,42,0,42,42,0,0,0,0
63,Cattaraugus & Allegany Counties PUMA,189,119,70,189,119,70,0,0,0,137,119,18,137,119,18,0,0,0,52,0,52,52,0,52,0,0,0,0,0,0,0,0,0,0,0,0
64,Genesee & Orleans Counties PUMA,365,365,0,365,365,0,0,0,0,0,0,0,0,0,0,0,0,0,365,365,0,365,365,0,0,0,0,0,0,0,0,0,0,0,0,0
65,Cayuga & Onondaga (South) Counties PUMA,694,375,319,694,375,319,0,0,0,174,111,63,174,111,63,0,0,0,474,218,256,474,218,256,0,0,0,46,46,0,46,46,0,0,0,0
66,Sullivan & Ulster (West) Counties PUMA,2050,1299,751,2050,1299,751,0,0,0,254,63,191,254,63,191,0,0,0,1162,602,560,1162,602,560,0,0,0,634,634,0,634,634,0,0,0,0
67,"NYC-Bronx Community District 7--Bedford Park, Fordham North & Norwood PUMA",14527,9489,5038,13802,9220,4582,725,269,456,3763,2114,1649,3548,2038,1510,215,76,139,8966,6606,2360,8609,6413,2196,357,193,164,1798,769,1029,1645,769,876,153,0,153
68,Suffolk County (Central)--Brookhaven Town (West Central) PUMA,4956,3005,1951,4956,3005,1951,0,0,0,2172,1205,967,2172,1205,967,0,0,0,1963,1336,627,1963,1336,627,0,0,0,821,464,357,821,464,357,0,0,0
69,NYC-Queens Community District 1--Astoria & Long Island City PUMA,13864,6990,6874,13475,6990,6485,389,0,389,6425,3398,3027,6425,3398,3027,0,0,0,6288,2865,3423,5899,2865,3034,389,0,389,1151,727,424,1151,727,424,0,0,0
70,Jefferson & Lewis Counties PUMA,1251,552,699,1251,552,699,0,0,0,546,225,321,546,225,321,0,0,0,684,327,357,684,327,357,0,0,0,21,0,21,21,0,21,0,0,0
71,Nassau County (West Central)--Hempstead Town (Northwest) PUMA,11320,6515,4805,10872,6246,4626,448,269,179,5394,2260,3134,5215,2260,2955,179,0,179,4276,3008,1268,4007,2739,1268,269,269,0,1650,1247,403,1650,1247,403,0,0,0
72,Nassau County (Central)--Hempstead Town (North Central)--Meadowbrook Corridor PUMA,13862,7139,6723,13679,7037,6642,183,102,81,2713,1250,1463,2713,1250,1463,0,0,0,7879,3157,4722,7696,3055,4641,183,102,81,3270,2732,538,3270,2732,538,0,0,0
73,Orange County (Northeast)--Greater Newburgh City PUMA,4528,2663,1865,4443,2663,1780,85,0,85,1575,567,1008,1575,567,1008,0,0,0,2653,1796,857,2568,1796,772,85,0,85,300,300,0,300,300,0,0,0,0
74,"NYC-Bronx Community District 11--Pelham Parkway, Morris Park & Laconia PUMA",7654,4268,3386,7442,4056,3386,212,212,0,2636,925,1711,2636,925,1711,0,0,0,3541,2324,1217,3329,2112,1217,212,212,0,1477,1019,458,1477,1019,458,0,0,0
75,"NYC-Queens Community District 12--Jamaica, Hollis & St. Albans PUMA",15295,9252,6043,14779,8896,5883,516,356,160,4651,2968,1683,4357,2674,1683,294,294,0,8034,4421,3613,7812,4359,3453,222,62,160,2610,1863,747,2610,1863,747,0,0,0
76,Erie County (Central) PUMA,1516,969,547,1516,969,547,0,0,0,368,202,166,368,202,166,0,0,0,1148,767,381,1148,767,381,0,0,0,0,0,0,0,0,0,0,0,0
77,"NYC-Staten Island Community District 1--Port Richmond, Stapleton & Mariner's Harbor PUMA",14482,7648,6834,13971,7312,6659,511,336,175,6441,2652,3789,6105,2316,3789,336,336,0,6362,3953,2409,6187,3953,2234,175,0,175,1679,1043,636,1679,1043,636,0,0,0
78,"NYC-Brooklyn Community District 15--Sheepshead Bay, Gerritsen Beach & Homecrest PUMA",8534,4253,4281,8500,4219,4281,34,34,0,3485,1356,2129,3485,1356,2129,0,0,0,4118,2062,2056,4084,2028,2056,34,34,0,931,835,96,931,835,96,0,0,0
79,"NYC-Bronx Community District 8--Riverdale, Fieldston & Kingsbridge PUMA",10278,5103,5175,10115,4940,5175,163,163,0,4205,1794,2411,4042,1631,2411,163,163,0,4811,2667,2144,4811,2667,2144,0,0,0,1262,642,620,1262,642,620,0,0,0
80,NYC-Brooklyn Community District 5--East New York & Starrett City PUMA,17883,8841,9042,17652,8762,8890,231,79,152,2112,836,1276,2112,836,1276,0,0,0,12691,6263,6428,12539,6263,6276,152,0,152,3080,1742,1338,3001,1663,1338,79,79,0
81,Onondaga County (Central)--Syracuse City (Outer) PUMA,1265,453,812,1265,453,812,0,0,0,901,333,568,901,333,568,0,0,0,274,30,244,274,30,244,0,0,0,90,90,0,90,90,0,0,0,0
82,"NYC-Manhattan Community District 6--Murray Hill, Gramercy & Stuyvesant Town PUMA",9109,5227,3882,9048,5227,3821,61,0,61,8154,4406,3748,8093,4406,3687,61,0,61,955,821,134,955,821,134,0,0,0,0,0,0,0,0,0,0,0,0
83,"Chenango, Delaware & Broome (East) Counties PUMA",179,126,53,126,126,0,53,0,53,72,19,53,19,19,0,53,0,53,31,31,0,31,31,0,0,0,0,76,76,0,76,76,0,0,0,0
84,Orange County (Northwest) PUMA,6386,2988,3398,6372,2988,3384,14,0,14,1424,688,736,1424,688,736,0,0,0,4898,2300,2598,4884,2300,2584,14,0,14,64,0,64,64,0,64,0,0,0
85,NYC-Brooklyn Community District 7--Sunset Park & Windsor Terrace PUMA,10712,5007,5705,10422,4901,5521,290,106,184,3816,1364,2452,3816,1364,2452,0,0,0,4202,2224,1978,3912,2118,1794,290,106,184,2694,1419,1275,2694,1419,1275,0,0,0
86,Nassau County (Northeast)--Oyster Bay Town (North) & Glen Cove City PUMA,5409,3003,2406,5379,3003,2376,30,0,30,3727,1719,2008,3697,1719,1978,30,0,30,1319,921,398,1319,921,398,0,0,0,363,363,0,363,363,0,0,0,0
87,Dutchess County (North & East) PUMA,2698,1919,779,2523,1744,779,175,175,0,827,419,408,652,244,408,175,175,0,951,661,290,951,661,290,0,0,0,920,839,81,920,839,81,0,0,0
88,Putnam County PUMA,3013,1475,1538,2974,1475,1499,39,0,39,1513,672,841,1474,672,802,39,0,39,1141,478,663,1141,478,663,0,0,0,359,325,34,359,325,34,0,0,0
89,Albany County (Outside Albany City) PUMA,4907,2394,2513,4742,2229,2513,165,165,0,3985,2022,1963,3820,1857,1963,165,165,0,684,187,497,684,187,497,0,0,0,238,185,53,238,185,53,0,0,0
90,"NYC-Bronx Community District 10--Co-op City, Pelham Bay & Schuylerville PUMA",4493,2427,2066,4161,2329,1832,332,98,234,1962,1709,253,1864,1611,253,98,98,0,1916,536,1380,1682,536,1146,234,0,234,615,182,433,615,182,433,0,0,0
91,NYC-Queens Community District 4--Elmhurst & South Corona PUMA,32094,20159,11935,31276,19485,11791,818,674,144,10179,6533,3646,9590,6010,3580,589,523,66,16224,9296,6928,15995,9145,6850,229,151,78,5691,4330,1361,5691,4330,1361,0,0,0
92,"NYC-Brooklyn Community District 12--Borough Park, Kensington & Ocean Parkway PUMA",5644,3652,1992,5587,3652,1935,57,0,57,1975,1248,727,1975,1248,727,0,0,0,2682,1641,1041,2625,1641,984,57,0,57,987,763,224,987,763,224,0,0,0
93,Nassau County (Southeast)--Oyster Bay Town (South) PUMA,1113,765,348,1113,765,348,0,0,0,962,614,348,962,614,348,0,0,0,151,151,0,151,151,0,0,0,0,0,0,0,0,0,0,0,0,0
94,Suffolk County (Northwest)--Huntington Town (South) PUMA,3692,1635,2057,3692,1635,2057,0,0,0,2909,1485,1424,2909,1485,1424,0,0,0,678,45,633,678,45,633,0,0,0,105,105,0,105,105,0,0,0,0
95,Oswego County PUMA,0,0,0,0,0,0,0,0,0,0,0,0,0,0,0,0,0,0,0,0,0,0,0,0,0,0,0,0,0,0,0,0,0,0,0,0
96,Rensselaer County--Troy City PUMA,1963,1107,856,1864,1107,757,99,0,99,1663,941,722,1663,941,722,0,0,0,166,166,0,166,166,0,0,0,0,134,0,134,35,0,35,99,0,99
97,Saratoga County (Outer) PUMA,761,376,385,761,376,385,0,0,0,439,376,63,439,376,63,0,0,0,322,0,322,322,0,322,0,0,0,0,0,0,0,0,0,0,0,0
98,Herkimer (North & Central) & Oneida (Outer) Counties PUMA,275,0,275,211,0,211,64,0,64,0,0,0,0,0,0,0,0,0,0,0,0,0,0,0,0,0,0,275,0,275,211,0,211,64,0,64
99,Monroe County (East) PUMA,1287,625,662,1287,625,662,0,0,0,906,496,410,906,496,410,0,0,0,215,129,86,215,129,86,0,0,0,166,0,166,166,0,166,0,0,0
100,"NYC-Queens Community District 13--Queens Village, Cambria Heights & Rosedale PUMA",21462,11484,9978,20592,10743,9849,870,741,129,10494,5379,5115,9781,4795,4986,713,584,129,9897,5271,4626,9740,5114,4626,157,157,0,1071,834,237,1071,834,237,0,0,0
101,Erie County (South) PUMA,134,134,0,134,134,0,0,0,0,134,134,0,134,134,0,0,0,0,0,0,0,0,0,0,0,0,0,0,0,0,0,0,0,0,0,0
102,Monroe County (Central)--Greece & Gates Towns PUMA,1106,604,502,1106,604,502,0,0,0,845,397,448,845,397,448,0,0,0,221,167,54,221,167,54,0,0,0,40,40,0,40,40,0,0,0,0
103,NYC-Manhattan Community District 7--Upper West Side & West Side PUMA,9882,6020,3862,9604,5742,3862,278,278,0,8145,4506,3639,7867,4228,3639,278,278,0,1210,1098,112,1210,1098,112,0,0,0,527,416,111,527,416,111,0,0,0
104,NYC-Manhattan Community District 11--East Harlem PUMA,7623,3853,3770,7437,3667,3770,186,186,0,2608,1023,1585,2556,971,1585,52,52,0,3526,1712,1814,3392,1578,1814,134,134,0,1489,1118,371,1489,1118,371,0,0,0
105,"NYC-Queens Community District 7--Flushing, Murray Hill & Whitestone PUMA",30786,15412,15374,29534,14692,14842,1252,720,532,11598,5000,6598,11203,4880,6323,395,120,275,15285,8350,6935,14643,7965,6678,642,385,257,3903,2062,1841,3688,1847,1841,215,215,0
106,NYC-Brooklyn Community District 1--Greenpoint & Williamsburg PUMA,7113,3688,3425,6972,3688,3284,141,0,141,4361,2180,2181,4220,2180,2040,141,0,141,1840,1098,742,1840,1098,742,0,0,0,912,410,502,912,410,502,0,0,0
107,Onondaga County (North) PUMA,1928,920,1008,1806,920,886,122,0,122,735,415,320,613,415,198,122,0,122,640,259,381,640,259,381,0,0,0,553,246,307,553,246,307,0,0,0
108,NYC-Brooklyn Community District 14--Flatbush & Midwood PUMA,8726,5214,3512,8390,4878,3512,336,336,0,2419,818,1601,2419,818,1601,0,0,0,4608,3609,999,4272,3273,999,336,336,0,1699,787,912,1699,787,912,0,0,0
109,"Rockland County (South)--Orangetown, Clarkstown (South) & Ramapo (Southeast) Towns PUMA",4658,2071,2587,4658,2071,2587,0,0,0,1440,392,1048,1440,392,1048,0,0,0,2987,1448,1539,2987,1448,1539,0,0,0,231,231,0,231,231,0,0,0,0
110,NYC-Brooklyn Community District 13--Brighton Beach & Coney Island PUMA,4612,2685,1927,3829,2417,1412,783,268,515,1753,1102,651,1478,960,518,275,142,133,2092,1104,988,1647,1041,606,445,63,382,767,479,288,704,416,288,63,63,0
111,"NYC-Bronx Community District 4--Concourse, Highbridge & Mount Eden PUMA",16393,7083,9310,14707,6082,8625,1686,1001,685,4102,1549,2553,3602,1049,2553,500,500,0,9880,4121,5759,9239,3963,5276,641,158,483,2411,1413,998,1866,1070,796,545,343,202
112,Erie County (Northeast) PUMA,471,275,196,471,275,196,0,0,0,391,195,196,391,195,196,0,0,0,80,80,0,80,80,0,0,0,0,0,0,0,0,0,0,0,0,0
113,NYC-Brooklyn Community District 8--Crown Heights North & Prospect Heights PUMA,4470,2984,1486,4282,2984,1298,188,0,188,1820,1354,466,1820,1354,466,0,0,0,1827,954,873,1639,954,685,188,0,188,823,676,147,823,676,147,0,0,0
114,NYC-Queens Community District 3--Jackson Heights & North Corona PUMA,30571,17741,12830,29277,17504,11773,1294,237,1057,6258,2246,4012,5515,2009,3506,743,237,506,17257,10304,6953,16706,10304,6402,551,0,551,7056,5191,1865,7056,5191,1865,0,0,0
115,Fulton & Montgomery Counties PUMA,292,292,0,292,292,0,0,0,0,292,292,0,292,292,0,0,0,0,0,0,0,0,0,0,0,0,0,0,0,0,0,0,0,0,0,0
116,Niagara County (Southwest)--Greater Niagara Falls & North Tonawanda Area PUMA,800,582,218,800,582,218,0,0,0,435,435,0,435,435,0,0,0,0,365,147,218,365,147,218,0,0,0,0,0,0,0,0,0,0,0,0
117,"Steuben (North & West), Schuyler & Chemung (North) Counties PUMA",557,459,98,557,459,98,0,0,0,109,75,34,109,75,34,0,0,0,6,0,6,6,0,6,0,0,0,442,384,58,442,384,58,0,0,0
118,NYC-Brooklyn Community District 4--Bushwick PUMA,8740,4218,4522,8448,3994,4454,292,224,68,2292,950,1342,2105,831,1274,187,119,68,4984,2407,2577,4879,2302,2577,105,105,0,1464,861,603,1464,861,603,0,0,0
119,"NYC-Manhattan Community District 4 & 5--Chelsea, Clinton & Midtown Business District PUMA",12432,6017,6415,11174,5252,5922,1258,765,493,9132,3657,5475,8639,3657,4982,493,0,493,3133,2287,846,2368,1522,846,765,765,0,167,73,94,167,73,94,0,0,0
120,"NYC-Brooklyn Community District 6--Park Slope, Carroll Gardens & Red Hook PUMA",4534,2393,2141,4107,2213,1894,427,180,247,3645,1854,1791,3376,1674,1702,269,180,89,766,539,227,608,539,69,158,0,158,123,0,123,123,0,123,0,0,0
121,NYC-Brooklyn Community District 3--Bedford-Stuyvesant PUMA,4887,2760,2127,4887,2760,2127,0,0,0,2082,1058,1024,2082,1058,1024,0,0,0,2610,1620,990,2610,1620,990,0,0,0,195,82,113,195,82,113,0,0,0
122,NYC-Queens Community District 10--Howard Beach & Ozone Park PUMA,11986,6615,5371,11754,6385,5369,232,230,2,5180,2559,2621,5178,2559,2619,2,0,2,5060,2765,2295,4830,2535,2295,230,230,0,1746,1291,455,1746,1291,455,0,0,0
123,Suffolk County (Northwest)--Huntington Town (North) PUMA,3298,2155,1143,3298,2155,1143,0,0,0,910,529,381,910,529,381,0,0,0,1899,1321,578,1899,1321,578,0,0,0,489,305,184,489,305,184,0,0,0
124,Orange County (Southeast) PUMA,4391,2045,2346,4391,2045,2346,0,0,0,3110,1584,1526,3110,1584,1526,0,0,0,766,399,367,766,399,367,0,0,0,515,62,453,515,62,453,0,0,0
125,Nassau County (East Central)--Oyster Bay Town (Central) PUMA,10498,5852,4646,10413,5767,4646,85,85,0,6584,2962,3622,6499,2877,3622,85,85,0,3051,2162,889,3051,2162,889,0,0,0,863,728,135,863,728,135,0,0,0
126,Suffolk County (Northwest)--Smithtown Town PUMA,3115,1663,1452,3115,1663,1452,0,0,0,2106,1138,968,2106,1138,968,0,0,0,943,525,418,943,525,418,0,0,0,66,0,66,66,0,66,0,0,0
127,"NYC-Brooklyn Community District 17--East Flatbush, Farragut & Rugby PUMA",7976,3755,4221,7736,3584,4152,240,171,69,1727,978,749,1599,850,749,128,128,0,5281,2570,2711,5169,2527,2642,112,43,69,968,207,761,968,207,761,0,0,0
128,"NYC-Bronx Community District 9--Castle Hill, Clason Point & Parkchester PUMA",18798,10770,8028,18090,10396,7694,708,374,334,5882,3260,2622,5517,3001,2516,365,259,106,9941,5445,4496,9598,5330,4268,343,115,228,2975,2065,910,2975,2065,910,0,0,0
129,NYC-Queens Community District 9--Richmond Hill & Woodhaven PUMA,17845,10671,7174,17553,10532,7021,292,139,153,7442,3892,3550,7401,3892,3509,41,0,41,7931,4813,3118,7718,4674,3044,213,139,74,2472,1966,506,2434,1966,468,38,0,38
130,Westchester County (Southwest)--Yonkers City PUMA,18293,10777,7516,17967,10612,7355,326,165,161,5927,3334,2593,5746,3247,2499,181,87,94,8843,4787,4056,8776,4787,3989,67,0,67,3523,2656,867,3445,2578,867,78,78,0
131,Broome (Outer West) & Tioga Counties PUMA,392,181,211,392,181,211,0,0,0,211,0,211,211,0,211,0,0,0,144,144,0,144,144,0,0,0,0,37,37,0,37,37,0,0,0,0
132,NYC-Brooklyn Community District 10--Bay Ridge & Dyker Heights PUMA,8063,4209,3854,7658,3909,3749,405,300,105,3712,1884,1828,3594,1766,1828,118,118,0,3030,1718,1312,2815,1536,1279,215,182,33,1321,607,714,1249,607,642,72,0,72
133,"NYC-Queens Community District 5--Ridgewood, Glendale & Middle Village PUMA",15365,8222,7143,14645,7993,6652,720,229,491,6280,3310,2970,6174,3310,2864,106,0,106,7667,4060,3607,7194,3894,3300,473,166,307,1418,852,566,1277,789,488,141,63,78
134,NYC-Manhattan Community District 10--Central Harlem PUMA,11221,6140,5081,11154,6140,5014,67,0,67,3324,1418,1906,3324,1418,1906,0,0,0,5180,2735,2445,5113,2735,2378,67,0,67,2717,1987,730,2717,1987,730,0,0,0
135,"NYC-Queens Community District 11--Bayside, Douglaston & Little Neck PUMA",15701,7881,7820,15384,7809,7575,317,72,245,9243,4096,5147,9200,4096,5104,43,0,43,5469,3424,2045,5195,3352,1843,274,72,202,989,361,628,989,361,628,0,0,0
136,Erie County (Northwest) PUMA,574,347,227,494,267,227,80,80,0,316,190,126,236,110,126,80,80,0,167,66,101,167,66,101,0,0,0,91,91,0,91,91,0,0,0,0
137,NYC-Queens Community District 2--Sunnyside & Woodside PUMA,25462,14581,10881,24672,14144,10528,790,437,353,10708,5654,5054,10409,5587,4822,299,67,232,10872,6609,4263,10508,6366,4142,364,243,121,3882,2318,1564,3755,2191,1564,127,127,0
138,Suffolk County (Southwest)--Babylon Town (Southeast) PUMA,4272,2529,1743,3760,2017,1743,512,512,0,1564,837,727,1128,401,727,436,436,0,2100,1084,1016,2024,1008,1016,76,76,0,608,608,0,608,608,0,0,0,0
139,"NYC-Staten Island Community District 3--Tottenville, Great Kills & Annadale PUMA",3001,1811,1190,3001,1811,1190,0,0,0,973,534,439,973,534,439,0,0,0,1250,782,468,1250,782,468,0,0,0,778,495,283,778,495,283,0,0,0
140,Nassau County (West Central)--Hempstead Town (West Central) PUMA,10024,5386,4638,9947,5309,4638,77,77,0,4382,1861,2521,4382,1861,2521,0,0,0,5304,3187,2117,5227,3110,2117,77,77,0,338,338,0,338,338,0,0,0,0
141,Nassau County (Central)--Hempstead Town (Northeast) PUMA,6566,3114,3452,6473,3114,3359,93,0,93,4239,1844,2395,4239,1844,2395,0,0,0,1761,940,821,1668,940,728,93,0,93,566,330,236,566,330,236,0,0,0
142,Nassau County (Southwest)--Hempstead Town (Southwest) & Long Beach City PUMA,4692,1994,2698,4211,1994,2217,481,0,481,1726,882,844,1631,882,749,95,0,95,2275,727,1548,1889,727,1162,386,0,386,691,385,306,691,385,306,0,0,0
143,NYC-Brooklyn Community District 11--Bensonhurst & Bath Beach PUMA,18815,11738,7077,18329,11623,6706,486,115,371,7257,4147,3110,7084,4091,2993,173,56,117,8949,5413,3536,8695,5413,3282,254,0,254,2609,2178,431,2550,2119,431,59,59,0
144,Nassau County (South Central)--Hempstead Town (Southeast) PUMA,4526,2452,2074,4408,2334,2074,118,118,0,1679,592,1087,1561,474,1087,118,118,0,2486,1576,910,2486,1576,910,0,0,0,361,284,77,361,284,77,0,0,0
145,Nassau County (West Central)--North Hempstead Town (South) PUMA,12331,7184,5147,12279,7184,5095,52,0,52,6640,3722,2918,6588,3722,2866,52,0,52,4028,2310,1718,4028,2310,1718,0,0,0,1663,1152,511,1663,1152,511,0,0,0
146,Capital Region,16579,9314,7265,16223,9057,7166,356,257,99,10795,5941,4854,10538,5684,4854,257,257,0,5023,2799,2224,5023,2799,2224,0,0,0,761,574,187,662,574,88,99,0,99
147,Central NY,7170,3360,3810,6416,3200,3216,754,160,594,3421,1552,1869,3093,1515,1578,328,37,291,2745,1303,1442,2319,1180,1139,426,123,303,1004,505,499,1004,505,499,0,0,0
148,Finger Lakes,11911,6476,5435,11503,6291,5212,408,185,223,6569,3852,2717,6488,3771,2717,81,81,0,4068,2138,1930,3741,2034,1707,327,104,223,1274,486,788,1274,486,788,0,0,0
149,Long Island,160579,89315,71264,156718,87446,69272,3861,1869,1992,64849,32898,31951,63596,32084,31512,1253,814,439,71128,40465,30663,69581,39880,29701,1547,585,962,24602,15952,8650,23541,15482,8059,1061,470,591
150,Mid-Hudson,123483,66834,56649,120517,65602,54915,2966,1232,1734,45955,24589,21366,44667,23843,20824,1288,746,542,60284,31084,29200,58988,30811,28177,1296,273,1023,17244,11161,6083,16862,10948,5914,382,213,169
151,Mohawk Valley,2986,1737,1249,2836,1651,1185,150,86,64,1417,795,622,1417,795,622,0,0,0,825,588,237,739,502,237,86,86,0,744,354,390,680,354,326,64,0,64
152,New York City,687871,374185,313686,663921,361403,302518,23950,12782,11168,280178,136286,143892,270521,130050,140471,9657,6236,3421,318271,181270,137001,306724,176282,130442,11547,4988,6559,89422,56629,32793,86676,55071,31605,2746,1558,1188
153,North Country,2002,836,1166,1736,786,950,266,50,216,950,509,441,900,459,441,50,50,0,930,327,603,714,327,387,216,0,216,122,0,122,122,0,122,0,0,0
154,Southern Tier,7705,3466,4239,7652,3466,4186,53,0,53,3961,2076,1885,3908,2076,1832,53,0,53,2358,585,1773,2358,585,1773,0,0,0,1386,805,581,1386,805,581,0,0,0
155,Western NY,13871,8212,5659,12892,7547,5345,979,665,314,6755,3874,2881,6313,3537,2776,442,337,105,5200,3356,1844,4773,3082,1691,427,274,153,1916,982,934,1806,928,878,110,54,56
