,puma,Total_geo,Total_geo_m,Total_geo_f,Total_FT_mf_t,Total_FT_m,Total_FT_f,Total_PT_mf_t,Total_PT_m,Total_PT_f,Total_BABS,Total_BABS_m,Total_BABS_f,BABS_FT_mf_t,BABS_FT_m,BABS_FT_f,BABS_PT_mf_t,BABS_PT_m,BABS_PT_f,Total_HS,Total_HS_m,Total_HS_f,HS_FT_mf_t,HS_FT_m,HS_FT_f,HS_PT_mf_t,HS_PT_m,HS_PT_f,Total_HSINC,Total_HSINC_m,Total_HSINC_f,HSINC_FT_mf_t,HSINC_FT_m,HSINC_FT_f,HSINC_PT_mf_t,HSINC_PT_m,HSINC_PT_f
0,Total Geo,288938,150145,138793,239903,128766,111137,49035,21379,27656,80435,31779,48656,71944,29917,42027,8491,1862,6629,178540,99129,79411,147119,83950,63169,31421,15179,16242,29963,19237,10726,20840,14899,5941,9123,4338,4785
1,"NYC-Manhattan Community District 9--Hamilton Heights, Manhattanville & West Harlem PUMA",1618,1189,429,1371,942,429,247,247,0,204,107,97,97,0,97,107,107,0,1414,1082,332,1274,942,332,140,140,0,0,0,0,0,0,0,0,0,0
2,Ulster County (East) PUMA,1844,1078,766,1556,948,608,288,130,158,248,85,163,248,85,163,0,0,0,1596,993,603,1308,863,445,288,130,158,0,0,0,0,0,0,0,0,0
3,Albany County (East Central)--Albany City PUMA,2009,485,1524,1025,253,772,984,232,752,716,253,463,630,253,377,86,0,86,1244,232,1012,346,0,346,898,232,666,49,0,49,49,0,49,0,0,0
4,Chemung (South) & Steuben (East) Counties--Greater Elmira & Greater Corning Cities PUMA,0,0,0,0,0,0,0,0,0,0,0,0,0,0,0,0,0,0,0,0,0,0,0,0,0,0,0,0,0,0,0,0,0,0,0,0
5,Ontario & Yates Counties PUMA,886,479,407,823,443,380,63,36,27,79,36,43,43,0,43,36,36,0,476,112,364,449,112,337,27,0,27,331,331,0,331,331,0,0,0,0
6,Suffolk County (North Central)--Brookhaven Town (North) PUMA,1301,1128,173,1128,1128,0,173,0,173,495,495,0,495,495,0,0,0,0,701,528,173,528,528,0,173,0,173,105,105,0,105,105,0,0,0,0
7,Westchester County (South Central)--New Rochelle & Mount Vernon Cities PUMA,4032,1653,2379,3270,1461,1809,762,192,570,2050,747,1303,1944,747,1197,106,0,106,1920,844,1076,1264,652,612,656,192,464,62,62,0,62,62,0,0,0,0
8,"Clinton, Franklin, Essex & Hamilton Counties PUMA",296,66,230,296,66,230,0,0,0,0,0,0,0,0,0,0,0,0,296,66,230,296,66,230,0,0,0,0,0,0,0,0,0,0,0,0
9,Oneida County (Central)--Greater Utica & Rome Cities PUMA,2240,1414,826,1886,1258,628,354,156,198,454,0,454,333,0,333,121,0,121,1716,1414,302,1483,1258,225,233,156,77,70,0,70,70,0,70,0,0,0
10,"NYC-Bronx Community District 3 & 6--Belmont, Crotona Park East & East Tremont PUMA",9459,3680,5779,7455,2683,4772,2004,997,1007,1845,672,1173,1845,672,1173,0,0,0,5528,2222,3306,4411,1756,2655,1117,466,651,2086,786,1300,1199,255,944,887,531,356
11,Livingston & Wyoming Counties PUMA,53,53,0,0,0,0,53,53,0,53,53,0,0,0,0,53,53,0,0,0,0,0,0,0,0,0,0,0,0,0,0,0,0,0,0,0
12,NYC-Manhattan Community District 3--Chinatown & Lower East Side PUMA,6166,1984,4182,4631,1094,3537,1535,890,645,1020,0,1020,938,0,938,82,0,82,4177,1486,2691,3245,744,2501,932,742,190,969,498,471,448,350,98,521,148,373
13,Suffolk County (West Central)--Babylon Town (Northwest) PUMA,1689,837,852,1382,640,742,307,197,110,344,59,285,344,59,285,0,0,0,1060,544,516,950,544,406,110,0,110,285,234,51,88,37,51,197,197,0
14,Broome County (West Central)--Greater Binghamton City & Greater Johnson City Village PUMA,579,496,83,314,231,83,265,265,0,107,24,83,107,24,83,0,0,0,407,407,0,142,142,0,265,265,0,65,65,0,65,65,0,0,0,0
15,Nassau County (Northwest)--North Hempstead Town (North) PUMA,546,240,306,483,240,243,63,0,63,243,0,243,243,0,243,0,0,0,303,240,63,240,240,0,63,0,63,0,0,0,0,0,0,0,0,0
16,Monroe County (Central)--Rochester City (East) PUMA,2920,1274,1646,2250,862,1388,670,412,258,418,204,214,328,114,214,90,90,0,1878,622,1256,1531,505,1026,347,117,230,624,448,176,391,243,148,233,205,28
17,Westchester County (Northwest) PUMA,2677,1759,918,2296,1440,856,381,319,62,562,322,240,562,322,240,0,0,0,1942,1264,678,1734,1118,616,208,146,62,173,173,0,0,0,0,173,173,0
18,NYC-Brooklyn Community District 16--Brownsville & Ocean Hill PUMA,1770,661,1109,1573,661,912,197,0,197,119,0,119,119,0,119,0,0,0,1324,415,909,1127,415,712,197,0,197,327,246,81,327,246,81,0,0,0
19,Onondaga County (Central)--Syracuse City PUMA,948,525,423,607,184,423,341,341,0,45,45,0,45,45,0,0,0,0,903,480,423,562,139,423,341,341,0,0,0,0,0,0,0,0,0,0
20,Westchester County (Northeast) PUMA,814,408,406,814,408,406,0,0,0,654,408,246,654,408,246,0,0,0,160,0,160,160,0,160,0,0,0,0,0,0,0,0,0,0,0,0
21,Madison & Cortland Counties PUMA,187,121,66,187,121,66,0,0,0,66,0,66,66,0,66,0,0,0,121,121,0,121,121,0,0,0,0,0,0,0,0,0,0,0,0,0
22,Erie County (West Central)--Buffalo City (West) PUMA,2337,1045,1292,2077,1045,1032,260,0,260,401,112,289,401,112,289,0,0,0,1513,807,706,1441,807,634,72,0,72,423,126,297,235,126,109,188,0,188
23,Monroe County (Central)--Rochester City (West) PUMA,1330,743,587,954,531,423,376,212,164,125,125,0,125,125,0,0,0,0,986,453,533,610,241,369,376,212,164,219,165,54,219,165,54,0,0,0
24,Suffolk County (Central)--Islip Town (East) PUMA,1648,1270,378,1648,1270,378,0,0,0,1067,765,302,1067,765,302,0,0,0,581,505,76,581,505,76,0,0,0,0,0,0,0,0,0,0,0,0
25,Nassau County (Central)--Hempstead Town (East Central) PUMA,673,236,437,577,236,341,96,0,96,431,90,341,431,90,341,0,0,0,242,146,96,146,146,0,96,0,96,0,0,0,0,0,0,0,0,0
26,"NYC-Bronx Community District 5--Morris Heights, Fordham South & Mount Hope PUMA",4294,2176,2118,3804,1992,1812,490,184,306,412,86,326,412,86,326,0,0,0,3107,1732,1375,2894,1601,1293,213,131,82,775,358,417,498,305,193,277,53,224
27,St. Lawrence County PUMA,54,33,21,51,30,21,3,3,0,8,8,0,8,8,0,0,0,0,46,25,21,43,22,21,3,3,0,0,0,0,0,0,0,0,0,0
28,Columbia & Greene Counties PUMA,532,214,318,532,214,318,0,0,0,109,34,75,109,34,75,0,0,0,423,180,243,423,180,243,0,0,0,0,0,0,0,0,0,0,0,0
29,NYC-Brooklyn Community District 2--Brooklyn Heights & Fort Greene PUMA,2377,583,1794,1721,583,1138,656,0,656,1100,252,848,749,252,497,351,0,351,834,166,668,529,166,363,305,0,305,443,165,278,443,165,278,0,0,0
30,"NYC-Queens Community District 8--Briarwood, Fresh Meadows & Hillcrest PUMA",1688,782,906,1576,782,794,112,0,112,724,689,35,724,689,35,0,0,0,852,93,759,852,93,759,0,0,0,112,0,112,0,0,0,112,0,112
31,Monroe County (North & West) PUMA,1155,654,501,1100,654,446,55,0,55,87,0,87,87,0,87,0,0,0,1068,654,414,1013,654,359,55,0,55,0,0,0,0,0,0,0,0,0
32,Schenectady County--Schenectady City PUMA,293,293,0,293,293,0,0,0,0,119,119,0,119,119,0,0,0,0,174,174,0,174,174,0,0,0,0,0,0,0,0,0,0,0,0,0
33,"Rockland County (West)--Spring Valley, Suffern Villages & Monsey PUMA",2111,1057,1054,1717,663,1054,394,394,0,766,483,283,766,483,283,0,0,0,1345,574,771,951,180,771,394,394,0,0,0,0,0,0,0,0,0,0
34,Niagara County (North & East) PUMA,312,209,103,312,209,103,0,0,0,103,0,103,103,0,103,0,0,0,209,209,0,209,209,0,0,0,0,0,0,0,0,0,0,0,0,0
35,Suffolk County (Central)--Brookhaven Town (Central) PUMA,3311,1873,1438,2697,1755,942,614,118,496,1648,668,980,1421,668,753,227,0,227,1663,1205,458,1276,1087,189,387,118,269,0,0,0,0,0,0,0,0,0
36,Suffolk County (East) PUMA,731,639,92,731,639,92,0,0,0,176,176,0,176,176,0,0,0,0,463,463,0,463,463,0,0,0,0,92,0,92,92,0,92,0,0,0
37,Warren & Washington Counties PUMA,104,104,0,104,104,0,0,0,0,0,0,0,0,0,0,0,0,0,64,64,0,64,64,0,0,0,0,40,40,0,40,40,0,0,0,0
38,NYC-Queens Community District 6--Forest Hills & Rego Park PUMA,1424,305,1119,1424,305,1119,0,0,0,497,201,296,497,201,296,0,0,0,701,55,646,701,55,646,0,0,0,226,49,177,226,49,177,0,0,0
39,"NYC-Brooklyn Community District 9--Crown Heights South, Prospect Lefferts & Wingate PUMA",1095,479,616,689,356,333,406,123,283,0,0,0,0,0,0,0,0,0,972,356,616,689,356,333,283,0,283,123,123,0,0,0,0,123,123,0
40,Westchester County (Central)--White Plains City PUMA,1862,790,1072,1623,790,833,239,0,239,990,584,406,990,584,406,0,0,0,872,206,666,633,206,427,239,0,239,0,0,0,0,0,0,0,0,0
41,"NYC-Bronx Community District 1 & 2--Hunts Point, Longwood & Melrose PUMA",11854,4954,6900,8936,3613,5323,2918,1341,1577,2447,877,1570,2014,877,1137,433,0,433,7290,2904,4386,5215,1563,3652,2075,1341,734,2117,1173,944,1707,1173,534,410,0,410
42,Erie County (North Central) PUMA,740,390,350,740,390,350,0,0,0,100,100,0,100,100,0,0,0,0,640,290,350,640,290,350,0,0,0,0,0,0,0,0,0,0,0,0
43,Chautauqua County PUMA,750,552,198,198,0,198,552,552,0,86,0,86,86,0,86,0,0,0,664,552,112,112,0,112,552,552,0,0,0,0,0,0,0,0,0,0
44,Dutchess County (Southwest) PUMA,3055,1708,1347,2881,1683,1198,174,25,149,793,118,675,644,118,526,149,0,149,2262,1590,672,2237,1565,672,25,25,0,0,0,0,0,0,0,0,0,0
45,Westchester County (Southeast) PUMA,786,464,322,658,464,194,128,0,128,375,145,230,247,145,102,128,0,128,411,319,92,411,319,92,0,0,0,0,0,0,0,0,0,0,0,0
46,Rockland County (North)--New City & Congers PUMA,2781,2215,566,2309,1871,438,472,344,128,173,173,0,93,93,0,80,80,0,2003,1437,566,1638,1200,438,365,237,128,605,605,0,578,578,0,27,27,0
47,NYC-Staten Island Community District 2--New Springville & South Beach PUMA,2870,1179,1691,2214,1054,1160,656,125,531,871,277,594,617,277,340,254,0,254,1890,902,988,1488,777,711,402,125,277,109,0,109,109,0,109,0,0,0
48,Suffolk County (Southwest)--Islip Town (South) PUMA,2577,1681,896,2050,1307,743,527,374,153,883,172,711,730,172,558,153,0,153,1694,1509,185,1320,1135,185,374,374,0,0,0,0,0,0,0,0,0,0
49,Erie County (West Central)--Buffalo City (East) PUMA,1917,1306,611,1917,1306,611,0,0,0,108,108,0,108,108,0,0,0,0,1809,1198,611,1809,1198,611,0,0,0,0,0,0,0,0,0,0,0,0
50,Wayne & Seneca Counties PUMA,493,339,154,493,339,154,0,0,0,0,0,0,0,0,0,0,0,0,493,339,154,493,339,154,0,0,0,0,0,0,0,0,0,0,0,0
51,Monroe County (South) PUMA,507,381,126,443,381,62,64,0,64,216,154,62,216,154,62,0,0,0,291,227,64,227,227,0,64,0,64,0,0,0,0,0,0,0,0,0
52,Tompkins County PUMA,44,44,0,44,44,0,0,0,0,0,0,0,0,0,0,0,0,0,44,44,0,44,44,0,0,0,0,0,0,0,0,0,0,0,0,0
53,Suffolk County (South Central)--Brookhaven Town (South) PUMA,3002,1685,1317,2413,1349,1064,589,336,253,520,148,372,520,148,372,0,0,0,1831,933,898,1242,597,645,589,336,253,651,604,47,651,604,47,0,0,0
54,"Otsego, Schoharie, Oneida (South) & Herkimer (South) Counties PUMA",851,638,213,800,607,193,51,31,20,116,0,116,116,0,116,0,0,0,268,171,97,248,171,77,20,0,20,467,467,0,436,436,0,31,31,0
55,NYC-Manhattan Community District 8--Upper East Side PUMA,397,397,0,397,397,0,0,0,0,247,247,0,247,247,0,0,0,0,150,150,0,150,150,0,0,0,0,0,0,0,0,0,0,0,0,0
56,"NYC-Manhattan Community District 1 & 2--Battery Park City, Greenwich Village & Soho PUMA",903,599,304,903,599,304,0,0,0,670,366,304,670,366,304,0,0,0,233,233,0,233,233,0,0,0,0,0,0,0,0,0,0,0,0,0
57,"NYC-Manhattan Community District 12--Washington Heights, Inwood & Marble Hill PUMA",3596,1641,1955,2505,839,1666,1091,802,289,980,110,870,805,110,695,175,0,175,2616,1531,1085,1700,729,971,916,802,114,0,0,0,0,0,0,0,0,0
58,NYC-Brooklyn Community District 18--Canarsie & Flatlands PUMA,1812,967,845,1675,917,758,137,50,87,601,287,314,507,237,270,94,50,44,993,505,488,993,505,488,0,0,0,218,175,43,175,175,0,43,0,43
59,"NYC-Bronx Community District 12--Wakefield, Williamsbridge & Woodlawn PUMA",3038,1650,1388,2480,1553,927,558,97,461,754,580,174,574,483,91,180,97,83,2059,1022,1037,1776,1022,754,283,0,283,225,48,177,130,48,82,95,0,95
60,Suffolk County (Central)--Islip Town (Northwest) PUMA,2982,1633,1349,2287,1081,1206,695,552,143,869,170,699,869,170,699,0,0,0,2014,1463,551,1319,911,408,695,552,143,99,0,99,99,0,99,0,0,0
61,"NYC-Queens Community District 14--Far Rockaway, Breezy Point & Broad Channel PUMA",1888,724,1164,1613,724,889,275,0,275,336,0,336,336,0,336,0,0,0,1552,724,828,1277,724,553,275,0,275,0,0,0,0,0,0,0,0,0
62,Saratoga County (South & Central) PUMA,841,391,450,690,391,299,151,0,151,0,0,0,0,0,0,0,0,0,841,391,450,690,391,299,151,0,151,0,0,0,0,0,0,0,0,0
63,Cattaraugus & Allegany Counties PUMA,88,65,23,88,65,23,0,0,0,0,0,0,0,0,0,0,0,0,55,32,23,55,32,23,0,0,0,33,33,0,33,33,0,0,0,0
64,Genesee & Orleans Counties PUMA,137,0,137,137,0,137,0,0,0,83,0,83,83,0,83,0,0,0,54,0,54,54,0,54,0,0,0,0,0,0,0,0,0,0,0,0
65,Cayuga & Onondaga (South) Counties PUMA,207,80,127,118,0,118,89,80,9,0,0,0,0,0,0,0,0,0,207,80,127,118,0,118,89,80,9,0,0,0,0,0,0,0,0,0
66,Sullivan & Ulster (West) Counties PUMA,1696,1081,615,1589,1081,508,107,0,107,138,138,0,138,138,0,0,0,0,1456,841,615,1349,841,508,107,0,107,102,102,0,102,102,0,0,0,0
67,"NYC-Bronx Community District 7--Bedford Park, Fordham North & Norwood PUMA",5260,3025,2235,4118,2529,1589,1142,496,646,486,109,377,486,109,377,0,0,0,4328,2571,1757,3385,2274,1111,943,297,646,446,345,101,247,146,101,199,199,0
68,Suffolk County (Central)--Brookhaven Town (West Central) PUMA,1692,905,787,1632,905,727,60,0,60,805,331,474,805,331,474,0,0,0,887,574,313,827,574,253,60,0,60,0,0,0,0,0,0,0,0,0
69,NYC-Queens Community District 1--Astoria & Long Island City PUMA,3899,2241,1658,3036,1987,1049,863,254,609,1853,844,1009,1641,802,839,212,42,170,1818,1169,649,1167,957,210,651,212,439,228,228,0,228,228,0,0,0,0
70,Jefferson & Lewis Counties PUMA,1017,853,164,992,828,164,25,25,0,214,214,0,214,214,0,0,0,0,803,639,164,778,614,164,25,25,0,0,0,0,0,0,0,0,0,0
71,Nassau County (West Central)--Hempstead Town (Northwest) PUMA,1371,680,691,1147,536,611,224,144,80,467,176,291,387,176,211,80,0,80,796,504,292,652,360,292,144,144,0,108,0,108,108,0,108,0,0,0
72,Nassau County (Central)--Hempstead Town (North Central)--Meadowbrook Corridor PUMA,721,302,419,674,302,372,47,0,47,196,0,196,149,0,149,47,0,47,358,135,223,358,135,223,0,0,0,167,167,0,167,167,0,0,0,0
73,Orange County (Northeast)--Greater Newburgh City PUMA,2879,1788,1091,2602,1747,855,277,41,236,506,275,231,465,234,231,41,41,0,2024,1349,675,1788,1349,439,236,0,236,349,164,185,349,164,185,0,0,0
74,"NYC-Bronx Community District 11--Pelham Parkway, Morris Park & Laconia PUMA",9822,6481,3341,8304,5511,2793,1518,970,548,1474,511,963,1297,511,786,177,0,177,7071,4966,2105,6091,4177,1914,980,789,191,1277,1004,273,916,823,93,361,181,180
75,"NYC-Queens Community District 12--Jamaica, Hollis & St. Albans PUMA",2064,904,1160,1850,746,1104,214,158,56,286,78,208,230,78,152,56,0,56,1649,762,887,1491,604,887,158,158,0,129,64,65,129,64,65,0,0,0
76,Erie County (Central) PUMA,627,467,160,529,467,62,98,0,98,189,127,62,189,127,62,0,0,0,233,233,0,233,233,0,0,0,0,205,107,98,107,107,0,98,0,98
77,"NYC-Staten Island Community District 1--Port Richmond, Stapleton & Mariner's Harbor PUMA",6026,4063,1963,5028,3124,1904,998,939,59,1223,688,535,1223,688,535,0,0,0,4043,2674,1369,3526,2216,1310,517,458,59,760,701,59,279,220,59,481,481,0
78,"NYC-Brooklyn Community District 15--Sheepshead Bay, Gerritsen Beach & Homecrest PUMA",1172,582,590,1049,582,467,123,0,123,552,360,192,552,360,192,0,0,0,522,124,398,399,124,275,123,0,123,98,98,0,98,98,0,0,0,0
79,"NYC-Bronx Community District 8--Riverdale, Fieldston & Kingsbridge PUMA",3323,1638,1685,3014,1638,1376,309,0,309,1287,444,843,1192,444,748,95,0,95,1873,1031,842,1659,1031,628,214,0,214,163,163,0,163,163,0,0,0,0
80,NYC-Brooklyn Community District 5--East New York & Starrett City PUMA,3633,1871,1762,3198,1488,1710,435,383,52,649,282,367,506,139,367,143,143,0,2392,997,1395,2270,927,1343,122,70,52,592,592,0,422,422,0,170,170,0
81,Onondaga County (Central)--Syracuse City (Outer) PUMA,537,413,124,481,413,68,56,0,56,124,124,0,124,124,0,0,0,0,413,289,124,357,289,68,56,0,56,0,0,0,0,0,0,0,0,0
82,"NYC-Manhattan Community District 6--Murray Hill, Gramercy & Stuyvesant Town PUMA",625,364,261,625,364,261,0,0,0,625,364,261,625,364,261,0,0,0,0,0,0,0,0,0,0,0,0,0,0,0,0,0,0,0,0,0
83,"Chenango, Delaware & Broome (East) Counties PUMA",349,300,49,108,108,0,241,192,49,0,0,0,0,0,0,0,0,0,349,300,49,108,108,0,241,192,49,0,0,0,0,0,0,0,0,0
84,Orange County (Northwest) PUMA,3681,2368,1313,2930,1734,1196,751,634,117,436,173,263,340,77,263,96,96,0,2691,1641,1050,2106,1173,933,585,468,117,554,554,0,484,484,0,70,70,0
85,NYC-Brooklyn Community District 7--Sunset Park & Windsor Terrace PUMA,2104,1045,1059,1798,1045,753,306,0,306,748,293,455,748,293,455,0,0,0,1273,669,604,967,669,298,306,0,306,83,83,0,83,83,0,0,0,0
86,Nassau County (Northeast)--Oyster Bay Town (North) & Glen Cove City PUMA,236,108,128,108,108,0,128,0,128,0,0,0,0,0,0,0,0,0,128,0,128,0,0,0,128,0,128,108,108,0,108,108,0,0,0,0
87,Dutchess County (North & East) PUMA,1316,688,628,1205,577,628,111,111,0,490,282,208,379,171,208,111,111,0,751,331,420,751,331,420,0,0,0,75,75,0,75,75,0,0,0,0
88,Putnam County PUMA,1892,1126,766,1736,1126,610,156,0,156,1105,744,361,1044,744,300,61,0,61,477,382,95,382,382,0,95,0,95,310,0,310,310,0,310,0,0,0
89,Albany County (Outside Albany City) PUMA,2115,1615,500,1805,1388,417,310,227,83,261,101,160,261,101,160,0,0,0,1657,1317,340,1347,1090,257,310,227,83,197,197,0,197,197,0,0,0,0
90,"NYC-Bronx Community District 10--Co-op City, Pelham Bay & Schuylerville PUMA",10018,4322,5696,8497,4322,4175,1521,0,1521,3938,1109,2829,3729,1109,2620,209,0,209,5304,2749,2555,4133,2749,1384,1171,0,1171,776,464,312,635,464,171,141,0,141
91,NYC-Queens Community District 4--Elmhurst & South Corona PUMA,730,490,240,651,490,161,79,0,79,81,81,0,81,81,0,0,0,0,496,256,240,417,256,161,79,0,79,153,153,0,153,153,0,0,0,0
92,"NYC-Brooklyn Community District 12--Borough Park, Kensington & Ocean Parkway PUMA",1233,737,496,1160,737,423,73,0,73,598,232,366,525,232,293,73,0,73,402,366,36,402,366,36,0,0,0,233,139,94,233,139,94,0,0,0
93,Nassau County (Southeast)--Oyster Bay Town (South) PUMA,1698,340,1358,1402,212,1190,296,128,168,627,91,536,459,91,368,168,0,168,1071,249,822,943,121,822,128,128,0,0,0,0,0,0,0,0,0,0
94,Suffolk County (Northwest)--Huntington Town (South) PUMA,377,0,377,135,0,135,242,0,242,297,0,297,135,0,135,162,0,162,80,0,80,0,0,0,80,0,80,0,0,0,0,0,0,0,0,0
95,Oswego County PUMA,377,83,294,377,83,294,0,0,0,0,0,0,0,0,0,0,0,0,294,0,294,294,0,294,0,0,0,83,83,0,83,83,0,0,0,0
96,Rensselaer County--Troy City PUMA,1357,539,818,1026,539,487,331,0,331,221,190,31,190,190,0,31,0,31,1136,349,787,836,349,487,300,0,300,0,0,0,0,0,0,0,0,0
97,Saratoga County (Outer) PUMA,723,723,0,723,723,0,0,0,0,560,560,0,560,560,0,0,0,0,163,163,0,163,163,0,0,0,0,0,0,0,0,0,0,0,0,0
98,Herkimer (North & Central) & Oneida (Outer) Counties PUMA,153,153,0,153,153,0,0,0,0,0,0,0,0,0,0,0,0,0,153,153,0,153,153,0,0,0,0,0,0,0,0,0,0,0,0,0
99,Monroe County (East) PUMA,945,420,525,628,420,208,317,0,317,440,98,342,123,98,25,317,0,317,505,322,183,505,322,183,0,0,0,0,0,0,0,0,0,0,0,0
100,"NYC-Queens Community District 13--Queens Village, Cambria Heights & Rosedale PUMA",1558,735,823,1459,735,724,99,0,99,298,68,230,298,68,230,0,0,0,1260,667,593,1161,667,494,99,0,99,0,0,0,0,0,0,0,0,0
101,Erie County (South) PUMA,458,198,260,395,198,197,63,0,63,81,81,0,81,81,0,0,0,0,377,117,260,314,117,197,63,0,63,0,0,0,0,0,0,0,0,0
102,Monroe County (Central)--Greece & Gates Towns PUMA,805,360,445,644,262,382,161,98,63,95,0,95,95,0,95,0,0,0,529,360,169,368,262,106,161,98,63,181,0,181,181,0,181,0,0,0
103,NYC-Manhattan Community District 7--Upper West Side & West Side PUMA,1851,1091,760,1132,1091,41,719,0,719,166,166,0,166,166,0,0,0,0,1685,925,760,966,925,41,719,0,719,0,0,0,0,0,0,0,0,0
104,NYC-Manhattan Community District 11--East Harlem PUMA,6520,3558,2962,5100,2691,2409,1420,867,553,1936,176,1760,1383,176,1207,553,0,553,3130,1928,1202,2819,1617,1202,311,311,0,1454,1454,0,898,898,0,556,556,0
105,"NYC-Queens Community District 7--Flushing, Murray Hill & Whitestone PUMA",1574,744,830,1334,633,701,240,111,129,687,111,576,501,0,501,186,111,75,528,328,200,528,328,200,0,0,0,359,305,54,305,305,0,54,0,54
106,NYC-Brooklyn Community District 1--Greenpoint & Williamsburg PUMA,2654,1191,1463,1920,1046,874,734,145,589,1270,707,563,1125,562,563,145,145,0,1168,484,684,795,484,311,373,0,373,216,0,216,0,0,0,216,0,216
107,Onondaga County (North) PUMA,24,24,0,24,24,0,0,0,0,0,0,0,0,0,0,0,0,0,24,24,0,24,24,0,0,0,0,0,0,0,0,0,0,0,0,0
108,NYC-Brooklyn Community District 14--Flatbush & Midwood PUMA,1532,1046,486,956,546,410,576,500,76,261,0,261,185,0,185,76,0,76,861,636,225,636,411,225,225,225,0,410,410,0,135,135,0,275,275,0
109,"Rockland County (South)--Orangetown, Clarkstown (South) & Ramapo (Southeast) Towns PUMA",800,533,267,800,533,267,0,0,0,581,314,267,581,314,267,0,0,0,219,219,0,219,219,0,0,0,0,0,0,0,0,0,0,0,0,0
110,NYC-Brooklyn Community District 13--Brighton Beach & Coney Island PUMA,1680,837,843,915,837,78,765,0,765,803,508,295,508,508,0,295,0,295,407,329,78,407,329,78,0,0,0,470,0,470,0,0,0,470,0,470
111,"NYC-Bronx Community District 4--Concourse, Highbridge & Mount Eden PUMA",6398,3379,3019,5561,2800,2761,837,579,258,1678,76,1602,1678,76,1602,0,0,0,3450,2356,1094,2717,1777,940,733,579,154,1270,947,323,1166,947,219,104,0,104
112,Erie County (Northeast) PUMA,199,114,85,199,114,85,0,0,0,85,0,85,85,0,85,0,0,0,114,114,0,114,114,0,0,0,0,0,0,0,0,0,0,0,0,0
113,NYC-Brooklyn Community District 8--Crown Heights North & Prospect Heights PUMA,1333,555,778,961,555,406,372,0,372,615,227,388,464,227,237,151,0,151,236,67,169,236,67,169,0,0,0,482,261,221,261,261,0,221,0,221
114,NYC-Queens Community District 3--Jackson Heights & North Corona PUMA,910,325,585,812,227,585,98,98,0,401,0,401,401,0,401,0,0,0,493,309,184,395,211,184,98,98,0,16,16,0,16,16,0,0,0,0
115,Fulton & Montgomery Counties PUMA,1025,662,363,791,662,129,234,0,234,0,0,0,0,0,0,0,0,0,827,662,165,791,662,129,36,0,36,198,0,198,0,0,0,198,0,198
116,Niagara County (Southwest)--Greater Niagara Falls & North Tonawanda Area PUMA,426,310,116,426,310,116,0,0,0,0,0,0,0,0,0,0,0,0,426,310,116,426,310,116,0,0,0,0,0,0,0,0,0,0,0,0
117,"Steuben (North & West), Schuyler & Chemung (North) Counties PUMA",131,109,22,109,109,0,22,0,22,0,0,0,0,0,0,0,0,0,131,109,22,109,109,0,22,0,22,0,0,0,0,0,0,0,0,0
118,NYC-Brooklyn Community District 4--Bushwick PUMA,5051,2158,2893,4234,1949,2285,817,209,608,1514,225,1289,1514,225,1289,0,0,0,2661,1665,996,2275,1665,610,386,0,386,876,268,608,445,59,386,431,209,222
119,"NYC-Manhattan Community District 4 & 5--Chelsea, Clinton & Midtown Business District PUMA",614,287,327,614,287,327,0,0,0,614,287,327,614,287,327,0,0,0,0,0,0,0,0,0,0,0,0,0,0,0,0,0,0,0,0,0
120,"NYC-Brooklyn Community District 6--Park Slope, Carroll Gardens & Red Hook PUMA",1608,893,715,1484,893,591,124,0,124,901,443,458,818,443,375,83,0,83,666,450,216,666,450,216,0,0,0,41,0,41,0,0,0,41,0,41
121,NYC-Brooklyn Community District 3--Bedford-Stuyvesant PUMA,1774,588,1186,1447,588,859,327,0,327,816,298,518,489,298,191,327,0,327,958,290,668,958,290,668,0,0,0,0,0,0,0,0,0,0,0,0
122,NYC-Queens Community District 10--Howard Beach & Ozone Park PUMA,2870,2064,806,2870,2064,806,0,0,0,485,374,111,485,374,111,0,0,0,2304,1609,695,2304,1609,695,0,0,0,81,81,0,81,81,0,0,0,0
123,Suffolk County (Northwest)--Huntington Town (North) PUMA,1279,900,379,1186,900,286,93,0,93,612,519,93,612,519,93,0,0,0,667,381,286,574,381,193,93,0,93,0,0,0,0,0,0,0,0,0
124,Orange County (Southeast) PUMA,1726,869,857,1477,869,608,249,0,249,293,129,164,293,129,164,0,0,0,932,395,537,839,395,444,93,0,93,501,345,156,345,345,0,156,0,156
125,Nassau County (East Central)--Oyster Bay Town (Central) PUMA,386,386,0,386,386,0,0,0,0,330,330,0,330,330,0,0,0,0,56,56,0,56,56,0,0,0,0,0,0,0,0,0,0,0,0,0
126,Suffolk County (Northwest)--Smithtown Town PUMA,495,276,219,495,276,219,0,0,0,288,136,152,288,136,152,0,0,0,140,140,0,140,140,0,0,0,0,67,0,67,67,0,67,0,0,0
127,"NYC-Brooklyn Community District 17--East Flatbush, Farragut & Rugby PUMA",138,138,0,0,0,0,138,138,0,0,0,0,0,0,0,0,0,0,138,138,0,0,0,0,138,138,0,0,0,0,0,0,0,0,0,0
128,"NYC-Bronx Community District 9--Castle Hill, Clason Point & Parkchester PUMA",11690,4624,7066,8704,3628,5076,2986,996,1990,2766,998,1768,2144,663,1481,622,335,287,7709,3377,4332,5915,2716,3199,1794,661,1133,1215,249,966,645,249,396,570,0,570
129,NYC-Queens Community District 9--Richmond Hill & Woodhaven PUMA,3479,2169,1310,2756,1774,982,723,395,328,789,401,388,578,339,239,211,62,149,2574,1768,806,2178,1435,743,396,333,63,116,0,116,0,0,0,116,0,116
130,Westchester County (Southwest)--Yonkers City PUMA,6466,3188,3278,5980,2895,3085,486,293,193,2127,680,1447,1934,680,1254,193,0,193,3136,1449,1687,3074,1387,1687,62,62,0,1203,1059,144,972,828,144,231,231,0
131,Broome (Outer West) & Tioga Counties PUMA,458,131,327,458,131,327,0,0,0,365,38,327,365,38,327,0,0,0,93,93,0,93,93,0,0,0,0,0,0,0,0,0,0,0,0,0
132,NYC-Brooklyn Community District 10--Bay Ridge & Dyker Heights PUMA,2349,1090,1259,1807,757,1050,542,333,209,954,343,611,954,343,611,0,0,0,968,424,544,664,329,335,304,95,209,427,323,104,189,85,104,238,238,0
133,"NYC-Queens Community District 5--Ridgewood, Glendale & Middle Village PUMA",6883,3186,3697,6358,2812,3546,525,374,151,2068,669,1399,1937,538,1399,131,131,0,4275,1977,2298,4075,1928,2147,200,49,151,540,540,0,346,346,0,194,194,0
134,NYC-Manhattan Community District 10--Central Harlem PUMA,1540,585,955,1160,585,575,380,0,380,164,0,164,164,0,164,0,0,0,1207,585,622,996,585,411,211,0,211,169,0,169,0,0,0,169,0,169
135,"NYC-Queens Community District 11--Bayside, Douglaston & Little Neck PUMA",2115,1083,1032,1870,838,1032,245,245,0,840,561,279,840,561,279,0,0,0,1275,522,753,1030,277,753,245,245,0,0,0,0,0,0,0,0,0,0
136,Erie County (Northwest) PUMA,612,386,226,574,386,188,38,0,38,120,0,120,120,0,120,0,0,0,492,386,106,454,386,68,38,0,38,0,0,0,0,0,0,0,0,0
137,NYC-Queens Community District 2--Sunnyside & Woodside PUMA,800,214,586,800,214,586,0,0,0,232,74,158,232,74,158,0,0,0,525,140,385,525,140,385,0,0,0,43,0,43,43,0,43,0,0,0
138,Suffolk County (Southwest)--Babylon Town (Southeast) PUMA,437,114,323,259,114,145,178,0,178,151,0,151,71,0,71,80,0,80,286,114,172,188,114,74,98,0,98,0,0,0,0,0,0,0,0,0
139,"NYC-Staten Island Community District 3--Tottenville, Great Kills & Annadale PUMA",3205,1950,1255,2971,1818,1153,234,132,102,859,465,394,727,333,394,132,132,0,2346,1485,861,2244,1485,759,102,0,102,0,0,0,0,0,0,0,0,0
140,Nassau County (West Central)--Hempstead Town (West Central) PUMA,2562,1531,1031,2077,1046,1031,485,485,0,705,269,436,705,269,436,0,0,0,1766,1171,595,1281,686,595,485,485,0,91,91,0,91,91,0,0,0,0
141,Nassau County (Central)--Hempstead Town (Northeast) PUMA,1048,512,536,1048,512,536,0,0,0,160,0,160,160,0,160,0,0,0,827,451,376,827,451,376,0,0,0,61,61,0,61,61,0,0,0,0
142,Nassau County (Southwest)--Hempstead Town (Southwest) & Long Beach City PUMA,978,978,0,756,756,0,222,222,0,553,553,0,553,553,0,0,0,0,360,360,0,138,138,0,222,222,0,65,65,0,65,65,0,0,0,0
143,NYC-Brooklyn Community District 11--Bensonhurst & Bath Beach PUMA,2755,1354,1401,2095,1107,988,660,247,413,536,42,494,490,42,448,46,0,46,2127,1220,907,1559,1019,540,568,201,367,92,92,0,46,46,0,46,46,0
144,Nassau County (South Central)--Hempstead Town (Southeast) PUMA,1339,476,863,969,476,493,370,0,370,979,210,769,703,210,493,276,0,276,360,266,94,266,266,0,94,0,94,0,0,0,0,0,0,0,0,0
145,Nassau County (West Central)--North Hempstead Town (South) PUMA,1254,831,423,1254,831,423,0,0,0,668,348,320,668,348,320,0,0,0,586,483,103,586,483,103,0,0,0,0,0,0,0,0,0,0,0,0
146,Capital Region,7974,4364,3610,6198,3905,2293,1776,459,1317,1986,1257,729,1869,1257,612,117,0,117,5702,2870,2832,4043,2411,1632,1659,459,1200,286,237,49,286,237,49,0,0,0
147,Central NY,2280,1246,1034,1794,825,969,486,421,65,235,169,66,235,169,66,0,0,0,1962,994,968,1476,573,903,486,421,65,83,83,0,83,83,0,0,0,0
148,Finger Lakes,9231,4703,4528,7472,3892,3580,1759,811,948,1596,670,926,1100,491,609,496,179,317,6280,3089,3191,5250,2662,2588,1030,427,603,1355,944,411,1122,739,383,233,205,28
149,Long Island,34333,19561,14772,28924,17005,11919,5409,2556,2853,13514,5706,7808,12321,5706,6615,1193,0,1193,18920,12420,6500,14901,10061,4840,4019,2359,1660,1899,1435,464,1702,1238,464,197,197,0
150,Mid-Hudson,40418,22773,17645,35443,20290,15153,4975,2483,2492,12287,5800,6487,11322,5472,5850,965,328,637,24197,13834,10363,20844,12180,8664,3353,1654,1699,3934,3139,795,3277,2638,639,657,501,156
151,Mohawk Valley,4269,2867,1402,3630,2680,950,639,187,452,570,0,570,449,0,449,121,0,121,2964,2400,564,2675,2244,431,289,156,133,735,467,268,506,436,70,229,31,198
152,New York City,179039,87557,91482,146615,74132,72483,32424,13425,18999,48280,17365,30915,42681,16010,26671,5599,1355,4244,109814,57591,52223,90510,48925,41585,19304,8666,10638,20945,12601,8344,13424,9197,4227,7521,3404,4117
153,North Country,1367,952,415,1339,924,415,28,28,0,222,222,0,222,222,0,0,0,0,1145,730,415,1117,702,415,28,28,0,0,0,0,0,0,0,0,0,0
154,Southern Tier,1561,1080,481,1033,623,410,528,457,71,472,62,410,472,62,410,0,0,0,1024,953,71,496,496,0,528,457,71,65,65,0,65,65,0,0,0,0
155,Western NY,8466,5042,3424,7455,4490,2965,1011,552,459,1273,528,745,1273,528,745,0,0,0,6532,4248,2284,5807,3696,2111,725,552,173,661,266,395,375,266,109,286,0,286
