,puma,Total_geo,Total_geo_m,Total_geo_f,Total_NP_mf_t,Total_NP_m,Total_NP_f,Total_P_mf_t,Total_P_m,Total_P_f,Total_BABS,Total_BABS_m,Total_BABS_f,BABS_NP_mf_t,BABS_NP_m,BABS_NP_f,BABS_P_mf_t,BABS_P_m,BABS_P_f,Total_HS,Total_HS_m,Total_HS_f,HS_NP_mf_t,HS_NP_m,HS_NP_f,HS_P_mf_t,HS_P_m,HS_P_f,Total_HSINC,Total_HSINC_m,Total_HSINC_f,HSINC_NP_mf_t,HSINC_NP_m,HSINC_NP_f,HSINC_P_mf_t,HSINC_P_m,HSINC_P_f
0,Total Geo,1637089,818777,818312,1282535,652679,629856,354554,166098,188456,679418,309735,369683,597611,278583,319028,81807,31152,50655,729037,374246,354791,542286,284481,257805,186751,89765,96986,228634,134796,93838,142638,89615,53023,85996,45181,40815
1,NYC-Manhattan Community District 7--Upper West Side & West Side PUMA,16278,6663,9615,13214,5534,7680,3064,1129,1935,10659,4661,5998,9974,4554,5420,685,107,578,3993,1612,2381,2289,778,1511,1704,834,870,1626,390,1236,951,202,749,675,188,487
2,Nassau County (West Central)--Hempstead Town (Northwest) PUMA,12251,5536,6715,11113,4660,6453,1138,876,262,4512,1901,2611,4133,1710,2423,379,191,188,7204,3182,4022,6575,2627,3948,629,555,74,535,453,82,405,323,82,130,130,0
3,NYC-Brooklyn Community District 2--Brooklyn Heights & Fort Greene PUMA,10480,4827,5653,8294,4234,4060,2186,593,1593,7219,3535,3684,6588,3535,3053,631,0,631,2288,800,1488,1620,613,1007,668,187,481,973,492,481,86,86,0,887,406,481
4,Madison & Cortland Counties PUMA,343,152,191,343,152,191,0,0,0,53,30,23,53,30,23,0,0,0,245,77,168,245,77,168,0,0,0,45,45,0,45,45,0,0,0,0
5,Ontario & Yates Counties PUMA,1054,348,706,970,348,622,84,0,84,834,348,486,834,348,486,0,0,0,220,0,220,136,0,136,84,0,84,0,0,0,0,0,0,0,0,0
6,Monroe County (Central)--Greece & Gates Towns PUMA,2588,1485,1103,2004,1271,733,584,214,370,909,554,355,745,554,191,164,0,164,1363,728,635,1052,580,472,311,148,163,316,203,113,207,137,70,109,66,43
7,Nassau County (East Central)--Oyster Bay Town (Central) PUMA,13553,5249,8304,13227,5176,8051,326,73,253,7935,3103,4832,7722,3103,4619,213,0,213,5189,1950,3239,5189,1950,3239,0,0,0,429,196,233,316,123,193,113,73,40
8,"Clinton, Franklin, Essex & Hamilton Counties PUMA",1237,560,677,949,436,513,288,124,164,235,43,192,235,43,192,0,0,0,631,379,252,424,308,116,207,71,136,371,138,233,290,85,205,81,53,28
9,NYC-Manhattan Community District 8--Upper East Side PUMA,22767,9171,13596,21415,8938,12477,1352,233,1119,20285,8328,11957,19264,8095,11169,1021,233,788,1979,340,1639,1648,340,1308,331,0,331,503,503,0,503,503,0,0,0,0
10,Suffolk County (Southwest)--Islip Town (South) PUMA,5305,1967,3338,4963,1661,3302,342,306,36,3028,1166,1862,3028,1166,1862,0,0,0,976,549,427,849,422,427,127,127,0,1301,252,1049,1086,73,1013,215,179,36
11,Erie County (Northwest) PUMA,2712,1401,1311,2448,1139,1309,264,262,2,1038,395,643,891,250,641,147,145,2,1247,889,358,1247,889,358,0,0,0,427,117,310,310,0,310,117,117,0
12,"NYC-Queens Community District 8--Briarwood, Fresh Meadows & Hillcrest PUMA",35870,17761,18109,31448,15618,15830,4422,2143,2279,17823,7885,9938,16222,7139,9083,1601,746,855,14908,7896,7012,12709,6863,5846,2199,1033,1166,3139,1980,1159,2517,1616,901,622,364,258
13,NYC-Brooklyn Community District 5--East New York & Starrett City PUMA,17911,8637,9274,12575,6601,5974,5336,2036,3300,3176,1801,1375,2315,1346,969,861,455,406,11417,5747,5670,8967,4818,4149,2450,929,1521,3318,1089,2229,1293,437,856,2025,652,1373
14,Rockland County (North)--New City & Congers PUMA,11116,5580,5536,10024,5099,4925,1092,481,611,3841,1670,2171,3841,1670,2171,0,0,0,5232,3127,2105,4659,2954,1705,573,173,400,2043,783,1260,1524,475,1049,519,308,211
15,"Otsego, Schoharie, Oneida (South) & Herkimer (South) Counties PUMA",720,371,349,435,187,248,285,184,101,395,151,244,253,103,150,142,48,94,197,120,77,84,14,70,113,106,7,128,100,28,98,70,28,30,30,0
16,NYC-Brooklyn Community District 7--Sunset Park & Windsor Terrace PUMA,16755,8860,7895,9953,5525,4428,6802,3335,3467,5880,2910,2970,4251,2075,2176,1629,835,794,6619,3480,3139,3988,2382,1606,2631,1098,1533,4256,2470,1786,1714,1068,646,2542,1402,1140
17,NYC-Brooklyn Community District 11--Bensonhurst & Bath Beach PUMA,37994,18765,19229,28638,14341,14297,9356,4424,4932,14824,6349,8475,12627,5579,7048,2197,770,1427,18315,9367,8948,13210,6952,6258,5105,2415,2690,4855,3049,1806,2801,1810,991,2054,1239,815
18,Tompkins County PUMA,3671,1507,2164,3378,1480,1898,293,27,266,3168,1368,1800,2923,1341,1582,245,27,218,444,128,316,444,128,316,0,0,0,59,11,48,11,11,0,48,0,48
19,Dutchess County (Southwest) PUMA,7844,3705,4139,6431,2945,3486,1413,760,653,3730,1652,2078,3077,1357,1720,653,295,358,3388,1327,2061,2736,970,1766,652,357,295,726,726,0,618,618,0,108,108,0
20,NYC-Queens Community District 9--Richmond Hill & Woodhaven PUMA,28799,14853,13946,22644,12116,10528,6155,2737,3418,11224,5416,5808,9549,4852,4697,1675,564,1111,14400,7324,7076,10727,5650,5077,3673,1674,1999,3175,2113,1062,2368,1614,754,807,499,308
21,Westchester County (Northwest) PUMA,14574,8076,6498,10694,6165,4529,3880,1911,1969,5000,2221,2779,4686,1907,2779,314,314,0,6672,3618,3054,4002,2401,1601,2670,1217,1453,2902,2237,665,2006,1857,149,896,380,516
22,Albany County (Outside Albany City) PUMA,8786,3917,4869,7871,3630,4241,915,287,628,4862,2593,2269,4728,2526,2202,134,67,67,3306,1324,1982,2695,1104,1591,611,220,391,618,0,618,448,0,448,170,0,170
23,Monroe County (South) PUMA,7598,3872,3726,6353,3134,3219,1245,738,507,5332,2799,2533,4883,2450,2433,449,349,100,891,327,564,891,327,564,0,0,0,1375,746,629,579,357,222,796,389,407
24,Jefferson & Lewis Counties PUMA,2863,1378,1485,2574,1357,1217,289,21,268,1904,1108,796,1748,1087,661,156,21,135,959,270,689,826,270,556,133,0,133,0,0,0,0,0,0,0,0,0
25,"Chenango, Delaware & Broome (East) Counties PUMA",1212,475,737,1107,475,632,105,0,105,272,69,203,223,69,154,49,0,49,899,365,534,843,365,478,56,0,56,41,41,0,41,41,0,0,0,0
26,Erie County (Central) PUMA,2786,1813,973,2369,1465,904,417,348,69,806,390,416,794,390,404,12,0,12,1796,1423,373,1391,1075,316,405,348,57,184,0,184,184,0,184,0,0,0
27,St. Lawrence County PUMA,1435,742,693,995,694,301,440,48,392,241,196,45,193,148,45,48,48,0,1109,546,563,791,546,245,318,0,318,85,0,85,11,0,11,74,0,74
28,"NYC-Manhattan Community District 9--Hamilton Heights, Manhattanville & West Harlem PUMA",20018,9683,10335,15411,8160,7251,4607,1523,3084,10848,4772,6076,8646,4283,4363,2202,489,1713,5654,2987,2667,4745,2675,2070,909,312,597,3516,1924,1592,2020,1202,818,1496,722,774
29,Suffolk County (North Central)--Brookhaven Town (North) PUMA,4991,2501,2490,4769,2444,2325,222,57,165,2995,1624,1371,2995,1624,1371,0,0,0,1589,470,1119,1424,470,954,165,0,165,407,407,0,350,350,0,57,57,0
30,NYC-Brooklyn Community District 1--Greenpoint & Williamsburg PUMA,20573,9661,10912,17172,8113,9059,3401,1548,1853,9085,3952,5133,8338,3897,4441,747,55,692,8771,4306,4465,6611,3270,3341,2160,1036,1124,2717,1403,1314,2223,946,1277,494,457,37
31,Cayuga & Onondaga (South) Counties PUMA,1200,737,463,978,515,463,222,222,0,682,371,311,682,371,311,0,0,0,366,366,0,144,144,0,222,222,0,152,0,152,152,0,152,0,0,0
32,Nassau County (Southeast)--Oyster Bay Town (South) PUMA,4471,1501,2970,4471,1501,2970,0,0,0,1398,716,682,1398,716,682,0,0,0,2971,683,2288,2971,683,2288,0,0,0,102,102,0,102,102,0,0,0,0
33,Fulton & Montgomery Counties PUMA,507,70,437,152,43,109,355,27,328,299,0,299,0,0,0,299,0,299,208,70,138,152,43,109,56,27,29,0,0,0,0,0,0,0,0,0
34,Onondaga County (Central)--Syracuse City (Outer) PUMA,4632,2603,2029,4200,2362,1838,432,241,191,2338,1128,1210,2338,1128,1210,0,0,0,1834,1073,761,1701,1073,628,133,0,133,460,402,58,161,161,0,299,241,58
35,NYC-Staten Island Community District 2--New Springville & South Beach PUMA,20423,9668,10755,15548,6837,8711,4875,2831,2044,9666,3705,5961,8812,3572,5240,854,133,721,9564,5237,4327,5652,2586,3066,3912,2651,1261,1193,726,467,1084,679,405,109,47,62
36,Niagara County (Southwest)--Greater Niagara Falls & North Tonawanda Area PUMA,1036,622,414,594,264,330,442,358,84,274,158,116,274,158,116,0,0,0,701,464,237,259,106,153,442,358,84,61,0,61,61,0,61,0,0,0
37,Suffolk County (Central)--Brookhaven Town (Central) PUMA,9031,4811,4220,7904,4605,3299,1127,206,921,1876,740,1136,1804,740,1064,72,0,72,4613,2379,2234,3558,2173,1385,1055,206,849,2542,1692,850,2542,1692,850,0,0,0
38,"NYC-Bronx Community District 7--Bedford Park, Fordham North & Norwood PUMA",14682,7684,6998,10157,5882,4275,4525,1802,2723,3336,2104,1232,2713,1481,1232,623,623,0,8216,4451,3765,5939,3708,2231,2277,743,1534,3130,1129,2001,1505,693,812,1625,436,1189
39,NYC-Queens Community District 4--Elmhurst & South Corona PUMA,32547,17704,14843,23234,12874,10360,9313,4830,4483,10490,5761,4729,8905,4715,4190,1585,1046,539,16878,8609,8269,11904,6585,5319,4974,2024,2950,5179,3334,1845,2425,1574,851,2754,1760,994
40,"NYC-Brooklyn Community District 6--Park Slope, Carroll Gardens & Red Hook PUMA",7592,2705,4887,7039,2496,4543,553,209,344,6307,1998,4309,6023,1998,4025,284,0,284,587,391,196,378,182,196,209,209,0,698,316,382,638,316,322,60,0,60
41,Suffolk County (Central)--Islip Town (East) PUMA,3883,1888,1995,3095,1569,1526,788,319,469,2476,1213,1263,2295,1213,1082,181,0,181,1244,605,639,707,356,351,537,249,288,163,70,93,93,0,93,70,70,0
42,"NYC-Brooklyn Community District 9--Crown Heights South, Prospect Lefferts & Wingate PUMA",12200,5887,6313,9063,3699,5364,3137,2188,949,3242,1131,2111,2736,625,2111,506,506,0,8566,4564,4002,6133,3024,3109,2433,1540,893,392,192,200,194,50,144,198,142,56
43,"NYC-Queens Community District 7--Flushing, Murray Hill & Whitestone PUMA",48036,24340,23696,37346,19240,18106,10690,5100,5590,17987,8085,9902,15337,6913,8424,2650,1172,1478,24250,13060,11190,18415,9982,8433,5835,3078,2757,5799,3195,2604,3594,2345,1249,2205,850,1355
44,NYC-Queens Community District 3--Jackson Heights & North Corona PUMA,42803,23545,19258,30222,16517,13705,12581,7028,5553,8944,4117,4827,7865,3812,4053,1079,305,774,24771,13252,11519,16340,8548,7792,8431,4704,3727,9088,6176,2912,6017,4157,1860,3071,2019,1052
45,Saratoga County (Outer) PUMA,2283,1077,1206,2157,1077,1080,126,0,126,1855,1010,845,1729,1010,719,126,0,126,361,0,361,361,0,361,0,0,0,67,67,0,67,67,0,0,0,0
46,"NYC-Bronx Community District 12--Wakefield, Williamsbridge & Woodlawn PUMA",12623,6278,6345,8424,4543,3881,4199,1735,2464,3953,1982,1971,2998,1325,1673,955,657,298,6769,3401,3368,4175,2432,1743,2594,969,1625,1901,895,1006,1251,786,465,650,109,541
47,"NYC-Brooklyn Community District 15--Sheepshead Bay, Gerritsen Beach & Homecrest PUMA",32089,16812,15277,28050,14897,13153,4039,1915,2124,17432,8606,8826,16854,8348,8506,578,258,320,12483,7019,5464,9519,5592,3927,2964,1427,1537,2174,1187,987,1677,957,720,497,230,267
48,Wayne & Seneca Counties PUMA,751,214,537,678,214,464,73,0,73,375,117,258,375,117,258,0,0,0,376,97,279,303,97,206,73,0,73,0,0,0,0,0,0,0,0,0
49,Schenectady County--Schenectady City PUMA,6087,3093,2994,5156,2795,2361,931,298,633,3924,2057,1867,3371,1908,1463,553,149,404,1741,953,788,1449,838,611,292,115,177,422,83,339,336,49,287,86,34,52
50,NYC-Brooklyn Community District 10--Bay Ridge & Dyker Heights PUMA,20026,9029,10997,14724,7060,7664,5302,1969,3333,10327,5107,5220,8960,4694,4266,1367,413,954,7824,3605,4219,4996,2225,2771,2828,1380,1448,1875,317,1558,768,141,627,1107,176,931
51,Nassau County (Northwest)--North Hempstead Town (North) PUMA,12538,5486,7052,11182,4931,6251,1356,555,801,7260,3290,3970,6380,2864,3516,880,426,454,4708,2196,2512,4232,2067,2165,476,129,347,570,0,570,570,0,570,0,0,0
52,Suffolk County (West Central)--Babylon Town (Northwest) PUMA,12173,6750,5423,10952,6401,4551,1221,349,872,2888,1089,1799,2711,1089,1622,177,0,177,6853,4212,2641,6132,4027,2105,721,185,536,2432,1449,983,2109,1285,824,323,164,159
53,"NYC-Manhattan Community District 4 & 5--Chelsea, Clinton & Midtown Business District PUMA",14876,8991,5885,13286,8396,4890,1590,595,995,10113,6716,3397,9289,6426,2863,824,290,534,4292,1942,2350,3846,1819,2027,446,123,323,471,333,138,151,151,0,320,182,138
54,Columbia & Greene Counties PUMA,1040,570,470,899,530,369,141,40,101,357,172,185,311,172,139,46,0,46,531,347,184,439,310,129,92,37,55,152,51,101,149,48,101,3,3,0
55,Rensselaer County--Troy City PUMA,1770,965,805,1283,697,586,487,268,219,1333,689,644,997,572,425,336,117,219,401,240,161,250,89,161,151,151,0,36,36,0,36,36,0,0,0,0
56,Erie County (West Central)--Buffalo City (West) PUMA,5868,3435,2433,3766,2339,1427,2102,1096,1006,2721,1160,1561,1861,843,1018,860,317,543,1803,1564,239,1301,1167,134,502,397,105,1344,711,633,604,329,275,740,382,358
57,Erie County (South) PUMA,1518,302,1216,1353,302,1051,165,0,165,1193,302,891,1153,302,851,40,0,40,325,0,325,200,0,200,125,0,125,0,0,0,0,0,0,0,0,0
58,Oneida County (Central)--Greater Utica & Rome Cities PUMA,5257,2208,3049,3935,1731,2204,1322,477,845,2163,715,1448,2029,642,1387,134,73,61,2233,746,1487,1354,651,703,879,95,784,861,747,114,552,438,114,309,309,0
59,"NYC-Manhattan Community District 12--Washington Heights, Inwood & Marble Hill PUMA",35121,18924,16197,24225,14006,10219,10896,4918,5978,7727,3699,4028,5715,2834,2881,2012,865,1147,19388,9978,9410,14705,8262,6443,4683,1716,2967,8006,5247,2759,3805,2910,895,4201,2337,1864
60,NYC-Brooklyn Community District 13--Brighton Beach & Coney Island PUMA,23688,10482,13206,16928,7985,8943,6760,2497,4263,12873,5730,7143,10290,5127,5163,2583,603,1980,7869,3315,4554,5200,1905,3295,2669,1410,1259,2946,1437,1509,1438,953,485,1508,484,1024
61,NYC-Manhattan Community District 10--Central Harlem PUMA,15197,8109,7088,11048,6692,4356,4149,1417,2732,6158,3165,2993,5612,2922,2690,546,243,303,5805,3056,2749,3220,1964,1256,2585,1092,1493,3234,1888,1346,2216,1806,410,1018,82,936
62,Nassau County (West Central)--North Hempstead Town (South) PUMA,17188,9063,8125,15830,8157,7673,1358,906,452,7871,3563,4308,7668,3445,4223,203,118,85,7475,4383,3092,6611,3886,2725,864,497,367,1842,1117,725,1551,826,725,291,291,0
63,NYC-Brooklyn Community District 16--Brownsville & Ocean Hill PUMA,6376,2258,4118,3192,1225,1967,3184,1033,2151,1836,751,1085,904,240,664,932,511,421,2709,854,1855,1314,599,715,1395,255,1140,1831,653,1178,974,386,588,857,267,590
64,Albany County (East Central)--Albany City PUMA,5913,2423,3490,4967,1841,3126,946,582,364,2167,1138,1029,1800,998,802,367,140,227,2207,998,1209,1672,556,1116,535,442,93,1539,287,1252,1495,287,1208,44,0,44
65,Nassau County (West Central)--Hempstead Town (West Central) PUMA,9948,5409,4539,8404,4562,3842,1544,847,697,3543,1625,1918,2989,1148,1841,554,477,77,4949,2540,2409,4176,2387,1789,773,153,620,1456,1244,212,1239,1027,212,217,217,0
66,Chemung (South) & Steuben (East) Counties--Greater Elmira & Greater Corning Cities PUMA,1617,981,636,1572,981,591,45,0,45,1295,809,486,1295,809,486,0,0,0,322,172,150,277,172,105,45,0,45,0,0,0,0,0,0,0,0,0
67,"NYC-Bronx Community District 3 & 6--Belmont, Crotona Park East & East Tremont PUMA",16176,7605,8571,9972,4161,5811,6204,3444,2760,4231,1360,2871,3611,1252,2359,620,108,512,9196,4931,4265,5063,2396,2667,4133,2535,1598,2749,1314,1435,1298,513,785,1451,801,650
68,"NYC-Bronx Community District 5--Morris Heights, Fordham South & Mount Hope PUMA",19809,9903,9906,11738,5775,5963,8071,4128,3943,3410,1476,1934,2292,1242,1050,1118,234,884,12382,6591,5791,7461,3594,3867,4921,2997,1924,4017,1836,2181,1985,939,1046,2032,897,1135
69,"NYC-Bronx Community District 8--Riverdale, Fieldston & Kingsbridge PUMA",16044,6791,9253,13272,5713,7559,2772,1078,1694,7669,3341,4328,7166,3237,3929,503,104,399,5931,2581,3350,4540,2246,2294,1391,335,1056,2444,869,1575,1566,230,1336,878,639,239
70,Erie County (Northeast) PUMA,2315,1304,1011,2302,1291,1011,13,13,0,1466,980,486,1466,980,486,0,0,0,776,324,452,763,311,452,13,13,0,73,0,73,73,0,73,0,0,0
71,NYC-Manhattan Community District 11--East Harlem PUMA,8890,4447,4443,6149,2761,3388,2741,1686,1055,3519,1160,2359,3048,1078,1970,471,82,389,3590,2015,1575,1774,492,1282,1816,1523,293,1781,1272,509,1327,1191,136,454,81,373
72,Orange County (Southeast) PUMA,5139,2319,2820,4101,1898,2203,1038,421,617,2388,874,1514,2041,874,1167,347,0,347,2450,1269,1181,1852,874,978,598,395,203,301,176,125,208,150,58,93,26,67
73,Westchester County (Southeast) PUMA,16322,9181,7141,14027,7805,6222,2295,1376,919,7017,3265,3752,6031,2702,3329,986,563,423,5053,2628,2425,4473,2339,2134,580,289,291,4252,3288,964,3523,2764,759,729,524,205
74,NYC-Queens Community District 1--Astoria & Long Island City PUMA,37117,19252,17865,28758,15498,13260,8359,3754,4605,16017,8108,7909,13197,7058,6139,2820,1050,1770,15810,7547,8263,11737,5580,6157,4073,1967,2106,5290,3597,1693,3824,2860,964,1466,737,729
75,Livingston & Wyoming Counties PUMA,1018,807,211,775,564,211,243,243,0,428,376,52,428,376,52,0,0,0,180,31,149,180,31,149,0,0,0,410,400,10,167,157,10,243,243,0
76,Suffolk County (Central)--Brookhaven Town (West Central) PUMA,5705,3073,2632,4927,2854,2073,778,219,559,1884,747,1137,1722,672,1050,162,75,87,2933,1785,1148,2385,1641,744,548,144,404,888,541,347,820,541,279,68,0,68
77,Westchester County (Southwest)--Yonkers City PUMA,29605,15245,14360,20866,10939,9927,8739,4306,4433,6518,2406,4112,5895,2232,3663,623,174,449,17908,9954,7954,11028,6160,4868,6880,3794,3086,5179,2885,2294,3943,2547,1396,1236,338,898
78,Erie County (North Central) PUMA,6331,3335,2996,4282,1825,2457,2049,1510,539,5633,3069,2564,3643,1618,2025,1990,1451,539,596,164,432,537,105,432,59,59,0,102,102,0,102,102,0,0,0,0
79,Saratoga County (South & Central) PUMA,2801,1682,1119,2743,1682,1061,58,0,58,2359,1496,863,2359,1496,863,0,0,0,384,186,198,384,186,198,0,0,0,58,0,58,0,0,0,58,0,58
80,Suffolk County (South Central)--Brookhaven Town (South) PUMA,8460,4221,4239,7567,3940,3627,893,281,612,2019,556,1463,2019,556,1463,0,0,0,4079,2214,1865,3736,2214,1522,343,0,343,2362,1451,911,1812,1170,642,550,281,269
81,"NYC-Staten Island Community District 3--Tottenville, Great Kills & Annadale PUMA",12656,6689,5967,10997,5979,5018,1659,710,949,6124,2855,3269,5125,2460,2665,999,395,604,5984,3687,2297,5494,3372,2122,490,315,175,548,147,401,378,147,231,170,0,170
82,Herkimer (North & Central) & Oneida (Outer) Counties PUMA,972,433,539,783,270,513,189,163,26,563,270,293,537,270,267,26,0,26,302,56,246,246,0,246,56,56,0,107,107,0,0,0,0,107,107,0
83,Niagara County (North & East) PUMA,629,408,221,461,240,221,168,168,0,137,0,137,137,0,137,0,0,0,492,408,84,324,240,84,168,168,0,0,0,0,0,0,0,0,0,0
84,Monroe County (Central)--Rochester City (East) PUMA,3149,1849,1300,2293,1626,667,856,223,633,626,499,127,533,435,98,93,64,29,2032,1304,728,1630,1145,485,402,159,243,491,46,445,130,46,84,361,0,361
85,Warren & Washington Counties PUMA,1582,511,1071,1078,511,567,504,0,504,1150,511,639,678,511,167,472,0,472,400,0,400,368,0,368,32,0,32,32,0,32,32,0,32,0,0,0
86,Nassau County (Southwest)--Hempstead Town (Southwest) & Long Beach City PUMA,9190,4278,4912,7140,3022,4118,2050,1256,794,3887,1768,2119,3327,1349,1978,560,419,141,4561,2111,2450,3381,1584,1797,1180,527,653,742,399,343,432,89,343,310,310,0
87,NYC-Brooklyn Community District 8--Crown Heights North & Prospect Heights PUMA,6994,3153,3841,5423,2495,2928,1571,658,913,3543,1556,1987,2978,1556,1422,565,0,565,2938,1355,1583,2081,846,1235,857,509,348,513,242,271,364,93,271,149,149,0
88,Onondaga County (Central)--Syracuse City PUMA,6489,3553,2936,2970,2087,883,3519,1466,2053,2015,1172,843,1143,759,384,872,413,459,2885,1747,1138,1723,1262,461,1162,485,677,1589,634,955,104,66,38,1485,568,917
89,Westchester County (Central)--White Plains City PUMA,19454,9088,10366,17239,7985,9254,2215,1103,1112,12377,5162,7215,11254,4793,6461,1123,369,754,4970,2229,2741,4774,2229,2545,196,0,196,2107,1697,410,1211,963,248,896,734,162
90,NYC-Brooklyn Community District 3--Bedford-Stuyvesant PUMA,7933,2864,5069,5112,1901,3211,2821,963,1858,2966,594,2372,2151,364,1787,815,230,585,3837,1613,2224,2411,1141,1270,1426,472,954,1130,657,473,550,396,154,580,261,319
91,"NYC-Bronx Community District 1 & 2--Hunts Point, Longwood & Melrose PUMA",14227,7617,6610,8214,4832,3382,6013,2785,3228,4144,1837,2307,2503,1038,1465,1641,799,842,6927,3840,3087,3918,2609,1309,3009,1231,1778,3156,1940,1216,1793,1185,608,1363,755,608
92,Cattaraugus & Allegany Counties PUMA,926,457,469,499,328,171,427,129,298,501,217,284,374,217,157,127,0,127,319,161,158,125,111,14,194,50,144,106,79,27,0,0,0,106,79,27
93,Oswego County PUMA,442,164,278,238,84,154,204,80,124,197,127,70,64,47,17,133,80,53,245,37,208,174,37,137,71,0,71,0,0,0,0,0,0,0,0,0
94,"NYC-Queens Community District 5--Ridgewood, Glendale & Middle Village PUMA",33709,16428,17281,26109,12430,13679,7600,3998,3602,10882,3882,7000,8972,3279,5693,1910,603,1307,18631,9548,9083,14590,7511,7079,4041,2037,2004,4196,2998,1198,2547,1640,907,1649,1358,291
95,Monroe County (East) PUMA,4166,1854,2312,3245,1258,1987,921,596,325,2316,1001,1315,2265,950,1315,51,51,0,1306,420,886,869,308,561,437,112,325,544,433,111,111,0,111,433,433,0
96,Westchester County (South Central)--New Rochelle & Mount Vernon Cities PUMA,16236,7925,8311,14187,6411,7776,2049,1514,535,8002,3310,4692,7823,3131,4692,179,179,0,6188,3114,3074,4943,2194,2749,1245,920,325,2046,1501,545,1421,1086,335,625,415,210
97,"NYC-Queens Community District 14--Far Rockaway, Breezy Point & Broad Channel PUMA",9215,4792,4423,6978,3764,3214,2237,1028,1209,3728,1461,2267,3467,1324,2143,261,137,124,2116,1637,479,1627,1262,365,489,375,114,3371,1694,1677,1884,1178,706,1487,516,971
98,"NYC-Brooklyn Community District 12--Borough Park, Kensington & Ocean Parkway PUMA",17621,9609,8012,12280,6469,5811,5341,3140,2201,6533,2910,3623,5176,2239,2937,1357,671,686,7426,3838,3588,4963,2665,2298,2463,1173,1290,3662,2861,801,2141,1565,576,1521,1296,225
99,"NYC-Bronx Community District 10--Co-op City, Pelham Bay & Schuylerville PUMA",7800,3324,4476,6418,2427,3991,1382,897,485,2965,657,2308,2965,657,2308,0,0,0,3649,2063,1586,2707,1285,1422,942,778,164,1186,604,582,746,485,261,440,119,321
100,"NYC-Queens Community District 11--Bayside, Douglaston & Little Neck PUMA",24375,11205,13170,21148,9625,11523,3227,1580,1647,12783,4880,7903,12113,4815,7298,670,65,605,10164,5434,4730,8056,4031,4025,2108,1403,705,1428,891,537,979,779,200,449,112,337
101,"NYC-Manhattan Community District 6--Murray Hill, Gramercy & Stuyvesant Town PUMA",12912,7380,5532,11133,6639,4494,1779,741,1038,11858,6614,5244,10187,5873,4314,1671,741,930,946,766,180,946,766,180,0,0,0,108,0,108,0,0,0,108,0,108
102,Chautauqua County PUMA,676,372,304,440,334,106,236,38,198,184,78,106,184,78,106,0,0,0,492,294,198,256,256,0,236,38,198,0,0,0,0,0,0,0,0,0
103,NYC-Brooklyn Community District 18--Canarsie & Flatlands PUMA,27166,13587,13579,21416,11093,10323,5750,2494,3256,9436,3835,5601,8299,3693,4606,1137,142,995,16154,9091,7063,12061,6936,5125,4093,2155,1938,1576,661,915,1056,464,592,520,197,323
104,Erie County (West Central)--Buffalo City (East) PUMA,2857,1600,1257,1685,1093,592,1172,507,665,692,156,536,289,30,259,403,126,277,1672,1124,548,1162,900,262,510,224,286,493,320,173,234,163,71,259,157,102
105,Genesee & Orleans Counties PUMA,725,380,345,646,380,266,79,0,79,29,0,29,29,0,29,0,0,0,391,75,316,312,75,237,79,0,79,305,305,0,305,305,0,0,0,0
106,"NYC-Staten Island Community District 1--Port Richmond, Stapleton & Mariner's Harbor PUMA",16513,8641,7872,13425,6912,6513,3088,1729,1359,7147,3652,3495,7023,3652,3371,124,0,124,7936,3986,3950,5489,2483,3006,2447,1503,944,1430,1003,427,913,777,136,517,226,291
107,"Steuben (North & West), Schuyler & Chemung (North) Counties PUMA",199,96,103,120,17,103,79,79,0,11,0,11,11,0,11,0,0,0,188,96,92,109,17,92,79,79,0,0,0,0,0,0,0,0,0,0
108,Nassau County (South Central)--Hempstead Town (Southeast) PUMA,4921,2322,2599,3384,1445,1939,1537,877,660,1579,416,1163,1312,349,963,267,67,200,1882,962,920,1409,728,681,473,234,239,1460,944,516,663,368,295,797,576,221
109,"NYC-Bronx Community District 9--Castle Hill, Clason Point & Parkchester PUMA",20049,8566,11483,13766,6804,6962,6283,1762,4521,3269,1837,1432,2875,1598,1277,394,239,155,11410,3595,7815,7709,2903,4806,3701,692,3009,5370,3134,2236,3182,2303,879,2188,831,1357
110,Suffolk County (East) PUMA,13371,8414,4957,11067,7329,3738,2304,1085,1219,3239,2063,1176,2932,2005,927,307,58,249,8013,4839,3174,6850,4349,2501,1163,490,673,2119,1512,607,1285,975,310,834,537,297
111,Orange County (Northwest) PUMA,5532,3168,2364,4520,2644,1876,1012,524,488,1698,775,923,1361,775,586,337,0,337,3563,2179,1384,3055,1765,1290,508,414,94,271,214,57,104,104,0,167,110,57
112,Broome County (West Central)--Greater Binghamton City & Greater Johnson City Village PUMA,3850,1745,2105,2524,1067,1457,1326,678,648,1552,703,849,956,625,331,596,78,518,1862,642,1220,1331,205,1126,531,437,94,436,400,36,237,237,0,199,163,36
113,"NYC-Bronx Community District 11--Pelham Parkway, Morris Park & Laconia PUMA",14899,8882,6017,11983,7012,4971,2916,1870,1046,4218,2000,2218,4080,2000,2080,138,0,138,8012,4835,3177,6382,3981,2401,1630,854,776,2669,2047,622,1521,1031,490,1148,1016,132
114,Suffolk County (Northwest)--Smithtown Town PUMA,3816,1849,1967,3598,1768,1830,218,81,137,2656,1035,1621,2519,1035,1484,137,0,137,1079,733,346,1079,733,346,0,0,0,81,81,0,0,0,0,81,81,0
115,Ulster County (East) PUMA,3006,1165,1841,2342,866,1476,664,299,365,1336,358,978,1114,358,756,222,0,222,1064,381,683,932,249,683,132,132,0,606,426,180,296,259,37,310,167,143
116,Westchester County (Northeast) PUMA,8229,3566,4663,6899,3049,3850,1330,517,813,3074,1300,1774,2834,1060,1774,240,240,0,3549,973,2576,2959,883,2076,590,90,500,1606,1293,313,1106,1106,0,500,187,313
117,NYC-Brooklyn Community District 4--Bushwick PUMA,9587,5266,4321,6213,3806,2407,3374,1460,1914,2436,729,1707,1991,674,1317,445,55,390,5335,3376,1959,3542,2569,973,1793,807,986,1816,1161,655,680,563,117,1136,598,538
118,NYC-Manhattan Community District 3--Chinatown & Lower East Side PUMA,16715,7625,9090,11349,5181,6168,5366,2444,2922,7808,3463,4345,7164,3463,3701,644,0,644,6778,3177,3601,3915,1520,2395,2863,1657,1206,2129,985,1144,270,198,72,1859,787,1072
119,Dutchess County (North & East) PUMA,3136,1943,1193,2711,1518,1193,425,425,0,1494,717,777,1228,451,777,266,266,0,1426,1133,293,1267,974,293,159,159,0,216,93,123,216,93,123,0,0,0
120,Nassau County (Central)--Hempstead Town (North Central)--Meadowbrook Corridor PUMA,15024,8482,6542,11913,6710,5203,3111,1772,1339,4218,2667,1551,3971,2420,1551,247,247,0,7326,3554,3772,6015,2779,3236,1311,775,536,3480,2261,1219,1927,1511,416,1553,750,803
121,Broome (Outer West) & Tioga Counties PUMA,1051,524,527,1051,524,527,0,0,0,584,312,272,584,312,272,0,0,0,467,212,255,467,212,255,0,0,0,0,0,0,0,0,0,0,0,0
122,"Rockland County (South)--Orangetown, Clarkstown (South) & Ramapo (Southeast) Towns PUMA",9247,5532,3715,8646,5380,3266,601,152,449,5366,2723,2643,5197,2643,2554,169,80,89,3160,2170,990,2728,2098,630,432,72,360,721,639,82,721,639,82,0,0,0
123,"NYC-Brooklyn Community District 17--East Flatbush, Farragut & Rugby PUMA",9489,4060,5429,6373,2943,3430,3116,1117,1999,1546,524,1022,1031,379,652,515,145,370,6441,2815,3626,4522,2038,2484,1919,777,1142,1502,721,781,820,526,294,682,195,487
124,Orange County (Northeast)--Greater Newburgh City PUMA,4845,2087,2758,3420,1683,1737,1425,404,1021,1010,352,658,1010,352,658,0,0,0,2238,1011,1227,1768,944,824,470,67,403,1597,724,873,642,387,255,955,337,618
125,"NYC-Manhattan Community District 1 & 2--Battery Park City, Greenwich Village & Soho PUMA",17441,7860,9581,16098,7415,8683,1343,445,898,15543,7305,8238,14605,6860,7745,938,445,493,1536,555,981,1131,555,576,405,0,405,362,0,362,362,0,362,0,0,0
126,NYC-Queens Community District 6--Forest Hills & Rego Park PUMA,30862,14578,16284,25336,12381,12955,5526,2197,3329,18079,8179,9900,16070,7796,8274,2009,383,1626,11625,5626,5999,8595,4299,4296,3030,1327,1703,1158,773,385,671,286,385,487,487,0
127,Onondaga County (North) PUMA,2588,849,1739,2350,849,1501,238,0,238,1444,569,875,1444,569,875,0,0,0,762,154,608,648,154,494,114,0,114,382,126,256,258,126,132,124,0,124
128,Nassau County (Northeast)--Oyster Bay Town (North) & Glen Cove City PUMA,10277,5057,5220,8589,4161,4428,1688,896,792,6320,3146,3174,5905,2764,3141,415,382,33,3229,1393,1836,2514,1347,1167,715,46,669,728,518,210,170,50,120,558,468,90
129,Monroe County (North & West) PUMA,3096,1149,1947,3096,1149,1947,0,0,0,1772,280,1492,1772,280,1492,0,0,0,1324,869,455,1324,869,455,0,0,0,0,0,0,0,0,0,0,0,0
130,Sullivan & Ulster (West) Counties PUMA,2505,1798,707,1723,1323,400,782,475,307,611,359,252,611,359,252,0,0,0,1209,754,455,850,702,148,359,52,307,685,685,0,262,262,0,423,423,0
131,Suffolk County (Southwest)--Babylon Town (Southeast) PUMA,4885,2112,2773,4471,2045,2426,414,67,347,1209,443,766,1209,443,766,0,0,0,2858,1456,1402,2572,1456,1116,286,0,286,818,213,605,690,146,544,128,67,61
132,Suffolk County (Northwest)--Huntington Town (North) PUMA,7367,3196,4171,4884,2184,2700,2483,1012,1471,2320,1045,1275,1758,969,789,562,76,486,3281,1184,2097,2425,967,1458,856,217,639,1766,967,799,701,248,453,1065,719,346
133,"NYC-Queens Community District 12--Jamaica, Hollis & St. Albans PUMA",23522,12808,10714,16392,9848,6544,7130,2960,4170,7653,3923,3730,6571,3474,3097,1082,449,633,11257,6076,5181,7345,4260,3085,3912,1816,2096,4612,2809,1803,2476,2114,362,2136,695,1441
134,"NYC-Queens Community District 13--Queens Village, Cambria Heights & Rosedale PUMA",23254,10308,12946,20813,9095,11718,2441,1213,1228,10001,3851,6150,9342,3622,5720,659,229,430,11898,5825,6073,10492,5118,5374,1406,707,699,1355,632,723,979,355,624,376,277,99
135,Monroe County (Central)--Rochester City (West) PUMA,2114,1453,661,1264,922,342,850,531,319,341,199,142,341,199,142,0,0,0,1179,909,270,662,497,165,517,412,105,594,345,249,261,226,35,333,119,214
136,NYC-Queens Community District 10--Howard Beach & Ozone Park PUMA,17329,9436,7893,14574,7948,6626,2755,1488,1267,5433,2962,2471,4856,2632,2224,577,330,247,8426,4152,4274,7251,3629,3622,1175,523,652,3470,2322,1148,2467,1687,780,1003,635,368
137,Suffolk County (Central)--Islip Town (Northwest) PUMA,17144,10407,6737,15158,9142,6016,1986,1265,721,2421,1354,1067,2342,1305,1037,79,49,30,8572,5158,3414,7342,4386,2956,1230,772,458,6151,3895,2256,5474,3451,2023,677,444,233
138,Putnam County PUMA,4247,2542,1705,3345,1840,1505,902,702,200,1211,683,528,1211,683,528,0,0,0,2537,1557,980,1635,855,780,902,702,200,499,302,197,499,302,197,0,0,0
139,NYC-Queens Community District 2--Sunnyside & Woodside PUMA,34455,18290,16165,27227,14649,12578,7228,3641,3587,14236,6953,7283,12164,6089,6075,2072,864,1208,15272,8442,6830,11751,6576,5175,3521,1866,1655,4947,2895,2052,3312,1984,1328,1635,911,724
140,Nassau County (Central)--Hempstead Town (East Central) PUMA,4255,2121,2134,3665,1978,1687,590,143,447,2685,1257,1428,2561,1257,1304,124,0,124,1466,864,602,1000,721,279,466,143,323,104,0,104,104,0,104,0,0,0
141,Suffolk County (Northwest)--Huntington Town (South) PUMA,5626,2517,3109,5126,2275,2851,500,242,258,3115,1165,1950,2891,1066,1825,224,99,125,2228,1069,1159,1952,926,1026,276,143,133,283,283,0,283,283,0,0,0,0
142,"NYC-Bronx Community District 4--Concourse, Highbridge & Mount Eden PUMA",21171,10650,10521,13152,7485,5667,8019,3165,4854,4632,2191,2441,3080,2073,1007,1552,118,1434,11510,5579,5931,7051,3684,3367,4459,1895,2564,5029,2880,2149,3021,1728,1293,2008,1152,856
143,Nassau County (Central)--Hempstead Town (Northeast) PUMA,11545,6481,5064,11437,6373,5064,108,108,0,3293,1141,2152,3185,1033,2152,108,108,0,6002,3309,2693,6002,3309,2693,0,0,0,2250,2031,219,2250,2031,219,0,0,0
144,NYC-Brooklyn Community District 14--Flatbush & Midwood PUMA,22196,11304,10892,13586,7250,6336,8610,4054,4556,7557,3861,3696,4809,2524,2285,2748,1337,1411,11742,5849,5893,7280,3898,3382,4462,1951,2511,2897,1594,1303,1497,828,669,1400,766,634
145,"Rockland County (West)--Spring Valley, Suffern Villages & Monsey PUMA",8824,5103,3721,5539,2856,2683,3285,2247,1038,2313,968,1345,1968,686,1282,345,282,63,5006,3145,1861,2880,1853,1027,2126,1292,834,1505,990,515,691,317,374,814,673,141
146,Capital Region,30262,14238,16024,26154,12763,13391,4108,1475,2633,18007,9666,8341,15973,9193,6780,2034,473,1561,9331,4048,5283,7618,3083,4535,1713,965,748,2924,524,2400,2563,487,2076,361,37,324
147,Central NY,15694,8058,7636,11079,6049,5030,4615,2009,2606,6729,3397,3332,5724,2904,2820,1005,493,512,6337,3454,2883,4635,2747,1888,1702,707,995,2628,1207,1421,720,398,322,1908,809,1099
148,Finger Lakes,26259,13411,12848,21324,10866,10458,4935,2545,2390,12962,6173,6789,12205,5709,6496,757,464,293,9262,4760,4502,7359,3929,3430,1903,831,1072,4035,2478,1557,1760,1228,532,2275,1250,1025
149,Long Island,226918,114691,112227,198836,100893,97943,28082,13798,14284,86627,38833,47794,80776,36041,44735,5851,2792,3059,105280,53780,51500,91086,48188,42898,14194,5592,8602,35011,22078,12933,26974,16664,10310,8037,5414,2623
150,Mid-Hudson,169861,88023,81838,136714,70406,66308,33147,17617,15530,66986,28795,38191,61182,26033,35149,5804,2762,3042,75613,40569,35044,56541,30444,26097,19072,10125,8947,27262,18659,8603,18991,13929,5062,8271,4730,3541
151,Mohawk Valley,7456,3082,4374,5305,2231,3074,2151,851,1300,3420,1136,2284,2819,1015,1804,601,121,480,2940,992,1948,1836,708,1128,1104,284,820,1096,954,142,650,508,142,446,446,0
152,New York City,1115850,554217,561633,848654,431820,416834,267196,122397,144799,460780,210222,250558,399698,188388,211310,61082,21834,39248,503174,257018,246156,360134,187999,172135,143040,69019,74021,151896,86977,64919,88822,55433,33389,63074,31544,31530
153,North Country,5535,2680,2855,4518,2487,2031,1017,193,824,2380,1347,1033,2176,1278,898,204,69,135,2699,1195,1504,2041,1124,917,658,71,587,456,138,318,301,85,216,155,53,102
154,Southern Tier,11600,5328,6272,9752,4544,5208,1848,784,1064,6882,3261,3621,5992,3156,2836,890,105,785,4182,1615,2567,3471,1099,2372,711,516,195,536,452,84,289,289,0,247,163,84
155,Western NY,27654,15049,12605,20199,10620,9579,7455,4429,3026,14645,6905,7740,11066,4866,6200,3579,2039,1540,10219,6815,3404,7565,5160,2405,2654,1655,999,2790,1329,1461,1568,594,974,1222,735,487
