,puma,Total_geo,Total_geo_m,Total_geo_f,Total_NP_mf_t,Total_NP_m,Total_NP_f,Total_P_mf_t,Total_P_m,Total_P_f,Total_BABS,Total_BABS_m,Total_BABS_f,BABS_NP_mf_t,BABS_NP_m,BABS_NP_f,BABS_P_mf_t,BABS_P_m,BABS_P_f,Total_HS,Total_HS_m,Total_HS_f,HS_NP_mf_t,HS_NP_m,HS_NP_f,HS_P_mf_t,HS_P_m,HS_P_f,Total_HSINC,Total_HSINC_m,Total_HSINC_f,HSINC_NP_mf_t,HSINC_NP_m,HSINC_NP_f,HSINC_P_mf_t,HSINC_P_m,HSINC_P_f
0,Total Geo,3553145,1971420,1581725,3411219,1890475,1520744,141926,80945,60981,1857693,932717,924976,1824306,915328,908978,33387,17389,15998,1598011,968592,629419,1505676,916600,589076,92335,51992,40343,97441,70111,27330,81237,58547,22690,16204,11564,4640
1,"NYC-Manhattan Community District 9--Hamilton Heights, Manhattanville & West Harlem PUMA",14803,8243,6560,13254,7452,5802,1549,791,758,12129,6392,5737,10976,5827,5149,1153,565,588,2420,1736,684,2278,1625,653,142,111,31,254,115,139,0,0,0,254,115,139
2,Ulster County (East) PUMA,59832,30171,29661,51224,26219,25005,8608,3952,4656,19216,7854,11362,17238,7279,9959,1978,575,1403,37286,20156,17130,31876,17795,14081,5410,2361,3049,3330,2161,1169,2110,1145,965,1220,1016,204
3,Albany County (East Central)--Albany City PUMA,25982,14262,11720,21059,11111,9948,4923,3151,1772,14107,7121,6986,12721,6038,6683,1386,1083,303,10467,5998,4469,8138,4873,3265,2329,1125,1204,1408,1143,265,200,200,0,1208,943,265
4,Chemung (South) & Steuben (East) Counties--Greater Elmira & Greater Corning Cities PUMA,44296,21230,23066,37289,18084,19205,7007,3146,3861,12149,6182,5967,11918,5951,5967,231,231,0,29355,12877,16478,23382,10420,12962,5973,2457,3516,2792,2171,621,1989,1713,276,803,458,345
5,Ontario & Yates Counties PUMA,59932,29474,30458,52571,25476,27095,7361,3998,3363,22521,9386,13135,22004,9230,12774,517,156,361,34354,18327,16027,28418,15075,13343,5936,3252,2684,3057,1761,1296,2149,1171,978,908,590,318
6,Suffolk County (North Central)--Brookhaven Town (North) PUMA,37689,18610,19079,35977,17779,18198,1712,831,881,16437,6403,10034,16106,6403,9703,331,0,331,20102,11291,8811,19079,10754,8325,1023,537,486,1150,916,234,792,622,170,358,294,64
7,Westchester County (South Central)--New Rochelle & Mount Vernon Cities PUMA,32868,16452,16416,31545,16248,15297,1323,204,1119,20509,10484,10025,20101,10447,9654,408,37,371,11593,5687,5906,10923,5520,5403,670,167,503,766,281,485,521,281,240,245,0,245
8,"Clinton, Franklin, Essex & Hamilton Counties PUMA",74677,37370,37307,62044,31646,30398,12633,5724,6909,20698,7980,12718,19152,6917,12235,1546,1063,483,49564,27307,22257,40686,23394,17292,8878,3913,4965,4415,2083,2332,2206,1335,871,2209,748,1461
9,Oneida County (Central)--Greater Utica & Rome Cities PUMA,53544,26121,27423,41720,20775,20945,11824,5346,6478,17988,8754,9234,16733,8067,8666,1255,687,568,32545,15396,17149,23905,12137,11768,8640,3259,5381,3011,1971,1040,1082,571,511,1929,1400,529
10,"NYC-Bronx Community District 3 & 6--Belmont, Crotona Park East & East Tremont PUMA",1466,850,616,837,522,315,629,328,301,498,410,88,322,234,88,176,176,0,656,429,227,515,288,227,141,141,0,312,11,301,0,0,0,312,11,301
11,Livingston & Wyoming Counties PUMA,47636,24386,23250,40597,20824,19773,7039,3562,3477,10366,4505,5861,10081,4259,5822,285,246,39,33734,18123,15611,29319,15956,13363,4415,2167,2248,3536,1758,1778,1197,609,588,2339,1149,1190
12,NYC-Manhattan Community District 3--Chinatown & Lower East Side PUMA,32327,15687,16640,28386,13699,14687,3941,1988,1953,28270,13592,14678,25915,12402,13513,2355,1190,1165,3259,1593,1666,2359,1297,1062,900,296,604,798,502,296,112,0,112,686,502,184
13,Suffolk County (West Central)--Babylon Town (Northwest) PUMA,20904,10903,10001,19060,9967,9093,1844,936,908,8213,3348,4865,7915,3184,4731,298,164,134,12047,7270,4777,10501,6498,4003,1546,772,774,644,285,359,644,285,359,0,0,0
14,Broome County (West Central)--Greater Binghamton City & Greater Johnson City Village PUMA,41374,20436,20938,31395,15431,15964,9979,5005,4974,13319,6887,6432,12149,6104,6045,1170,783,387,24844,12151,12693,18455,9054,9401,6389,3097,3292,3211,1398,1813,791,273,518,2420,1125,1295
15,Nassau County (Northwest)--North Hempstead Town (North) PUMA,29031,14423,14608,28196,13922,14274,835,501,334,23150,11599,11551,22504,11100,11404,646,499,147,5508,2621,2887,5319,2619,2700,189,2,187,373,203,170,373,203,170,0,0,0
16,Monroe County (Central)--Rochester City (East) PUMA,24978,13270,11708,21013,11482,9531,3965,1788,2177,15212,7855,7357,14637,7451,7186,575,404,171,8742,5052,3690,6376,4031,2345,2366,1021,1345,1024,363,661,0,0,0,1024,363,661
17,Westchester County (Northwest) PUMA,41707,20288,21419,39059,19277,19782,2648,1011,1637,26486,11695,14791,25579,11602,13977,907,93,814,14244,8176,6068,12778,7258,5520,1466,918,548,977,417,560,702,417,285,275,0,275
18,NYC-Brooklyn Community District 16--Brownsville & Ocean Hill PUMA,1258,578,680,926,406,520,332,172,160,79,79,0,79,79,0,0,0,0,1179,499,680,847,327,520,332,172,160,0,0,0,0,0,0,0,0,0
19,Onondaga County (Central)--Syracuse City PUMA,32527,17528,14999,24739,12805,11934,7788,4723,3065,11720,5263,6457,9874,3972,5902,1846,1291,555,18162,10588,7574,13892,8139,5753,4270,2449,1821,2645,1677,968,973,694,279,1672,983,689
20,Westchester County (Northeast) PUMA,47041,23138,23903,45116,22546,22570,1925,592,1333,33576,15485,18091,33014,15304,17710,562,181,381,13062,7424,5638,11795,7013,4782,1267,411,856,403,229,174,307,229,78,96,0,96
21,Madison & Cortland Counties PUMA,53782,26661,27121,44125,22141,21984,9657,4520,5137,13976,5569,8407,13357,5358,7999,619,211,408,35236,17457,17779,27958,14651,13307,7278,2806,4472,4570,3635,935,2810,2132,678,1760,1503,257
22,Erie County (West Central)--Buffalo City (West) PUMA,32141,15918,16223,26129,13307,12822,6012,2611,3401,18682,8513,10169,16673,7471,9202,2009,1042,967,12188,6779,5409,8907,5421,3486,3281,1358,1923,1271,626,645,549,415,134,722,211,511
23,Monroe County (Central)--Rochester City (West) PUMA,15825,8241,7584,9691,5084,4607,6134,3157,2977,4504,2244,2260,3917,2093,1824,587,151,436,8572,4703,3869,5385,2692,2693,3187,2011,1176,2749,1294,1455,389,299,90,2360,995,1365
24,Suffolk County (Central)--Islip Town (East) PUMA,42158,20818,21340,38652,18945,19707,3506,1873,1633,18492,7464,11028,17675,7337,10338,817,127,690,21887,12953,8934,19844,11327,8517,2043,1626,417,1779,401,1378,1133,281,852,646,120,526
25,Nassau County (Central)--Hempstead Town (East Central) PUMA,37872,19113,18759,36450,18534,17916,1422,579,843,22923,11124,11799,22575,10999,11576,348,125,223,14438,7663,6775,13364,7209,6155,1074,454,620,511,326,185,511,326,185,0,0,0
26,"NYC-Bronx Community District 5--Morris Heights, Fordham South & Mount Hope PUMA",482,288,194,105,48,57,377,240,137,0,0,0,0,0,0,0,0,0,462,268,194,105,48,57,357,220,137,20,20,0,0,0,0,20,20,0
27,St. Lawrence County PUMA,46614,23234,23380,37545,19797,17748,9069,3437,5632,10661,4652,6009,10155,4486,5669,506,166,340,32188,16399,15789,25543,14119,11424,6645,2280,4365,3765,2183,1582,1847,1192,655,1918,991,927
28,Columbia & Greene Counties PUMA,45693,22542,23151,37797,18571,19226,7896,3971,3925,14731,6504,8227,12756,5619,7137,1975,885,1090,28551,14855,13696,23557,12274,11283,4994,2581,2413,2411,1183,1228,1484,678,806,927,505,422
29,NYC-Brooklyn Community District 2--Brooklyn Heights & Fort Greene PUMA,42311,20782,21529,40966,20227,20739,1345,555,790,38166,18312,19854,37219,17890,19329,947,422,525,3755,2193,1562,3525,2115,1410,230,78,152,390,277,113,222,222,0,168,55,113
30,"NYC-Queens Community District 8--Briarwood, Fresh Meadows & Hillcrest PUMA",15052,7156,7896,14044,6715,7329,1008,441,567,9397,4124,5273,8919,3923,4996,478,201,277,5222,2697,2525,4790,2457,2333,432,240,192,433,335,98,335,335,0,98,0,98
31,Monroe County (North & West) PUMA,48899,24590,24309,42020,21444,20576,6879,3146,3733,20829,9478,11351,18685,8528,10157,2144,950,1194,27014,14584,12430,22560,12497,10063,4454,2087,2367,1056,528,528,775,419,356,281,109,172
32,Schenectady County--Schenectady City PUMA,60195,29500,30695,52343,26496,25847,7852,3004,4848,22793,9785,13008,21833,9509,12324,960,276,684,33900,17939,15961,27523,15613,11910,6377,2326,4051,3502,1776,1726,2987,1374,1613,515,402,113
33,"Rockland County (West)--Spring Valley, Suffern Villages & Monsey PUMA",22971,11728,11243,13202,6709,6493,9769,5019,4750,6698,3546,3152,5442,3001,2441,1256,545,711,12681,6582,6099,7031,3330,3701,5650,3252,2398,3592,1600,1992,729,378,351,2863,1222,1641
34,Niagara County (North & East) PUMA,49095,24331,24764,40765,20518,20247,8330,3813,4517,13560,5237,8323,12536,4937,7599,1024,300,724,33273,18108,15165,26514,15130,11384,6759,2978,3781,2262,986,1276,1715,451,1264,547,535,12
35,Suffolk County (Central)--Brookhaven Town (Central) PUMA,48517,22114,26403,45872,21475,24397,2645,639,2006,16363,6398,9965,15614,6328,9286,749,70,679,30862,15033,15829,29074,14464,14610,1788,569,1219,1292,683,609,1184,683,501,108,0,108
36,Suffolk County (East) PUMA,45905,23370,22535,41378,21547,19831,4527,1823,2704,24452,11882,12570,22787,11153,11634,1665,729,936,20388,10805,9583,17914,9878,8036,2474,927,1547,1065,683,382,677,516,161,388,167,221
37,Warren & Washington Counties PUMA,60833,30154,30679,50119,24977,25142,10714,5177,5537,16656,7372,9284,16081,6887,9194,575,485,90,39218,19998,19220,31936,16762,15174,7282,3236,4046,4959,2784,2175,2102,1328,774,2857,1456,1401
38,NYC-Queens Community District 6--Forest Hills & Rego Park PUMA,16505,7901,8604,14160,7039,7121,2345,862,1483,10714,4734,5980,9668,4161,5507,1046,573,473,5423,2908,2515,4124,2619,1505,1299,289,1010,368,259,109,368,259,109,0,0,0
39,"NYC-Brooklyn Community District 9--Crown Heights South, Prospect Lefferts & Wingate PUMA",15047,7992,7055,12872,6891,5981,2175,1101,1074,9930,4796,5134,9670,4662,5008,260,134,126,3970,2226,1744,2751,1778,973,1219,448,771,1147,970,177,451,451,0,696,519,177
40,Westchester County (Central)--White Plains City PUMA,41759,20308,21451,38730,19926,18804,3029,382,2647,31181,14751,16430,29006,14411,14595,2175,340,1835,10358,5557,4801,9584,5515,4069,774,42,732,220,0,220,140,0,140,80,0,80
41,"NYC-Bronx Community District 1 & 2--Hunts Point, Longwood & Melrose PUMA",1741,810,931,932,175,757,809,635,174,838,447,391,395,27,368,443,420,23,833,363,470,537,148,389,296,215,81,70,0,70,0,0,0,70,0,70
42,Erie County (North Central) PUMA,42782,20089,22693,40187,18808,21379,2595,1281,1314,28121,12234,15887,27008,11756,15252,1113,478,635,13715,7254,6461,12397,6608,5789,1318,646,672,946,601,345,782,444,338,164,157,7
43,Chautauqua County PUMA,55397,27482,27915,41637,21730,19907,13760,5752,8008,14032,5818,8214,12537,5644,6893,1495,174,1321,36674,18710,17964,26911,14804,12107,9763,3906,5857,4691,2954,1737,2189,1282,907,2502,1672,830
44,Dutchess County (Southwest) PUMA,56850,29003,27847,52098,27377,24721,4752,1626,3126,22573,9534,13039,20916,9170,11746,1657,364,1293,30703,17676,13027,29348,17018,12330,1355,658,697,3574,1793,1781,1834,1189,645,1740,604,1136
45,Westchester County (Southeast) PUMA,28367,14806,13561,27208,14205,13003,1159,601,558,22045,10717,11328,21533,10659,10874,512,58,454,5916,3838,2078,5269,3295,1974,647,543,104,406,251,155,406,251,155,0,0,0
46,Rockland County (North)--New City & Congers PUMA,23896,11443,12453,22378,10626,11752,1518,817,701,13045,5533,7512,12820,5413,7407,225,120,105,9503,4855,4648,8505,4423,4082,998,432,566,1348,1055,293,1053,790,263,295,265,30
47,NYC-Staten Island Community District 2--New Springville & South Beach PUMA,33076,15584,17492,30842,14462,16380,2234,1122,1112,12043,6004,6039,11561,5899,5662,482,105,377,19223,8589,10634,17803,7674,10129,1420,915,505,1810,991,819,1478,889,589,332,102,230
48,Suffolk County (Southwest)--Islip Town (South) PUMA,37627,19435,18192,36412,18755,17657,1215,680,535,16007,7765,8242,15755,7624,8131,252,141,111,20730,11488,9242,19776,10958,8818,954,530,424,890,182,708,881,173,708,9,9,0
49,Erie County (West Central)--Buffalo City (East) PUMA,28005,14521,13484,20870,11395,9475,7135,3126,4009,5889,2486,3403,5572,2310,3262,317,176,141,18306,9469,8837,13242,7507,5735,5064,1962,3102,3810,2566,1244,2056,1578,478,1754,988,766
50,Wayne & Seneca Counties PUMA,57271,28272,28999,48290,25074,23216,8981,3198,5783,13551,5521,8030,12864,5489,7375,687,32,655,39256,20458,18798,32838,18003,14835,6418,2455,3963,4464,2293,2171,2588,1582,1006,1876,711,1165
51,Monroe County (South) PUMA,65017,30460,34557,59178,27569,31609,5839,2891,2948,41272,17947,23325,38534,16792,21742,2738,1155,1583,22484,12010,10474,19676,10469,9207,2808,1541,1267,1261,503,758,968,308,660,293,195,98
52,Tompkins County PUMA,34057,16146,17911,28838,14030,14808,5219,2116,3103,18459,7981,10478,17332,7691,9641,1127,290,837,14036,7190,6846,10519,5448,5071,3517,1742,1775,1562,975,587,987,891,96,575,84,491
53,Suffolk County (South Central)--Brookhaven Town (South) PUMA,45111,22644,22467,40823,21147,19676,4288,1497,2791,13422,6445,6977,13163,6330,6833,259,115,144,28952,14715,14237,25868,14012,11856,3084,703,2381,2737,1484,1253,1792,805,987,945,679,266
54,"Otsego, Schoharie, Oneida (South) & Herkimer (South) Counties PUMA",48265,23930,24335,40115,20561,19554,8150,3369,4781,14123,6514,7609,12800,5936,6864,1323,578,745,30980,15376,15604,25501,13395,12106,5479,1981,3498,3162,2040,1122,1814,1230,584,1348,810,538
55,NYC-Manhattan Community District 8--Upper East Side PUMA,73252,30162,43090,69790,28844,40946,3462,1318,2144,66731,27650,39081,64746,26785,37961,1985,865,1120,6261,2363,3898,4784,1910,2874,1477,453,1024,260,149,111,260,149,111,0,0,0
56,"NYC-Manhattan Community District 1 & 2--Battery Park City, Greenwich Village & Soho PUMA",57390,28828,28562,54650,27612,27038,2740,1216,1524,52902,25795,27107,50862,24909,25953,2040,886,1154,3862,2639,1223,3325,2472,853,537,167,370,626,394,232,463,231,232,163,163,0
57,"NYC-Manhattan Community District 12--Washington Heights, Inwood & Marble Hill PUMA",22040,9929,12111,19341,9007,10334,2699,922,1777,17573,6827,10746,15717,6217,9500,1856,610,1246,3703,2619,1084,3130,2406,724,573,213,360,764,483,281,494,384,110,270,99,171
58,NYC-Brooklyn Community District 18--Canarsie & Flatlands PUMA,15384,7130,8254,13539,6552,6987,1845,578,1267,6560,2758,3802,6324,2641,3683,236,117,119,7972,3934,4038,6729,3473,3256,1243,461,782,852,438,414,486,438,48,366,0,366
59,"NYC-Bronx Community District 12--Wakefield, Williamsbridge & Woodlawn PUMA",2960,1396,1564,2263,1117,1146,697,279,418,1792,956,836,1536,754,782,256,202,54,1046,378,668,639,335,304,407,43,364,122,62,60,88,28,60,34,34,0
60,Suffolk County (Central)--Islip Town (Northwest) PUMA,12306,6537,5769,10962,6025,4937,1344,512,832,3748,2125,1623,3563,2125,1438,185,0,185,7721,3670,4051,6702,3298,3404,1019,372,647,837,742,95,697,602,95,140,140,0
61,"NYC-Queens Community District 14--Far Rockaway, Breezy Point & Broad Channel PUMA",17657,9030,8627,16462,8442,8020,1195,588,607,10069,5067,5002,9631,4817,4814,438,250,188,7133,3613,3520,6642,3436,3206,491,177,314,455,350,105,189,189,0,266,161,105
62,Saratoga County (South & Central) PUMA,47844,23200,24644,45856,22454,23402,1988,746,1242,25501,11939,13562,25057,11702,13355,444,237,207,21129,10589,10540,19748,10124,9624,1381,465,916,1214,672,542,1051,628,423,163,44,119
63,Cattaraugus & Allegany Counties PUMA,55012,27491,27521,41599,21262,20337,13413,6229,7184,10433,4520,5913,9643,4170,5473,790,350,440,39849,20500,19349,29938,15675,14263,9911,4825,5086,4730,2471,2259,2018,1417,601,2712,1054,1658
64,Genesee & Orleans Counties PUMA,45166,22537,22629,37613,19658,17955,7553,2879,4674,9481,3545,5936,7942,3180,4762,1539,365,1174,33424,17373,16051,28687,15769,12918,4737,1604,3133,2261,1619,642,984,709,275,1277,910,367
65,Cayuga & Onondaga (South) Counties PUMA,52438,24742,27696,44484,21692,22792,7954,3050,4904,15781,6665,9116,15002,6388,8614,779,277,502,34030,17062,16968,28315,14774,13541,5715,2288,3427,2627,1015,1612,1167,530,637,1460,485,975
66,Sullivan & Ulster (West) Counties PUMA,39577,19571,20006,30453,14808,15645,9124,4763,4361,11925,5992,5933,10687,4987,5700,1238,1005,233,23841,11529,12312,17833,8748,9085,6008,2781,3227,3811,2050,1761,1933,1073,860,1878,977,901
67,"NYC-Bronx Community District 7--Bedford Park, Fordham North & Norwood PUMA",2838,1000,1838,1798,593,1205,1040,407,633,493,485,8,404,404,0,89,81,8,883,327,556,578,152,426,305,175,130,1462,188,1274,816,37,779,646,151,495
68,Suffolk County (Central)--Brookhaven Town (West Central) PUMA,39274,19674,19600,35202,17819,17383,4072,1855,2217,14814,7176,7638,14226,6682,7544,588,494,94,23586,12055,11531,20425,10954,9471,3161,1101,2060,874,443,431,551,183,368,323,260,63
69,NYC-Queens Community District 1--Astoria & Long Island City PUMA,38005,18949,19056,35386,17287,18099,2619,1662,957,28220,12959,15261,26446,11832,14614,1774,1127,647,8913,5513,3400,8182,4978,3204,731,535,196,872,477,395,758,477,281,114,0,114
70,Jefferson & Lewis Counties PUMA,57360,29060,28300,47109,24633,22476,10251,4427,5824,13555,6101,7454,12717,5730,6987,838,371,467,40279,20652,19627,32360,17438,14922,7919,3214,4705,3526,2307,1219,2032,1465,567,1494,842,652
71,Nassau County (West Central)--Hempstead Town (Northwest) PUMA,27957,13947,14010,26961,13353,13608,996,594,402,15441,6706,8735,15060,6387,8673,381,319,62,11723,6832,4891,11128,6577,4551,595,255,340,793,409,384,773,389,384,20,20,0
72,Nassau County (Central)--Hempstead Town (North Central)--Meadowbrook Corridor PUMA,8694,4131,4563,7398,3648,3750,1296,483,813,2935,1120,1815,2392,982,1410,543,138,405,5152,2523,2629,4576,2355,2221,576,168,408,607,488,119,430,311,119,177,177,0
73,Orange County (Northeast)--Greater Newburgh City PUMA,33464,16386,17078,29093,14755,14338,4371,1631,2740,12092,5035,7057,11762,4960,6802,330,75,255,19572,10341,9231,16160,9084,7076,3412,1257,2155,1800,1010,790,1171,711,460,629,299,330
74,"NYC-Bronx Community District 11--Pelham Parkway, Morris Park & Laconia PUMA",7108,3811,3297,6073,3396,2677,1035,415,620,3231,1769,1462,2904,1695,1209,327,74,253,3268,1536,1732,2787,1408,1379,481,128,353,609,506,103,382,293,89,227,213,14
75,"NYC-Queens Community District 12--Jamaica, Hollis & St. Albans PUMA",2184,1224,960,1730,1176,554,454,48,406,153,58,95,153,58,95,0,0,0,1829,1019,810,1463,1004,459,366,15,351,202,147,55,114,114,0,88,33,55
76,Erie County (Central) PUMA,65675,31995,33680,58041,29612,28429,7634,2383,5251,21264,9580,11684,19793,9111,10682,1471,469,1002,41568,20441,21127,36343,18751,17592,5225,1690,3535,2843,1974,869,1905,1750,155,938,224,714
77,"NYC-Staten Island Community District 1--Port Richmond, Stapleton & Mariner's Harbor PUMA",29243,14667,14576,24294,12031,12263,4949,2636,2313,12109,5521,6588,11582,5315,6267,527,206,321,15200,8076,7124,11625,6077,5548,3575,1999,1576,1934,1070,864,1087,639,448,847,431,416
78,"NYC-Brooklyn Community District 15--Sheepshead Bay, Gerritsen Beach & Homecrest PUMA",21214,10171,11043,17511,8614,8897,3703,1557,2146,9260,3739,5521,8445,3406,5039,815,333,482,10438,5539,4899,7935,4422,3513,2503,1117,1386,1516,893,623,1131,786,345,385,107,278
79,"NYC-Bronx Community District 8--Riverdale, Fieldston & Kingsbridge PUMA",11962,5140,6822,11299,4700,6599,663,440,223,8861,3144,5717,8667,3081,5586,194,63,131,2838,1889,949,2435,1512,923,403,377,26,263,107,156,197,107,90,66,0,66
80,NYC-Brooklyn Community District 5--East New York & Starrett City PUMA,2577,1316,1261,2014,1071,943,563,245,318,602,188,414,373,143,230,229,45,184,1353,902,451,1111,784,327,242,118,124,622,226,396,530,144,386,92,82,10
81,Onondaga County (Central)--Syracuse City (Outer) PUMA,70573,33334,37239,62541,29826,32715,8032,3508,4524,31457,14025,17432,30561,13610,16951,896,415,481,35843,17176,18667,30208,15144,15064,5635,2032,3603,3273,2133,1140,1772,1072,700,1501,1061,440
82,"NYC-Manhattan Community District 6--Murray Hill, Gramercy & Stuyvesant Town PUMA",50677,25443,25234,49192,24608,24584,1485,835,650,46352,22340,24012,45306,21824,23482,1046,516,530,4001,2779,1222,3562,2460,1102,439,319,120,324,324,0,324,324,0,0,0,0
83,"Chenango, Delaware & Broome (East) Counties PUMA",48039,24129,23910,38130,19631,18499,9909,4498,5411,8957,4108,4849,8109,3854,4255,848,254,594,34226,17061,17165,27345,14116,13229,6881,2945,3936,4856,2960,1896,2676,1661,1015,2180,1299,881
84,Orange County (Northwest) PUMA,39479,19577,19902,33733,16540,17193,5746,3037,2709,10614,4742,5872,9979,4294,5685,635,448,187,26863,13705,13158,22151,11355,10796,4712,2350,2362,2002,1130,872,1603,891,712,399,239,160
85,NYC-Brooklyn Community District 7--Sunset Park & Windsor Terrace PUMA,15920,7754,8166,13937,6630,7307,1983,1124,859,11630,4845,6785,11188,4629,6559,442,216,226,3783,2543,1240,2645,1897,748,1138,646,492,507,366,141,104,104,0,403,262,141
86,Nassau County (Northeast)--Oyster Bay Town (North) & Glen Cove City PUMA,34926,17448,17478,33353,16553,16800,1573,895,678,23269,11717,11552,22502,11281,11221,767,436,331,10875,5167,5708,10232,4866,5366,643,301,342,782,564,218,619,406,213,163,158,5
87,Dutchess County (North & East) PUMA,47978,23713,24265,43036,21544,21492,4942,2169,2773,20601,9063,11538,19916,8888,11028,685,175,510,24905,13107,11798,21695,11738,9957,3210,1369,1841,2472,1543,929,1425,918,507,1047,625,422
88,Putnam County PUMA,39507,19707,19800,37271,18783,18488,2236,924,1312,16370,7426,8944,15957,7233,8724,413,193,220,22228,11931,10297,20469,11200,9269,1759,731,1028,909,350,559,845,350,495,64,0,64
89,Albany County (Outside Albany City) PUMA,80262,38406,41856,74587,36224,38363,5675,2182,3493,35181,15075,20106,34514,14619,19895,667,456,211,41909,21501,20408,38028,20097,17931,3881,1404,2477,3172,1830,1342,2045,1508,537,1127,322,805
90,"NYC-Bronx Community District 10--Co-op City, Pelham Bay & Schuylerville PUMA",13512,6620,6892,11889,5802,6087,1623,818,805,6036,2228,3808,5553,2097,3456,483,131,352,6607,3591,3016,5783,3199,2584,824,392,432,869,801,68,553,506,47,316,295,21
91,NYC-Queens Community District 4--Elmhurst & South Corona PUMA,2314,1459,855,1886,1236,650,428,223,205,1685,1135,550,1461,1007,454,224,128,96,475,248,227,347,229,118,128,19,109,154,76,78,78,0,78,76,76,0
92,"NYC-Brooklyn Community District 12--Borough Park, Kensington & Ocean Parkway PUMA",27405,14099,13306,17282,9082,8200,10123,5017,5106,8760,3980,4780,7787,3636,4151,973,344,629,16739,8768,7971,8787,4994,3793,7952,3774,4178,1906,1351,555,708,452,256,1198,899,299
93,Nassau County (Southeast)--Oyster Bay Town (South) PUMA,46793,23041,23752,44723,21966,22757,2070,1075,995,23297,10552,12745,22538,10339,12199,759,213,546,21848,11437,10411,20772,10740,10032,1076,697,379,1648,1052,596,1413,887,526,235,165,70
94,Suffolk County (Northwest)--Huntington Town (South) PUMA,35283,16359,18924,34696,16259,18437,587,100,487,21349,10139,11210,21311,10101,11210,38,38,0,12905,5541,7364,12406,5529,6877,499,12,487,1029,679,350,979,629,350,50,50,0
95,Oswego County PUMA,57402,29070,28332,44462,24153,20309,12940,4917,8023,12094,5745,6349,11136,5618,5518,958,127,831,39478,19887,19591,30319,16325,13994,9159,3562,5597,5830,3438,2392,3007,2210,797,2823,1228,1595
96,Rensselaer County--Troy City PUMA,69632,33892,35740,61116,30371,30745,8516,3521,4995,22883,10207,12676,22003,9915,12088,880,292,588,40690,19937,20753,35266,17976,17290,5424,1961,3463,6059,3748,2311,3847,2480,1367,2212,1268,944
97,Saratoga County (Outer) PUMA,59706,30406,29300,53687,27530,26157,6019,2876,3143,20733,9449,11284,20158,9310,10848,575,139,436,36002,18737,17265,31111,16375,14736,4891,2362,2529,2971,2220,751,2418,1845,573,553,375,178
98,Herkimer (North & Central) & Oneida (Outer) Counties PUMA,54493,27244,27249,45571,23772,21799,8922,3472,5450,12634,5113,7521,12002,4947,7055,632,166,466,37565,19772,17793,31065,17341,13724,6500,2431,4069,4294,2359,1935,2504,1484,1020,1790,875,915
99,Monroe County (East) PUMA,61598,30950,30648,57093,28709,28384,4505,2241,2264,33685,15200,18485,33392,15065,18327,293,135,158,26631,14833,11798,23050,13089,9961,3581,1744,1837,1282,917,365,651,555,96,631,362,269
100,"NYC-Queens Community District 13--Queens Village, Cambria Heights & Rosedale PUMA",6799,3233,3566,5987,2774,3213,812,459,353,2600,1460,1140,2537,1460,1077,63,0,63,3681,1255,2426,3204,1068,2136,477,187,290,518,518,0,246,246,0,272,272,0
101,Erie County (South) PUMA,82895,40659,42236,71591,36199,35392,11304,4460,6844,31465,13926,17539,30279,13641,16638,1186,285,901,48566,24270,24296,38996,20597,18399,9570,3673,5897,2864,2463,401,2316,1961,355,548,502,46
102,Monroe County (Central)--Greece & Gates Towns PUMA,48827,23616,25211,43413,21313,22100,5414,2303,3111,18764,9048,9716,17701,8479,9222,1063,569,494,28443,13628,14815,24519,12110,12409,3924,1518,2406,1620,940,680,1193,724,469,427,216,211
103,NYC-Manhattan Community District 7--Upper West Side & West Side PUMA,59211,30179,29032,54307,27706,26601,4904,2473,2431,54821,27002,27819,50810,25003,25807,4011,1999,2012,4087,2874,1213,3194,2400,794,893,474,419,303,303,0,303,303,0,0,0,0
104,NYC-Manhattan Community District 11--East Harlem PUMA,9111,4714,4397,7964,4311,3653,1147,403,744,7299,3317,3982,6348,3098,3250,951,219,732,1617,1202,415,1460,1057,403,157,145,12,195,195,0,156,156,0,39,39,0
105,"NYC-Queens Community District 7--Flushing, Murray Hill & Whitestone PUMA",20309,11143,9166,18568,10233,8335,1741,910,831,9177,4785,4392,9021,4629,4392,156,156,0,10016,5709,4307,8973,5175,3798,1043,534,509,1116,649,467,574,429,145,542,220,322
106,NYC-Brooklyn Community District 1--Greenpoint & Williamsburg PUMA,52478,29032,23446,41709,23661,18048,10769,5371,5398,36176,19898,16278,33751,18753,14998,2425,1145,1280,11884,6927,4957,6754,4188,2566,5130,2739,2391,4418,2207,2211,1204,720,484,3214,1487,1727
107,Onondaga County (North) PUMA,57886,28371,29515,52001,25649,26352,5885,2722,3163,24676,11089,13587,23572,10650,12922,1104,439,665,30660,16089,14571,26769,14128,12641,3891,1961,1930,2550,1193,1357,1660,871,789,890,322,568
108,NYC-Brooklyn Community District 14--Flatbush & Midwood PUMA,19538,9593,9945,17300,8422,8878,2238,1171,1067,12353,5651,6702,11516,5060,6456,837,591,246,5787,2911,2876,4903,2481,2422,884,430,454,1398,1031,367,881,881,0,517,150,367
109,"Rockland County (South)--Orangetown, Clarkstown (South) & Ramapo (Southeast) Towns PUMA",32939,16636,16303,29702,14323,15379,3237,2313,924,18450,8841,9609,17579,8300,9279,871,541,330,13248,7371,5877,10884,5601,5283,2364,1770,594,1241,424,817,1239,422,817,2,2,0
110,NYC-Brooklyn Community District 13--Brighton Beach & Coney Island PUMA,6973,3809,3164,4707,2427,2280,2266,1382,884,2581,1373,1208,1735,988,747,846,385,461,3045,1355,1690,2242,901,1341,803,454,349,1347,1081,266,730,538,192,617,543,74
111,"NYC-Bronx Community District 4--Concourse, Highbridge & Mount Eden PUMA",1922,1180,742,1147,733,414,775,447,328,544,200,344,475,131,344,69,69,0,1134,965,169,672,602,70,462,363,99,244,15,229,0,0,0,244,15,229
112,Erie County (Northeast) PUMA,56467,28997,27470,53451,27808,25643,3016,1189,1827,24776,11595,13181,24228,11266,12962,548,329,219,30643,16417,14226,28571,15890,12681,2072,527,1545,1048,985,63,652,652,0,396,333,63
113,NYC-Brooklyn Community District 8--Crown Heights North & Prospect Heights PUMA,21223,10687,10536,19667,9710,9957,1556,977,579,17641,8420,9221,16716,7806,8910,925,614,311,3211,2106,1105,2679,1749,930,532,357,175,371,161,210,272,155,117,99,6,93
114,NYC-Queens Community District 3--Jackson Heights & North Corona PUMA,6564,3518,3046,6503,3518,2985,61,0,61,3899,1743,2156,3838,1743,2095,61,0,61,2604,1775,829,2604,1775,829,0,0,0,61,0,61,61,0,61,0,0,0
115,Fulton & Montgomery Counties PUMA,46497,22962,23535,36944,18888,18056,9553,4074,5479,8702,3819,4883,8257,3767,4490,445,52,393,33463,16756,16707,26042,13595,12447,7421,3161,4260,4332,2387,1945,2645,1526,1119,1687,861,826
116,Niagara County (Southwest)--Greater Niagara Falls & North Tonawanda Area PUMA,45472,22229,23243,39406,19618,19788,6066,2611,3455,11438,5051,6387,11041,5002,6039,397,49,348,30998,15068,15930,26346,13221,13125,4652,1847,2805,3036,2110,926,2019,1395,624,1017,715,302
117,"Steuben (North & West), Schuyler & Chemung (North) Counties PUMA",47053,23977,23076,36178,18885,17293,10875,5092,5783,8966,3473,5493,8310,3413,4897,656,60,596,34304,18370,15934,26072,14466,11606,8232,3904,4328,3783,2134,1649,1796,1006,790,1987,1128,859
118,NYC-Brooklyn Community District 4--Bushwick PUMA,18535,10056,8479,15077,8772,6305,3458,1284,2174,13425,6717,6708,11413,5782,5631,2012,935,1077,4619,3156,1463,3481,2807,674,1138,349,789,491,183,308,183,183,0,308,0,308
119,"NYC-Manhattan Community District 4 & 5--Chelsea, Clinton & Midtown Business District PUMA",52359,29622,22737,48475,27420,21055,3884,2202,1682,44199,24253,19946,41979,22882,19097,2220,1371,849,8160,5369,2791,6496,4538,1958,1664,831,833,0,0,0,0,0,0,0,0,0
120,"NYC-Brooklyn Community District 6--Park Slope, Carroll Gardens & Red Hook PUMA",40227,18323,21904,37764,16982,20782,2463,1341,1122,35041,15279,19762,33518,14422,19096,1523,857,666,4865,2810,2055,4019,2333,1686,846,477,369,321,234,87,227,227,0,94,7,87
121,NYC-Brooklyn Community District 3--Bedford-Stuyvesant PUMA,22057,11019,11038,17731,9133,8598,4326,1886,2440,14832,7152,7680,13655,6785,6870,1177,367,810,5830,3233,2597,3669,2143,1526,2161,1090,1071,1395,634,761,407,205,202,988,429,559
122,NYC-Queens Community District 10--Howard Beach & Ozone Park PUMA,11245,5705,5540,8871,5107,3764,2374,598,1776,3311,1898,1413,2922,1546,1376,389,352,37,6929,3497,3432,5654,3266,2388,1275,231,1044,1005,310,695,295,295,0,710,15,695
123,Suffolk County (Northwest)--Huntington Town (North) PUMA,38079,18113,19966,34920,17183,17737,3159,930,2229,23422,10846,12576,22490,10768,11722,932,78,854,13984,6856,7128,11902,6149,5753,2082,707,1375,673,411,262,528,266,262,145,145,0
124,Orange County (Southeast) PUMA,41844,20745,21099,35050,17970,17080,6794,2775,4019,17872,7721,10151,16635,7307,9328,1237,414,823,20852,10648,10204,16238,8959,7279,4614,1689,2925,3120,2376,744,2177,1704,473,943,672,271
125,Nassau County (East Central)--Oyster Bay Town (Central) PUMA,30827,14535,16292,30279,14384,15895,548,151,397,17737,7845,9892,17737,7845,9892,0,0,0,12484,6327,6157,11959,6176,5783,525,151,374,606,363,243,583,363,220,23,0,23
126,Suffolk County (Northwest)--Smithtown Town PUMA,49255,24675,24580,47281,24223,23058,1974,452,1522,29478,13605,15873,28670,13532,15138,808,73,735,19104,10606,8498,18103,10313,7790,1001,293,708,673,464,209,508,378,130,165,86,79
127,"NYC-Brooklyn Community District 17--East Flatbush, Farragut & Rugby PUMA",1340,803,537,1228,747,481,112,56,56,1089,716,373,1033,660,373,56,56,0,251,87,164,195,87,108,56,0,56,0,0,0,0,0,0,0,0,0
128,"NYC-Bronx Community District 9--Castle Hill, Clason Point & Parkchester PUMA",1282,955,327,882,648,234,400,307,93,354,354,0,354,354,0,0,0,0,764,437,327,528,294,234,236,143,93,164,164,0,0,0,0,164,164,0
129,NYC-Queens Community District 9--Richmond Hill & Woodhaven PUMA,9068,4532,4536,7877,4028,3849,1191,504,687,4179,2134,2045,4003,2085,1918,176,49,127,4524,2266,2258,3661,1892,1769,863,374,489,365,132,233,213,51,162,152,81,71
130,Westchester County (Southwest)--Yonkers City PUMA,28352,13849,14503,25553,12560,12993,2799,1289,1510,14098,6812,7286,13467,6507,6960,631,305,326,12336,6139,6197,10494,5221,5273,1842,918,924,1918,898,1020,1592,832,760,326,66,260
131,Broome (Outer West) & Tioga Counties PUMA,50805,25548,25257,42904,22017,20887,7901,3531,4370,13361,5888,7473,11919,5066,6853,1442,822,620,33808,17698,16110,28743,15816,12927,5065,1882,3183,3636,1962,1674,2242,1135,1107,1394,827,567
132,NYC-Brooklyn Community District 10--Bay Ridge & Dyker Heights PUMA,20272,9515,10757,19114,9108,10006,1158,407,751,12606,5297,7309,12286,5229,7057,320,68,252,7134,3726,3408,6455,3546,2909,679,180,499,532,492,40,373,333,40,159,159,0
133,"NYC-Queens Community District 5--Ridgewood, Glendale & Middle Village PUMA",28745,14371,14374,25212,12791,12421,3533,1580,1953,12701,6434,6267,11491,5926,5565,1210,508,702,14610,6787,7823,12573,5952,6621,2037,835,1202,1434,1150,284,1148,913,235,286,237,49
134,NYC-Manhattan Community District 10--Central Harlem PUMA,12368,7276,5092,11118,6419,4699,1250,857,393,10676,6096,4580,9980,5536,4444,696,560,136,1692,1180,512,1138,883,255,554,297,257,0,0,0,0,0,0,0,0,0
135,"NYC-Queens Community District 11--Bayside, Douglaston & Little Neck PUMA",16907,8965,7942,16043,8732,7311,864,233,631,10119,4630,5489,9728,4609,5119,391,21,370,6284,3941,2343,5921,3729,2192,363,212,151,504,394,110,394,394,0,110,0,110
136,Erie County (Northwest) PUMA,47898,23671,24227,43138,21513,21625,4760,2158,2602,20142,8936,11206,19598,8665,10933,544,271,273,26854,14205,12649,22718,12398,10320,4136,1807,2329,902,530,372,822,450,372,80,80,0
137,NYC-Queens Community District 2--Sunnyside & Woodside PUMA,18226,10366,7860,17409,9967,7442,817,399,418,13361,7468,5893,12735,7134,5601,626,334,292,4623,2898,1725,4432,2833,1599,191,65,126,242,0,242,242,0,242,0,0,0
138,Suffolk County (Southwest)--Babylon Town (Southeast) PUMA,39312,20495,18817,35457,18436,17021,3855,2059,1796,11668,5178,6490,11149,4725,6424,519,453,66,26612,14949,11663,23633,13435,10198,2979,1514,1465,1032,368,664,675,276,399,357,92,265
139,"NYC-Staten Island Community District 3--Tottenville, Great Kills & Annadale PUMA",55708,27353,28355,51339,26089,25250,4369,1264,3105,22973,10018,12955,22374,9927,12447,599,91,508,31247,16419,14828,27854,15489,12365,3393,930,2463,1488,916,572,1111,673,438,377,243,134
140,Nassau County (West Central)--Hempstead Town (West Central) PUMA,22984,11730,11254,21912,11161,10751,1072,569,503,12315,5586,6729,11972,5350,6622,343,236,107,10103,5676,4427,9439,5354,4085,664,322,342,566,468,98,501,457,44,65,11,54
141,Nassau County (Central)--Hempstead Town (Northeast) PUMA,38853,18771,20082,37517,17990,19527,1336,781,555,17463,7307,10156,17294,7193,10101,169,114,55,20620,10935,9685,19720,10365,9355,900,570,330,770,529,241,503,432,71,267,97,170
142,Nassau County (Southwest)--Hempstead Town (Southwest) & Long Beach City PUMA,31786,17194,14592,31129,16943,14186,657,251,406,20376,11540,8836,19986,11352,8634,390,188,202,11042,5400,5642,10775,5337,5438,267,63,204,368,254,114,368,254,114,0,0,0
143,NYC-Brooklyn Community District 11--Bensonhurst & Bath Beach PUMA,16133,8473,7660,13309,6972,6337,2824,1501,1323,5685,2865,2820,5343,2662,2681,342,203,139,9228,4980,4248,7251,4101,3150,1977,879,1098,1220,628,592,715,209,506,505,419,86
144,Nassau County (South Central)--Hempstead Town (Southeast) PUMA,31370,15437,15933,29793,14654,15139,1577,783,794,17282,7662,9620,16831,7409,9422,451,253,198,13670,7569,6101,12604,7099,5505,1066,470,596,418,206,212,358,146,212,60,60,0
145,Nassau County (West Central)--North Hempstead Town (South) PUMA,24017,11623,12394,23081,11148,11933,936,475,461,13309,5996,7313,13079,5766,7313,230,230,0,10290,5627,4663,9630,5382,4248,660,245,415,418,0,418,372,0,372,46,0,46
146,Capital Region,450147,222362,227785,396564,197734,198830,53583,24628,28955,172585,77452,95133,165123,73599,91524,7462,3853,3609,251866,129554,122312,215307,114094,101213,36559,15460,21099,25696,15356,10340,16134,10041,6093,9562,5315,4247
147,Central NY,324608,159706,164902,272352,136266,136086,52256,23440,28816,109704,48356,61348,103502,45596,57906,6202,2760,3442,193409,98259,95150,157461,83161,74300,35948,15098,20850,21495,13091,8404,11389,7509,3880,10106,5582,4524
148,Finger Lakes,475149,235796,239353,411479,206633,204846,63670,29163,34507,190185,84729,105456,179757,80566,99191,10428,4163,6265,262654,139091,123563,220828,119691,101137,41826,19400,22426,22310,11976,10334,10894,6376,4518,11416,5600,5816
149,Long Island,856530,425140,431390,807484,403816,403668,49046,21324,27722,427362,197528,229834,414894,192295,222599,12468,5233,7235,406633,215009,191624,374745,201648,173097,31888,13361,18527,22535,12603,9932,17845,9873,7972,4690,2730,1960
150,Mid-Hudson,658431,327521,330910,584451,294416,290035,73980,33105,40875,317351,145231,172120,301631,139762,161869,15720,5469,10251,309191,164722,144469,263033,143073,119960,46158,21649,24509,31889,17568,14321,19787,11581,8206,12102,5987,6115
151,Mohawk Valley,202799,100257,102542,164350,83996,80354,38449,16261,22188,53447,24200,29247,49792,22717,27075,3655,1483,2172,134553,67300,67253,106513,56468,50045,28040,10832,17208,14799,8757,6042,8045,4811,3234,6754,3946,2808
152,New York City,1116310,558421,557889,996968,501846,495122,119342,56575,62767,766725,365494,401231,723370,344564,378806,43355,20930,22425,310532,169642,140890,252135,142813,109322,58397,26829,31568,39053,23285,15768,21463,14469,6994,17590,8816,8774
153,North Country,178651,89664,88987,146698,76076,70622,31953,13588,18365,44914,18733,26181,42024,17133,24891,2890,1600,1290,122031,64358,57673,98589,54951,43638,23442,9407,14035,11706,6573,5133,6085,3992,2093,5621,2581,3040
154,Southern Tier,265624,131466,134158,214734,108078,106656,50890,23388,27502,75211,34519,40692,69737,32079,37658,5474,2440,3034,170573,85347,85226,134516,69320,65196,36057,16027,20030,19840,11600,8240,10481,6679,3802,9359,4921,4438
155,Western NY,560839,277383,283456,476814,241770,235044,84025,35613,48412,199802,87896,111906,188908,83973,104935,10894,3923,6971,332634,171221,161413,270883,146002,124881,61751,25219,36532,28403,18266,10137,17023,11795,5228,11380,6471,4909
