,puma,Total_geo,Total_geo_m,Total_geo_f,Total_Emp_mf_t,Total_emp_m,Total_emp_f,Total_UnEmp_mf_t,Total_UnEmp_m,Total_UnEmp_f,Total_BABS,Total_BABS_m,Total_BABS_f,BABS_Emp_mf_t,BABS_emp_m,BABS_emp_f,BABS_UnEmp_mf_t,BABS_UnEmp_m,BABS_UnEmp_f,Total_HS,Total_HS_m,Total_HS_f,HS_Emp_mf_t,HS_emp_m,HS_emp_f,HS_UnEmp_mf_t,HS_UnEmp_m,HS_UnEmp_f,Total_HSINC,Total_HSINC_m,Total_HSINC_f,HSINC_Emp_mf_t,HSINC_emp_m,HSINC_emp_f,HSINC_UnEmp_mf_t,HSINC_UnEmp_m,HSINC_UnEmp_f
0,Total Geo,637626,325946,311680,586405,297367,289038,51221,28579,22642,188868,82593,106275,180043,79230,100813,8825,3363,5462,376520,201169,175351,346778,183832,162946,29742,17337,12405,72238,42184,30054,59584,34305,25279,12654,7879,4775
1,NYC-Manhattan Community District 7--Upper West Side & West Side PUMA,6311,3503,2808,6311,3503,2808,0,0,0,2187,1265,922,2187,1265,922,0,0,0,3603,2238,1365,3603,2238,1365,0,0,0,521,0,521,521,0,521,0,0,0
2,Nassau County (West Central)--Hempstead Town (Northwest) PUMA,4573,2246,2327,4057,1810,2247,516,436,80,2362,1378,984,1926,942,984,436,436,0,1968,868,1100,1888,868,1020,80,0,80,243,0,243,243,0,243,0,0,0
3,NYC-Brooklyn Community District 2--Brooklyn Heights & Fort Greene PUMA,4191,2678,1513,4003,2490,1513,188,188,0,2075,1101,974,2075,1101,974,0,0,0,1828,1463,365,1754,1389,365,74,74,0,288,114,174,174,0,174,114,114,0
4,Madison & Cortland Counties PUMA,1040,617,423,941,518,423,99,99,0,444,152,292,444,152,292,0,0,0,552,421,131,453,322,131,99,99,0,44,44,0,44,44,0,0,0,0
5,Ontario & Yates Counties PUMA,1595,915,680,1171,717,454,424,198,226,495,309,186,495,309,186,0,0,0,1032,606,426,608,408,200,424,198,226,68,0,68,68,0,68,0,0,0
6,Monroe County (Central)--Greece & Gates Towns PUMA,2408,1956,452,2408,1956,452,0,0,0,112,0,112,112,0,112,0,0,0,2151,1811,340,2151,1811,340,0,0,0,145,145,0,145,145,0,0,0,0
7,Nassau County (East Central)--Oyster Bay Town (Central) PUMA,1989,1200,789,1919,1200,719,70,0,70,564,235,329,494,235,259,70,0,70,743,669,74,743,669,74,0,0,0,682,296,386,682,296,386,0,0,0
8,"Clinton, Franklin, Essex & Hamilton Counties PUMA",826,309,517,752,309,443,74,0,74,75,75,0,75,75,0,0,0,0,751,234,517,677,234,443,74,0,74,0,0,0,0,0,0,0,0,0
9,NYC-Manhattan Community District 8--Upper East Side PUMA,5279,2917,2362,5110,2748,2362,169,169,0,3406,2013,1393,3237,1844,1393,169,169,0,1873,904,969,1873,904,969,0,0,0,0,0,0,0,0,0,0,0,0
10,Suffolk County (Southwest)--Islip Town (South) PUMA,3183,1836,1347,3118,1836,1282,65,0,65,1001,457,544,936,457,479,65,0,65,1838,1035,803,1838,1035,803,0,0,0,344,344,0,344,344,0,0,0,0
11,Erie County (Northwest) PUMA,1744,696,1048,1555,576,979,189,120,69,323,0,323,254,0,254,69,0,69,1174,519,655,1054,399,655,120,120,0,247,177,70,247,177,70,0,0,0
12,"NYC-Queens Community District 8--Briarwood, Fresh Meadows & Hillcrest PUMA",4366,2214,2152,3863,2145,1718,503,69,434,1663,998,665,1585,998,587,78,0,78,1945,1216,729,1876,1147,729,69,69,0,758,0,758,402,0,402,356,0,356
13,NYC-Brooklyn Community District 5--East New York & Starrett City PUMA,8237,3610,4627,7424,3234,4190,813,376,437,1791,763,1028,1705,763,942,86,0,86,5767,2536,3231,5221,2160,3061,546,376,170,679,311,368,498,311,187,181,0,181
14,Rockland County (North)--New City & Congers PUMA,4049,2325,1724,3677,2325,1352,372,0,372,964,497,467,855,497,358,109,0,109,2747,1674,1073,2484,1674,810,263,0,263,338,154,184,338,154,184,0,0,0
15,"Otsego, Schoharie, Oneida (South) & Herkimer (South) Counties PUMA",919,537,382,688,537,151,231,0,231,189,72,117,189,72,117,0,0,0,466,432,34,466,432,34,0,0,0,264,33,231,33,33,0,231,0,231
16,NYC-Brooklyn Community District 7--Sunset Park & Windsor Terrace PUMA,6420,3222,3198,6196,3222,2974,224,0,224,2531,1016,1515,2531,1016,1515,0,0,0,2863,1704,1159,2714,1704,1010,149,0,149,1026,502,524,951,502,449,75,0,75
17,NYC-Brooklyn Community District 11--Bensonhurst & Bath Beach PUMA,4009,1684,2325,3200,1061,2139,809,623,186,1453,178,1275,1267,178,1089,186,0,186,2174,1195,979,1862,883,979,312,312,0,382,311,71,71,0,71,311,311,0
18,Tompkins County PUMA,1327,457,870,1218,457,761,109,0,109,772,329,443,772,329,443,0,0,0,555,128,427,446,128,318,109,0,109,0,0,0,0,0,0,0,0,0
19,Dutchess County (Southwest) PUMA,4976,2234,2742,4530,1857,2673,446,377,69,1072,150,922,1072,150,922,0,0,0,3207,1818,1389,2761,1441,1320,446,377,69,697,266,431,697,266,431,0,0,0
20,NYC-Queens Community District 9--Richmond Hill & Woodhaven PUMA,12712,6449,6263,12206,6295,5911,506,154,352,3804,1789,2015,3650,1635,2015,154,154,0,8474,4385,4089,8122,4385,3737,352,0,352,434,275,159,434,275,159,0,0,0
21,Westchester County (Northwest) PUMA,6153,2865,3288,6153,2865,3288,0,0,0,2383,734,1649,2383,734,1649,0,0,0,3544,1905,1639,3544,1905,1639,0,0,0,226,226,0,226,226,0,0,0,0
22,Albany County (Outside Albany City) PUMA,2679,1078,1601,1950,740,1210,729,338,391,1136,244,892,1136,244,892,0,0,0,1453,744,709,724,406,318,729,338,391,90,90,0,90,90,0,0,0,0
23,Monroe County (South) PUMA,1342,754,588,1342,754,588,0,0,0,749,303,446,749,303,446,0,0,0,593,451,142,593,451,142,0,0,0,0,0,0,0,0,0,0,0,0
24,Jefferson & Lewis Counties PUMA,1601,1090,511,1384,1090,294,217,0,217,275,83,192,275,83,192,0,0,0,1326,1007,319,1109,1007,102,217,0,217,0,0,0,0,0,0,0,0,0
25,"Chenango, Delaware & Broome (East) Counties PUMA",605,407,198,384,186,198,221,221,0,222,112,110,222,112,110,0,0,0,300,212,88,142,54,88,158,158,0,83,83,0,20,20,0,63,63,0
26,Erie County (Central) PUMA,1369,692,677,1053,376,677,316,316,0,187,133,54,123,69,54,64,64,0,1182,559,623,930,307,623,252,252,0,0,0,0,0,0,0,0,0,0
27,St. Lawrence County PUMA,214,178,36,154,118,36,60,60,0,114,78,36,114,78,36,0,0,0,100,100,0,40,40,0,60,60,0,0,0,0,0,0,0,0,0,0
28,"NYC-Manhattan Community District 9--Hamilton Heights, Manhattanville & West Harlem PUMA",6895,3002,3893,5628,1867,3761,1267,1135,132,2735,1518,1217,2603,1518,1085,132,0,132,3079,586,2493,2493,0,2493,586,586,0,1081,898,183,532,349,183,549,549,0
29,Suffolk County (North Central)--Brookhaven Town (North) PUMA,1527,494,1033,1398,494,904,129,0,129,664,206,458,664,206,458,0,0,0,863,288,575,734,288,446,129,0,129,0,0,0,0,0,0,0,0,0
30,NYC-Brooklyn Community District 1--Greenpoint & Williamsburg PUMA,8380,4730,3650,7473,4130,3343,907,600,307,3889,2101,1788,3740,1952,1788,149,149,0,3953,2091,1862,3286,1731,1555,667,360,307,538,538,0,447,447,0,91,91,0
31,Cayuga & Onondaga (South) Counties PUMA,463,346,117,311,194,117,152,152,0,0,0,0,0,0,0,0,0,0,463,346,117,311,194,117,152,152,0,0,0,0,0,0,0,0,0,0
32,Nassau County (Southeast)--Oyster Bay Town (South) PUMA,2290,1259,1031,2290,1259,1031,0,0,0,1454,753,701,1454,753,701,0,0,0,740,506,234,740,506,234,0,0,0,96,0,96,96,0,96,0,0,0
33,Fulton & Montgomery Counties PUMA,2622,1038,1584,2551,967,1584,71,71,0,293,64,229,293,64,229,0,0,0,1831,937,894,1760,866,894,71,71,0,498,37,461,498,37,461,0,0,0
34,Onondaga County (Central)--Syracuse City (Outer) PUMA,1330,386,944,1209,386,823,121,0,121,357,241,116,357,241,116,0,0,0,631,145,486,510,145,365,121,0,121,342,0,342,342,0,342,0,0,0
35,NYC-Staten Island Community District 2--New Springville & South Beach PUMA,5829,2971,2858,5230,2608,2622,599,363,236,720,52,668,720,52,668,0,0,0,4828,2728,2100,4229,2365,1864,599,363,236,281,191,90,281,191,90,0,0,0
36,Niagara County (Southwest)--Greater Niagara Falls & North Tonawanda Area PUMA,501,279,222,430,279,151,71,0,71,99,0,99,99,0,99,0,0,0,300,177,123,229,177,52,71,0,71,102,102,0,102,102,0,0,0,0
37,Suffolk County (Central)--Brookhaven Town (Central) PUMA,5726,3564,2162,5436,3274,2162,290,290,0,1170,700,470,1170,700,470,0,0,0,4258,2566,1692,3968,2276,1692,290,290,0,298,298,0,298,298,0,0,0,0
38,"NYC-Bronx Community District 7--Bedford Park, Fordham North & Norwood PUMA",13790,7293,6497,11979,6024,5955,1811,1269,542,2304,929,1375,2203,828,1375,101,101,0,9107,4519,4588,8071,4025,4046,1036,494,542,2379,1845,534,1705,1171,534,674,674,0
39,NYC-Queens Community District 4--Elmhurst & South Corona PUMA,3539,1837,1702,3539,1837,1702,0,0,0,1132,633,499,1132,633,499,0,0,0,2096,1204,892,2096,1204,892,0,0,0,311,0,311,311,0,311,0,0,0
40,"NYC-Brooklyn Community District 6--Park Slope, Carroll Gardens & Red Hook PUMA",3688,2260,1428,3085,1995,1090,603,265,338,2011,981,1030,1567,875,692,444,106,338,1523,1125,398,1376,978,398,147,147,0,154,154,0,142,142,0,12,12,0
41,Suffolk County (Central)--Islip Town (East) PUMA,2238,971,1267,2238,971,1267,0,0,0,780,386,394,780,386,394,0,0,0,1283,410,873,1283,410,873,0,0,0,175,175,0,175,175,0,0,0,0
42,"NYC-Brooklyn Community District 9--Crown Heights South, Prospect Lefferts & Wingate PUMA",2491,1652,839,2179,1340,839,312,312,0,557,312,245,245,0,245,312,312,0,1687,1169,518,1687,1169,518,0,0,0,247,171,76,247,171,76,0,0,0
43,"NYC-Queens Community District 7--Flushing, Murray Hill & Whitestone PUMA",3579,1544,2035,3045,1119,1926,534,425,109,1166,585,581,792,320,472,374,265,109,2143,737,1406,2037,631,1406,106,106,0,270,222,48,216,168,48,54,54,0
44,NYC-Queens Community District 3--Jackson Heights & North Corona PUMA,6906,3816,3090,6540,3761,2779,366,55,311,2229,1324,905,2229,1324,905,0,0,0,4144,2061,2083,3833,2061,1772,311,0,311,533,431,102,478,376,102,55,55,0
45,Saratoga County (Outer) PUMA,912,765,147,912,765,147,0,0,0,256,208,48,256,208,48,0,0,0,656,557,99,656,557,99,0,0,0,0,0,0,0,0,0,0,0,0
46,"NYC-Bronx Community District 12--Wakefield, Williamsbridge & Woodlawn PUMA",5150,2347,2803,4130,1989,2141,1020,358,662,918,269,649,679,269,410,239,0,239,3690,1784,1906,2997,1426,1571,693,358,335,542,294,248,454,294,160,88,0,88
47,"NYC-Brooklyn Community District 15--Sheepshead Bay, Gerritsen Beach & Homecrest PUMA",2751,1319,1432,2590,1261,1329,161,58,103,744,307,437,744,307,437,0,0,0,1672,767,905,1569,767,802,103,0,103,335,245,90,277,187,90,58,58,0
48,Wayne & Seneca Counties PUMA,1200,531,669,890,424,466,310,107,203,483,281,202,483,281,202,0,0,0,626,159,467,316,52,264,310,107,203,91,91,0,91,91,0,0,0,0
49,Schenectady County--Schenectady City PUMA,1665,1175,490,1577,1175,402,88,0,88,158,158,0,158,158,0,0,0,0,1507,1017,490,1419,1017,402,88,0,88,0,0,0,0,0,0,0,0,0
50,NYC-Brooklyn Community District 10--Bay Ridge & Dyker Heights PUMA,4867,2279,2588,4809,2221,2588,58,58,0,2566,1190,1376,2508,1132,1376,58,58,0,2045,939,1106,2045,939,1106,0,0,0,256,150,106,256,150,106,0,0,0
51,Nassau County (Northwest)--North Hempstead Town (North) PUMA,2103,1255,848,2103,1255,848,0,0,0,414,215,199,414,215,199,0,0,0,1582,933,649,1582,933,649,0,0,0,107,107,0,107,107,0,0,0,0
52,Suffolk County (West Central)--Babylon Town (Northwest) PUMA,6878,4289,2589,6330,4119,2211,548,170,378,1852,727,1125,1626,727,899,226,0,226,3957,2572,1385,3738,2505,1233,219,67,152,1069,990,79,966,887,79,103,103,0
53,"NYC-Manhattan Community District 4 & 5--Chelsea, Clinton & Midtown Business District PUMA",6792,3506,3286,5925,3506,2419,867,0,867,3465,1585,1880,2598,1585,1013,867,0,867,2889,1602,1287,2889,1602,1287,0,0,0,438,319,119,438,319,119,0,0,0
54,Columbia & Greene Counties PUMA,113,84,29,113,84,29,0,0,0,0,0,0,0,0,0,0,0,0,113,84,29,113,84,29,0,0,0,0,0,0,0,0,0,0,0,0
55,Rensselaer County--Troy City PUMA,1604,979,625,1604,979,625,0,0,0,118,0,118,118,0,118,0,0,0,1400,893,507,1400,893,507,0,0,0,86,86,0,86,86,0,0,0,0
56,Erie County (West Central)--Buffalo City (West) PUMA,4856,3189,1667,4642,2975,1667,214,214,0,817,439,378,817,439,378,0,0,0,3684,2395,1289,3470,2181,1289,214,214,0,355,355,0,355,355,0,0,0,0
57,Erie County (South) PUMA,494,118,376,494,118,376,0,0,0,164,118,46,164,118,46,0,0,0,284,0,284,284,0,284,0,0,0,46,0,46,46,0,46,0,0,0
58,Oneida County (Central)--Greater Utica & Rome Cities PUMA,2217,754,1463,1709,632,1077,508,122,386,697,115,582,311,115,196,386,0,386,1009,332,677,1009,332,677,0,0,0,511,307,204,389,185,204,122,122,0
59,"NYC-Manhattan Community District 12--Washington Heights, Inwood & Marble Hill PUMA",21807,10915,10892,19789,9259,10530,2018,1656,362,6233,2354,3879,6168,2354,3814,65,0,65,12601,7166,5435,11037,5899,5138,1564,1267,297,2973,1395,1578,2584,1006,1578,389,389,0
60,NYC-Brooklyn Community District 13--Brighton Beach & Coney Island PUMA,5449,3023,2426,4111,2123,1988,1338,900,438,1711,515,1196,1273,515,758,438,0,438,2584,1473,1111,2584,1473,1111,0,0,0,1154,1035,119,254,135,119,900,900,0
61,NYC-Manhattan Community District 10--Central Harlem PUMA,8495,5510,2985,7400,4515,2885,1095,995,100,2146,1332,814,1746,1009,737,400,323,77,4270,2263,2007,3598,1591,2007,672,672,0,2079,1915,164,2056,1915,141,23,0,23
62,Nassau County (West Central)--North Hempstead Town (South) PUMA,3028,1237,1791,3028,1237,1791,0,0,0,896,200,696,896,200,696,0,0,0,1931,943,988,1931,943,988,0,0,0,201,94,107,201,94,107,0,0,0
63,NYC-Brooklyn Community District 16--Brownsville & Ocean Hill PUMA,4838,2649,2189,3988,1950,2038,850,699,151,516,174,342,516,174,342,0,0,0,2778,1388,1390,2627,1388,1239,151,0,151,1544,1087,457,845,388,457,699,699,0
64,Albany County (East Central)--Albany City PUMA,2897,1723,1174,2635,1461,1174,262,262,0,790,325,465,790,325,465,0,0,0,1931,1222,709,1845,1136,709,86,86,0,176,176,0,0,0,0,176,176,0
65,Nassau County (West Central)--Hempstead Town (West Central) PUMA,3238,2095,1143,3192,2095,1097,46,0,46,1180,481,699,1180,481,699,0,0,0,2058,1614,444,2012,1614,398,46,0,46,0,0,0,0,0,0,0,0,0
66,Chemung (South) & Steuben (East) Counties--Greater Elmira & Greater Corning Cities PUMA,716,352,364,716,352,364,0,0,0,0,0,0,0,0,0,0,0,0,716,352,364,716,352,364,0,0,0,0,0,0,0,0,0,0,0,0
67,"NYC-Bronx Community District 3 & 6--Belmont, Crotona Park East & East Tremont PUMA",16735,7027,9708,14260,6022,8238,2475,1005,1470,1865,661,1204,1865,661,1204,0,0,0,10356,4487,5869,8627,3699,4928,1729,788,941,4514,1879,2635,3768,1662,2106,746,217,529
68,"NYC-Bronx Community District 5--Morris Heights, Fordham South & Mount Hope PUMA",9065,3979,5086,8279,3555,4724,786,424,362,2197,1062,1135,2197,1062,1135,0,0,0,5198,1890,3308,4613,1554,3059,585,336,249,1670,1027,643,1469,939,530,201,88,113
69,"NYC-Bronx Community District 8--Riverdale, Fieldston & Kingsbridge PUMA",11708,6041,5667,10870,5545,5325,838,496,342,3916,1636,2280,3916,1636,2280,0,0,0,6555,3258,3297,5910,2955,2955,645,303,342,1237,1147,90,1044,954,90,193,193,0
70,Erie County (Northeast) PUMA,457,400,57,457,400,57,0,0,0,224,224,0,224,224,0,0,0,0,233,176,57,233,176,57,0,0,0,0,0,0,0,0,0,0,0,0
71,NYC-Manhattan Community District 11--East Harlem PUMA,11835,5398,6437,10630,4911,5719,1205,487,718,4325,1252,3073,4186,1113,3073,139,139,0,6420,3144,3276,5354,2796,2558,1066,348,718,1090,1002,88,1090,1002,88,0,0,0
72,Orange County (Southeast) PUMA,6557,3793,2764,6505,3741,2764,52,52,0,1461,563,898,1461,563,898,0,0,0,4924,3058,1866,4872,3006,1866,52,52,0,172,172,0,172,172,0,0,0,0
73,Westchester County (Southeast) PUMA,2962,1504,1458,2831,1373,1458,131,131,0,1762,782,980,1762,782,980,0,0,0,1200,722,478,1069,591,478,131,131,0,0,0,0,0,0,0,0,0,0
74,NYC-Queens Community District 1--Astoria & Long Island City PUMA,8344,4401,3943,7634,3793,3841,710,608,102,3995,1667,2328,3876,1579,2297,119,88,31,3748,2393,1355,3327,1972,1355,421,421,0,601,341,260,431,242,189,170,99,71
75,Livingston & Wyoming Counties PUMA,397,366,31,397,366,31,0,0,0,91,80,11,91,80,11,0,0,0,125,105,20,125,105,20,0,0,0,181,181,0,181,181,0,0,0,0
76,Suffolk County (Central)--Brookhaven Town (West Central) PUMA,4070,2271,1799,3634,2070,1564,436,201,235,745,288,457,745,288,457,0,0,0,2601,1461,1140,2165,1260,905,436,201,235,724,522,202,724,522,202,0,0,0
77,Westchester County (Southwest)--Yonkers City PUMA,13109,6223,6886,12081,5955,6126,1028,268,760,5112,2817,2295,4768,2670,2098,344,147,197,5884,2772,3112,5235,2651,2584,649,121,528,2113,634,1479,2078,634,1444,35,0,35
78,Erie County (North Central) PUMA,171,116,55,171,116,55,0,0,0,55,0,55,55,0,55,0,0,0,116,116,0,116,116,0,0,0,0,0,0,0,0,0,0,0,0,0
79,Saratoga County (South & Central) PUMA,1109,941,168,1109,941,168,0,0,0,468,468,0,468,468,0,0,0,0,641,473,168,641,473,168,0,0,0,0,0,0,0,0,0,0,0,0
80,Suffolk County (South Central)--Brookhaven Town (South) PUMA,4037,1823,2214,3678,1580,2098,359,243,116,682,123,559,682,123,559,0,0,0,3064,1515,1549,2705,1272,1433,359,243,116,291,185,106,291,185,106,0,0,0
81,"NYC-Staten Island Community District 3--Tottenville, Great Kills & Annadale PUMA",4800,2122,2678,4722,2044,2678,78,78,0,1547,480,1067,1547,480,1067,0,0,0,2969,1499,1470,2891,1421,1470,78,78,0,284,143,141,284,143,141,0,0,0
82,Herkimer (North & Central) & Oneida (Outer) Counties PUMA,790,646,144,646,502,144,144,144,0,17,17,0,17,17,0,0,0,0,721,577,144,577,433,144,144,144,0,52,52,0,52,52,0,0,0,0
83,Niagara County (North & East) PUMA,824,788,36,824,788,36,0,0,0,236,236,0,236,236,0,0,0,0,388,352,36,388,352,36,0,0,0,200,200,0,200,200,0,0,0,0
84,Monroe County (Central)--Rochester City (East) PUMA,5221,2520,2701,4221,2103,2118,1000,417,583,316,75,241,316,75,241,0,0,0,3076,1107,1969,2310,690,1620,766,417,349,1829,1338,491,1595,1338,257,234,0,234
85,Warren & Washington Counties PUMA,344,283,61,344,283,61,0,0,0,0,0,0,0,0,0,0,0,0,344,283,61,344,283,61,0,0,0,0,0,0,0,0,0,0,0,0
86,Nassau County (Southwest)--Hempstead Town (Southwest) & Long Beach City PUMA,1753,1104,649,1753,1104,649,0,0,0,279,153,126,279,153,126,0,0,0,1474,951,523,1474,951,523,0,0,0,0,0,0,0,0,0,0,0,0
87,NYC-Brooklyn Community District 8--Crown Heights North & Prospect Heights PUMA,4464,2746,1718,4080,2494,1586,384,252,132,2123,1339,784,1890,1156,734,233,183,50,1883,1209,674,1883,1209,674,0,0,0,458,198,260,307,129,178,151,69,82
88,Onondaga County (Central)--Syracuse City PUMA,2061,899,1162,1857,806,1051,204,93,111,296,32,264,296,32,264,0,0,0,1194,635,559,1083,635,448,111,0,111,571,232,339,478,139,339,93,93,0
89,Westchester County (Central)--White Plains City PUMA,6227,3707,2520,6141,3707,2434,86,0,86,2053,918,1135,1967,918,1049,86,0,86,4174,2789,1385,4174,2789,1385,0,0,0,0,0,0,0,0,0,0,0,0
90,NYC-Brooklyn Community District 3--Bedford-Stuyvesant PUMA,4411,2179,2232,3506,1715,1791,905,464,441,1931,908,1023,1931,908,1023,0,0,0,2223,1094,1129,1487,719,768,736,375,361,257,177,80,88,88,0,169,89,80
91,"NYC-Bronx Community District 1 & 2--Hunts Point, Longwood & Melrose PUMA",13355,5307,8048,11965,4818,7147,1390,489,901,2119,964,1155,1978,823,1155,141,141,0,8348,3196,5152,7854,2974,4880,494,222,272,2888,1147,1741,2133,1021,1112,755,126,629
92,Cattaraugus & Allegany Counties PUMA,373,103,270,373,103,270,0,0,0,142,0,142,142,0,142,0,0,0,136,8,128,136,8,128,0,0,0,95,95,0,95,95,0,0,0,0
93,Oswego County PUMA,431,53,378,431,53,378,0,0,0,431,53,378,431,53,378,0,0,0,0,0,0,0,0,0,0,0,0,0,0,0,0,0,0,0,0,0
94,"NYC-Queens Community District 5--Ridgewood, Glendale & Middle Village PUMA",11817,5932,5885,11193,5664,5529,624,268,356,2448,1361,1087,2448,1361,1087,0,0,0,7719,3878,3841,7424,3786,3638,295,92,203,1650,693,957,1321,517,804,329,176,153
95,Monroe County (East) PUMA,1735,719,1016,1735,719,1016,0,0,0,581,127,454,581,127,454,0,0,0,884,322,562,884,322,562,0,0,0,270,270,0,270,270,0,0,0,0
96,Westchester County (South Central)--New Rochelle & Mount Vernon Cities PUMA,4111,1940,2171,3953,1940,2013,158,0,158,1956,762,1194,1909,762,1147,47,0,47,1915,1178,737,1804,1178,626,111,0,111,240,0,240,240,0,240,0,0,0
97,"NYC-Queens Community District 14--Far Rockaway, Breezy Point & Broad Channel PUMA",6196,2750,3446,5722,2750,2972,474,0,474,983,300,683,865,300,565,118,0,118,4533,2378,2155,4177,2378,1799,356,0,356,680,72,608,680,72,608,0,0,0
98,"NYC-Brooklyn Community District 12--Borough Park, Kensington & Ocean Parkway PUMA",2306,1339,967,2306,1339,967,0,0,0,437,77,360,437,77,360,0,0,0,1668,1262,406,1668,1262,406,0,0,0,201,0,201,201,0,201,0,0,0
99,"NYC-Bronx Community District 10--Co-op City, Pelham Bay & Schuylerville PUMA",14358,5550,8808,13815,5193,8622,543,357,186,4326,1342,2984,4326,1342,2984,0,0,0,8957,3730,5227,8620,3579,5041,337,151,186,1075,478,597,869,272,597,206,206,0
100,"NYC-Queens Community District 11--Bayside, Douglaston & Little Neck PUMA",3214,1956,1258,2691,1502,1189,523,454,69,1805,812,993,1736,812,924,69,0,69,1329,1102,227,875,648,227,454,454,0,80,42,38,80,42,38,0,0,0
101,"NYC-Manhattan Community District 6--Murray Hill, Gramercy & Stuyvesant Town PUMA",2078,1252,826,2078,1252,826,0,0,0,1683,857,826,1683,857,826,0,0,0,395,395,0,395,395,0,0,0,0,0,0,0,0,0,0,0,0,0
102,Chautauqua County PUMA,2188,1105,1083,1654,571,1083,534,534,0,352,213,139,352,213,139,0,0,0,1480,698,782,1140,358,782,340,340,0,356,194,162,162,0,162,194,194,0
103,NYC-Brooklyn Community District 18--Canarsie & Flatlands PUMA,2936,1679,1257,2741,1574,1167,195,105,90,970,294,676,970,294,676,0,0,0,1966,1385,581,1771,1280,491,195,105,90,0,0,0,0,0,0,0,0,0
104,Erie County (West Central)--Buffalo City (East) PUMA,1592,520,1072,1476,520,956,116,0,116,0,0,0,0,0,0,0,0,0,1116,158,958,1000,158,842,116,0,116,476,362,114,476,362,114,0,0,0
105,Genesee & Orleans Counties PUMA,701,593,108,649,593,56,52,0,52,172,142,30,172,142,30,0,0,0,173,95,78,121,95,26,52,0,52,356,356,0,356,356,0,0,0,0
106,"NYC-Staten Island Community District 1--Port Richmond, Stapleton & Mariner's Harbor PUMA",9679,4321,5358,9414,4168,5246,265,153,112,2167,960,1207,2083,876,1207,84,84,0,6468,3142,3326,6356,3142,3214,112,0,112,1044,219,825,975,150,825,69,69,0
107,"Steuben (North & West), Schuyler & Chemung (North) Counties PUMA",301,178,123,242,119,123,59,59,0,119,119,0,119,119,0,0,0,0,182,59,123,123,0,123,59,59,0,0,0,0,0,0,0,0,0,0
108,Nassau County (South Central)--Hempstead Town (Southeast) PUMA,3154,1836,1318,3022,1757,1265,132,79,53,1245,600,645,1192,600,592,53,0,53,1909,1236,673,1830,1157,673,79,79,0,0,0,0,0,0,0,0,0,0
109,"NYC-Bronx Community District 9--Castle Hill, Clason Point & Parkchester PUMA",21888,10355,11533,19799,9763,10036,2089,592,1497,4734,1808,2926,4734,1808,2926,0,0,0,14035,7231,6804,12977,6944,6033,1058,287,771,3119,1316,1803,2088,1011,1077,1031,305,726
110,Suffolk County (East) PUMA,1182,684,498,1182,684,498,0,0,0,241,241,0,241,241,0,0,0,0,851,353,498,851,353,498,0,0,0,90,90,0,90,90,0,0,0,0
111,Orange County (Northwest) PUMA,6678,3721,2957,6542,3653,2889,136,68,68,2285,1067,1218,2217,1067,1150,68,0,68,3325,2141,1184,3257,2073,1184,68,68,0,1068,513,555,1068,513,555,0,0,0
112,Broome County (West Central)--Greater Binghamton City & Greater Johnson City Village PUMA,1586,678,908,1586,678,908,0,0,0,911,246,665,911,246,665,0,0,0,598,432,166,598,432,166,0,0,0,77,0,77,77,0,77,0,0,0
113,"NYC-Bronx Community District 11--Pelham Parkway, Morris Park & Laconia PUMA",16003,8051,7952,14751,7592,7159,1252,459,793,3938,1107,2831,3783,1053,2730,155,54,101,9177,5182,3995,8536,4777,3759,641,405,236,2888,1762,1126,2432,1762,670,456,0,456
114,Suffolk County (Northwest)--Smithtown Town PUMA,2784,1403,1381,2728,1403,1325,56,0,56,1394,587,807,1338,587,751,56,0,56,1390,816,574,1390,816,574,0,0,0,0,0,0,0,0,0,0,0,0
115,Ulster County (East) PUMA,2628,1167,1461,2499,1038,1461,129,129,0,769,355,414,769,355,414,0,0,0,1853,806,1047,1730,683,1047,123,123,0,6,6,0,0,0,0,6,6,0
116,Westchester County (Northeast) PUMA,1984,1275,709,1874,1165,709,110,110,0,958,585,373,848,475,373,110,110,0,681,526,155,681,526,155,0,0,0,345,164,181,345,164,181,0,0,0
117,NYC-Brooklyn Community District 4--Bushwick PUMA,15164,8975,6189,13622,7675,5947,1542,1300,242,3118,977,2141,3118,977,2141,0,0,0,8968,5738,3230,8196,4966,3230,772,772,0,3078,2260,818,2308,1732,576,770,528,242
118,NYC-Manhattan Community District 3--Chinatown & Lower East Side PUMA,10620,5765,4855,9750,5314,4436,870,451,419,4143,2194,1949,3929,2194,1735,214,0,214,6253,3482,2771,5597,3031,2566,656,451,205,224,89,135,224,89,135,0,0,0
119,Dutchess County (North & East) PUMA,2376,1679,697,2173,1616,557,203,63,140,515,343,172,452,343,109,63,0,63,1660,1234,426,1520,1171,349,140,63,77,201,102,99,201,102,99,0,0,0
120,Nassau County (Central)--Hempstead Town (North Central)--Meadowbrook Corridor PUMA,4661,2242,2419,4661,2242,2419,0,0,0,1970,967,1003,1970,967,1003,0,0,0,2568,1152,1416,2568,1152,1416,0,0,0,123,123,0,123,123,0,0,0,0
121,Broome (Outer West) & Tioga Counties PUMA,254,89,165,254,89,165,0,0,0,52,0,52,52,0,52,0,0,0,121,8,113,121,8,113,0,0,0,81,81,0,81,81,0,0,0,0
122,"Rockland County (South)--Orangetown, Clarkstown (South) & Ramapo (Southeast) Towns PUMA",3761,2704,1057,3533,2476,1057,228,228,0,1016,412,604,1016,412,604,0,0,0,2654,2214,440,2426,1986,440,228,228,0,91,78,13,91,78,13,0,0,0
123,"NYC-Brooklyn Community District 17--East Flatbush, Farragut & Rugby PUMA",1392,812,580,1301,721,580,91,91,0,201,45,156,201,45,156,0,0,0,1143,756,387,1063,676,387,80,80,0,48,11,37,37,0,37,11,11,0
124,Orange County (Northeast)--Greater Newburgh City PUMA,6864,3695,3169,6711,3542,3169,153,153,0,2066,1123,943,2066,1123,943,0,0,0,3974,2182,1792,3821,2029,1792,153,153,0,824,390,434,824,390,434,0,0,0
125,"NYC-Manhattan Community District 1 & 2--Battery Park City, Greenwich Village & Soho PUMA",2563,1017,1546,2433,1017,1416,130,0,130,2153,769,1384,2023,769,1254,130,0,130,410,248,162,410,248,162,0,0,0,0,0,0,0,0,0,0,0,0
126,NYC-Queens Community District 6--Forest Hills & Rego Park PUMA,3752,1677,2075,3752,1677,2075,0,0,0,2507,667,1840,2507,667,1840,0,0,0,1054,819,235,1054,819,235,0,0,0,191,191,0,191,191,0,0,0,0
127,Onondaga County (North) PUMA,908,670,238,844,606,238,64,64,0,689,606,83,689,606,83,0,0,0,219,64,155,155,0,155,64,64,0,0,0,0,0,0,0,0,0,0
128,Nassau County (Northeast)--Oyster Bay Town (North) & Glen Cove City PUMA,1422,899,523,1313,790,523,109,109,0,425,365,60,316,256,60,109,109,0,997,534,463,997,534,463,0,0,0,0,0,0,0,0,0,0,0,0
129,Monroe County (North & West) PUMA,814,0,814,660,0,660,154,0,154,660,0,660,660,0,660,0,0,0,154,0,154,0,0,0,154,0,154,0,0,0,0,0,0,0,0,0
130,Sullivan & Ulster (West) Counties PUMA,2601,1368,1233,1980,810,1170,621,558,63,167,104,63,104,104,0,63,0,63,1829,1023,806,1512,706,806,317,317,0,605,241,364,364,0,364,241,241,0
131,Suffolk County (Southwest)--Babylon Town (Southeast) PUMA,3604,2123,1481,3505,2123,1382,99,0,99,1229,341,888,1229,341,888,0,0,0,2241,1782,459,2142,1782,360,99,0,99,134,0,134,134,0,134,0,0,0
132,Suffolk County (Northwest)--Huntington Town (North) PUMA,720,170,550,720,170,550,0,0,0,429,170,259,429,170,259,0,0,0,291,0,291,291,0,291,0,0,0,0,0,0,0,0,0,0,0,0
133,"NYC-Queens Community District 12--Jamaica, Hollis & St. Albans PUMA",6715,3248,3467,6685,3218,3467,30,30,0,1009,307,702,1009,307,702,0,0,0,5429,2710,2719,5429,2710,2719,0,0,0,277,231,46,247,201,46,30,30,0
134,"NYC-Queens Community District 13--Queens Village, Cambria Heights & Rosedale PUMA",6862,3039,3823,6533,2947,3586,329,92,237,1450,621,829,1358,529,829,92,92,0,5194,2355,2839,5112,2355,2757,82,0,82,218,63,155,63,63,0,155,0,155
135,Monroe County (Central)--Rochester City (West) PUMA,3029,1178,1851,2506,826,1680,523,352,171,369,164,205,369,164,205,0,0,0,1819,539,1280,1656,376,1280,163,163,0,841,475,366,481,286,195,360,189,171
136,NYC-Queens Community District 10--Howard Beach & Ozone Park PUMA,6824,3921,2903,6692,3789,2903,132,132,0,1231,735,496,1231,735,496,0,0,0,5210,2803,2407,5210,2803,2407,0,0,0,383,383,0,251,251,0,132,132,0
137,Suffolk County (Central)--Islip Town (Northwest) PUMA,7896,3460,4436,7644,3349,4295,252,111,141,1375,533,842,1375,533,842,0,0,0,5154,2142,3012,4902,2031,2871,252,111,141,1367,785,582,1367,785,582,0,0,0
138,Putnam County PUMA,3054,1493,1561,2888,1327,1561,166,166,0,1216,758,458,1216,758,458,0,0,0,1699,735,964,1533,569,964,166,166,0,139,0,139,139,0,139,0,0,0
139,NYC-Queens Community District 2--Sunnyside & Woodside PUMA,7614,4990,2624,7061,4582,2479,553,408,145,2351,1081,1270,2272,1002,1270,79,79,0,4302,3093,1209,4101,2892,1209,201,201,0,961,816,145,688,688,0,273,128,145
140,Nassau County (Central)--Hempstead Town (East Central) PUMA,2052,1507,545,2052,1507,545,0,0,0,682,391,291,682,391,291,0,0,0,972,775,197,972,775,197,0,0,0,398,341,57,398,341,57,0,0,0
141,Suffolk County (Northwest)--Huntington Town (South) PUMA,845,512,333,845,512,333,0,0,0,496,285,211,496,285,211,0,0,0,159,159,0,159,159,0,0,0,0,190,68,122,190,68,122,0,0,0
142,"NYC-Bronx Community District 4--Concourse, Highbridge & Mount Eden PUMA",9114,3847,5267,8290,3165,5125,824,682,142,1351,535,816,1209,535,674,142,0,142,6321,2408,3913,5959,2046,3913,362,362,0,1442,904,538,1122,584,538,320,320,0
143,Nassau County (Central)--Hempstead Town (Northeast) PUMA,2612,487,2125,2261,487,1774,351,0,351,1256,268,988,905,268,637,351,0,351,1273,219,1054,1273,219,1054,0,0,0,83,0,83,83,0,83,0,0,0
144,NYC-Brooklyn Community District 14--Flatbush & Midwood PUMA,3854,2007,1847,3681,1917,1764,173,90,83,1570,620,950,1487,620,867,83,0,83,2078,1181,897,1988,1091,897,90,90,0,206,206,0,206,206,0,0,0,0
145,"Rockland County (West)--Spring Valley, Suffern Villages & Monsey PUMA",989,423,566,989,423,566,0,0,0,277,210,67,277,210,67,0,0,0,654,155,499,654,155,499,0,0,0,58,58,0,58,58,0,0,0,0
146,Capital Region,11323,7028,4295,10244,6428,3816,1079,600,479,2926,1403,1523,2926,1403,1523,0,0,0,8045,5273,2772,7142,4849,2293,903,424,479,352,352,0,176,176,0,176,176,0
147,Central NY,6233,2971,3262,5593,2563,3030,640,408,232,2217,1084,1133,2217,1084,1133,0,0,0,3059,1611,1448,2512,1296,1216,547,315,232,957,276,681,864,183,681,93,93,0
148,Finger Lakes,18442,9532,8910,15979,8458,7521,2463,1074,1389,4028,1481,2547,4028,1481,2547,0,0,0,10633,5195,5438,8764,4310,4454,1869,885,984,3781,2856,925,3187,2667,520,594,189,405
149,Long Island,77565,40967,36598,74107,39328,34779,3458,1639,1819,24785,11050,13735,23419,10505,12914,1366,545,821,46165,25499,20666,44176,24508,19668,1989,991,998,6615,4418,2197,6512,4315,2197,103,103,0
150,Mid-Hudson,79079,42116,36963,75060,39813,35247,4019,2303,1716,26032,12180,13852,25142,11923,13219,890,257,633,45924,26932,18992,43077,25133,17944,2847,1799,1048,7123,3004,4119,6841,2757,4084,282,247,35
151,Mohawk Valley,6548,2975,3573,5594,2638,2956,954,337,617,1196,268,928,810,268,542,386,0,386,4027,2278,1749,3812,2063,1749,215,215,0,1325,429,896,972,307,665,353,122,231
152,New York City,416437,208613,207824,380009,187919,192090,36428,20694,15734,122545,52722,69823,116495,50225,66270,6050,2497,3553,243925,126691,117234,224343,115186,109157,19582,11505,8077,49967,29200,20767,39171,22508,16663,10796,6692,4104
153,North Country,2641,1577,1064,2290,1517,773,351,60,291,464,236,228,464,236,228,0,0,0,2177,1341,836,1826,1281,545,351,60,291,0,0,0,0,0,0,0,0,0
154,Southern Tier,4789,2161,2628,4400,1881,2519,389,280,109,2076,806,1270,2076,806,1270,0,0,0,2472,1191,1281,2146,974,1172,326,217,109,241,164,77,178,101,77,63,63,0
155,Western NY,14569,8006,6563,13129,6822,6307,1440,1184,256,2599,1363,1236,2466,1299,1167,133,64,69,10093,5158,4935,8980,4232,4748,1113,926,187,1877,1485,392,1683,1291,392,194,194,0
