,puma,Total_geo,Total_geo_m,Total_geo_f,Total_FT_mf_t,Total_FT_m,Total_FT_f,Total_PT_mf_t,Total_PT_m,Total_PT_f,Total_BABS,Total_BABS_m,Total_BABS_f,BABS_FT_mf_t,BABS_FT_m,BABS_FT_f,BABS_PT_mf_t,BABS_PT_m,BABS_PT_f,Total_HS,Total_HS_m,Total_HS_f,HS_FT_mf_t,HS_FT_m,HS_FT_f,HS_PT_mf_t,HS_PT_m,HS_PT_f,Total_HSINC,Total_HSINC_m,Total_HSINC_f,HSINC_FT_mf_t,HSINC_FT_m,HSINC_FT_f,HSINC_PT_mf_t,HSINC_PT_m,HSINC_PT_f
0,Total Geo,467171,270583,196588,388165,242316,145849,79006,28267,50739,98748,45033,53715,85500,40852,44648,13248,4181,9067,261337,148064,113273,213067,131500,81567,48270,16564,31706,107086,77486,29600,89598,69964,19634,17488,7522,9966
1,NYC-Manhattan Community District 7--Upper West Side & West Side PUMA,2432,1831,601,2229,1628,601,203,203,0,2141,1540,601,1938,1337,601,203,203,0,291,291,0,291,291,0,0,0,0,0,0,0,0,0,0,0,0,0
2,Nassau County (West Central)--Hempstead Town (Northwest) PUMA,3184,1250,1934,2369,1005,1364,815,245,570,473,213,260,234,213,21,239,0,239,2388,714,1674,1812,469,1343,576,245,331,323,323,0,323,323,0,0,0,0
3,NYC-Brooklyn Community District 2--Brooklyn Heights & Fort Greene PUMA,637,250,387,637,250,387,0,0,0,267,208,59,267,208,59,0,0,0,370,42,328,370,42,328,0,0,0,0,0,0,0,0,0,0,0,0
4,Madison & Cortland Counties PUMA,0,0,0,0,0,0,0,0,0,0,0,0,0,0,0,0,0,0,0,0,0,0,0,0,0,0,0,0,0,0,0,0,0,0,0,0
5,Ontario & Yates Counties PUMA,92,92,0,92,92,0,0,0,0,0,0,0,0,0,0,0,0,0,0,0,0,0,0,0,0,0,0,92,92,0,92,92,0,0,0,0
6,Monroe County (Central)--Greece & Gates Towns PUMA,0,0,0,0,0,0,0,0,0,0,0,0,0,0,0,0,0,0,0,0,0,0,0,0,0,0,0,0,0,0,0,0,0,0,0,0
7,Nassau County (East Central)--Oyster Bay Town (Central) PUMA,777,176,601,777,176,601,0,0,0,356,112,244,356,112,244,0,0,0,350,64,286,350,64,286,0,0,0,71,0,71,71,0,71,0,0,0
8,"Clinton, Franklin, Essex & Hamilton Counties PUMA",381,288,93,199,199,0,182,89,93,0,0,0,0,0,0,0,0,0,381,288,93,199,199,0,182,89,93,0,0,0,0,0,0,0,0,0
9,NYC-Manhattan Community District 8--Upper East Side PUMA,2429,1180,1249,2059,1180,879,370,0,370,1808,709,1099,1438,709,729,370,0,370,357,207,150,357,207,150,0,0,0,264,264,0,264,264,0,0,0,0
10,Suffolk County (Southwest)--Islip Town (South) PUMA,1398,326,1072,1398,326,1072,0,0,0,63,63,0,63,63,0,0,0,0,309,250,59,309,250,59,0,0,0,1026,13,1013,1026,13,1013,0,0,0
11,Erie County (Northwest) PUMA,223,223,0,223,223,0,0,0,0,0,0,0,0,0,0,0,0,0,223,223,0,223,223,0,0,0,0,0,0,0,0,0,0,0,0,0
12,"NYC-Queens Community District 8--Briarwood, Fresh Meadows & Hillcrest PUMA",6729,3675,3054,6601,3675,2926,128,0,128,2389,1118,1271,2261,1118,1143,128,0,128,2579,1288,1291,2579,1288,1291,0,0,0,1761,1269,492,1761,1269,492,0,0,0
13,NYC-Brooklyn Community District 5--East New York & Starrett City PUMA,9799,5452,4347,8443,4941,3502,1356,511,845,1125,680,445,1069,624,445,56,56,0,6822,4027,2795,6088,3676,2412,734,351,383,1852,745,1107,1286,641,645,566,104,462
14,Rockland County (North)--New City & Congers PUMA,3629,2200,1429,3245,1915,1330,384,285,99,69,0,69,69,0,69,0,0,0,2817,1529,1288,2551,1362,1189,266,167,99,743,671,72,625,553,72,118,118,0
15,"Otsego, Schoharie, Oneida (South) & Herkimer (South) Counties PUMA",40,18,22,29,7,22,11,11,0,15,0,15,15,0,15,0,0,0,7,0,7,7,0,7,0,0,0,18,18,0,7,7,0,11,11,0
16,NYC-Brooklyn Community District 7--Sunset Park & Windsor Terrace PUMA,7054,4518,2536,5736,3863,1873,1318,655,663,1080,581,499,1080,581,499,0,0,0,3377,1979,1398,2429,1543,886,948,436,512,2597,1958,639,2227,1739,488,370,219,151
17,NYC-Brooklyn Community District 11--Bensonhurst & Bath Beach PUMA,4457,2828,1629,3794,2696,1098,663,132,531,707,474,233,575,342,233,132,132,0,2482,1393,1089,2042,1393,649,440,0,440,1268,961,307,1177,961,216,91,0,91
18,Tompkins County PUMA,11,11,0,11,11,0,0,0,0,0,0,0,0,0,0,0,0,0,0,0,0,0,0,0,0,0,0,11,11,0,11,11,0,0,0,0
19,Dutchess County (Southwest) PUMA,1922,1323,599,1858,1323,535,64,0,64,88,88,0,88,88,0,0,0,0,1178,579,599,1114,579,535,64,0,64,656,656,0,656,656,0,0,0,0
20,NYC-Queens Community District 9--Richmond Hill & Woodhaven PUMA,11833,6742,5091,10188,6228,3960,1645,514,1131,3103,1337,1766,2690,1337,1353,413,0,413,7400,4269,3131,6432,3825,2607,968,444,524,1330,1136,194,1066,1066,0,264,70,194
21,Westchester County (Northwest) PUMA,6584,5162,1422,5108,4571,537,1476,591,885,501,454,47,441,394,47,60,60,0,4075,2700,1375,3101,2611,490,974,89,885,2008,2008,0,1566,1566,0,442,442,0
22,Albany County (Outside Albany City) PUMA,623,304,319,488,304,184,135,0,135,219,219,0,219,219,0,0,0,0,220,85,135,85,85,0,135,0,135,184,0,184,184,0,184,0,0,0
23,Monroe County (South) PUMA,1081,684,397,778,684,94,303,0,303,94,0,94,94,0,94,0,0,0,498,327,171,327,327,0,171,0,171,489,357,132,357,357,0,132,0,132
24,Jefferson & Lewis Counties PUMA,1223,687,536,709,687,22,514,0,514,525,503,22,525,503,22,0,0,0,698,184,514,184,184,0,514,0,514,0,0,0,0,0,0,0,0,0
25,"Chenango, Delaware & Broome (East) Counties PUMA",64,41,23,41,41,0,23,0,23,0,0,0,0,0,0,0,0,0,23,0,23,0,0,0,23,0,23,41,41,0,41,41,0,0,0,0
26,Erie County (Central) PUMA,542,357,185,394,209,185,148,148,0,169,93,76,169,93,76,0,0,0,373,264,109,225,116,109,148,148,0,0,0,0,0,0,0,0,0,0
27,St. Lawrence County PUMA,62,62,0,62,62,0,0,0,0,62,62,0,62,62,0,0,0,0,0,0,0,0,0,0,0,0,0,0,0,0,0,0,0,0,0,0
28,"NYC-Manhattan Community District 9--Hamilton Heights, Manhattanville & West Harlem PUMA",9302,5495,3807,8716,5495,3221,586,0,586,2291,1386,905,1937,1386,551,354,0,354,3859,2205,1654,3786,2205,1581,73,0,73,3152,1904,1248,2993,1904,1089,159,0,159
29,Suffolk County (North Central)--Brookhaven Town (North) PUMA,961,517,444,767,517,250,194,0,194,486,178,308,385,178,207,101,0,101,287,151,136,194,151,43,93,0,93,188,188,0,188,188,0,0,0,0
30,NYC-Brooklyn Community District 1--Greenpoint & Williamsburg PUMA,5726,3201,2525,3920,2438,1482,1806,763,1043,1280,634,646,730,213,517,550,421,129,2965,1701,1264,1709,1359,350,1256,342,914,1481,866,615,1481,866,615,0,0,0
31,Cayuga & Onondaga (South) Counties PUMA,526,437,89,526,437,89,0,0,0,382,293,89,382,293,89,0,0,0,144,144,0,144,144,0,0,0,0,0,0,0,0,0,0,0,0,0
32,Nassau County (Southeast)--Oyster Bay Town (South) PUMA,1598,864,734,1033,500,533,565,364,201,181,181,0,181,181,0,0,0,0,1417,683,734,852,319,533,565,364,201,0,0,0,0,0,0,0,0,0
33,Fulton & Montgomery Counties PUMA,0,0,0,0,0,0,0,0,0,0,0,0,0,0,0,0,0,0,0,0,0,0,0,0,0,0,0,0,0,0,0,0,0,0,0,0
34,Onondaga County (Central)--Syracuse City (Outer) PUMA,485,317,168,242,150,92,243,167,76,134,42,92,134,42,92,0,0,0,142,66,76,66,66,0,76,0,76,209,209,0,42,42,0,167,167,0
35,NYC-Staten Island Community District 2--New Springville & South Beach PUMA,1291,964,327,1048,896,152,243,68,175,125,78,47,78,78,0,47,0,47,1091,811,280,895,743,152,196,68,128,75,75,0,75,75,0,0,0,0
36,Niagara County (Southwest)--Greater Niagara Falls & North Tonawanda Area PUMA,358,358,0,358,358,0,0,0,0,0,0,0,0,0,0,0,0,0,358,358,0,358,358,0,0,0,0,0,0,0,0,0,0,0,0,0
37,Suffolk County (Central)--Brookhaven Town (Central) PUMA,4548,2534,2014,3524,2365,1159,1024,169,855,333,128,205,128,128,0,205,0,205,2589,1496,1093,1770,1327,443,819,169,650,1626,910,716,1626,910,716,0,0,0
38,"NYC-Bronx Community District 7--Bedford Park, Fordham North & Norwood PUMA",8561,4267,4294,7186,4088,3098,1375,179,1196,1746,811,935,1746,811,935,0,0,0,4337,2327,2010,3603,2327,1276,734,0,734,2478,1129,1349,1837,950,887,641,179,462
39,NYC-Queens Community District 4--Elmhurst & South Corona PUMA,12644,9009,3635,9673,7423,2250,2971,1586,1385,1731,960,771,1381,738,643,350,222,128,7883,5603,2280,6139,4860,1279,1744,743,1001,3030,2446,584,2153,1825,328,877,621,256
40,"NYC-Brooklyn Community District 6--Park Slope, Carroll Gardens & Red Hook PUMA",1773,570,1203,1353,570,783,420,0,420,1773,570,1203,1353,570,783,420,0,420,0,0,0,0,0,0,0,0,0,0,0,0,0,0,0,0,0,0
41,Suffolk County (Central)--Islip Town (East) PUMA,271,83,188,271,83,188,0,0,0,0,0,0,0,0,0,0,0,0,271,83,188,271,83,188,0,0,0,0,0,0,0,0,0,0,0,0
42,"NYC-Brooklyn Community District 9--Crown Heights South, Prospect Lefferts & Wingate PUMA",1367,440,927,881,440,441,486,0,486,187,105,82,187,105,82,0,0,0,1097,252,845,611,252,359,486,0,486,83,83,0,83,83,0,0,0,0
43,"NYC-Queens Community District 7--Flushing, Murray Hill & Whitestone PUMA",9293,4611,4682,8041,4135,3906,1252,476,776,2312,696,1616,2022,589,1433,290,107,183,5343,2343,3000,4624,2151,2473,719,192,527,1638,1572,66,1395,1395,0,243,177,66
44,NYC-Queens Community District 3--Jackson Heights & North Corona PUMA,24827,15354,9473,22007,14477,7530,2820,877,1943,2177,618,1559,1872,618,1254,305,0,305,17591,10454,7137,15480,9780,5700,2111,674,1437,5059,4282,777,4655,4079,576,404,203,201
45,Saratoga County (Outer) PUMA,294,294,0,294,294,0,0,0,0,294,294,0,294,294,0,0,0,0,0,0,0,0,0,0,0,0,0,0,0,0,0,0,0,0,0,0
46,"NYC-Bronx Community District 12--Wakefield, Williamsbridge & Woodlawn PUMA",4444,2610,1834,4196,2362,1834,248,248,0,644,249,395,644,249,395,0,0,0,3092,1653,1439,2844,1405,1439,248,248,0,708,708,0,708,708,0,0,0,0
47,"NYC-Brooklyn Community District 15--Sheepshead Bay, Gerritsen Beach & Homecrest PUMA",2462,1266,1196,1922,978,944,540,288,252,159,95,64,0,0,0,159,95,64,1961,829,1132,1580,636,944,381,193,188,342,342,0,342,342,0,0,0,0
48,Wayne & Seneca Counties PUMA,0,0,0,0,0,0,0,0,0,0,0,0,0,0,0,0,0,0,0,0,0,0,0,0,0,0,0,0,0,0,0,0,0,0,0,0
49,Schenectady County--Schenectady City PUMA,874,288,586,806,288,518,68,0,68,432,0,432,364,0,364,68,0,68,442,288,154,442,288,154,0,0,0,0,0,0,0,0,0,0,0,0
50,NYC-Brooklyn Community District 10--Bay Ridge & Dyker Heights PUMA,2351,1084,1267,2008,1084,924,343,0,343,585,272,313,585,272,313,0,0,0,1546,812,734,1423,812,611,123,0,123,220,0,220,0,0,0,220,0,220
51,Nassau County (Northwest)--North Hempstead Town (North) PUMA,1147,487,660,1031,487,544,116,0,116,173,0,173,57,0,57,116,0,116,674,487,187,674,487,187,0,0,0,300,0,300,300,0,300,0,0,0
52,Suffolk County (West Central)--Babylon Town (Northwest) PUMA,6109,4260,1849,5148,3641,1507,961,619,342,535,98,437,459,98,361,76,0,76,3921,2949,972,3775,2949,826,146,0,146,1653,1213,440,914,594,320,739,619,120
53,"NYC-Manhattan Community District 4 & 5--Chelsea, Clinton & Midtown Business District PUMA",2558,1684,874,1901,1413,488,657,271,386,1415,1280,135,1144,1009,135,271,271,0,1143,404,739,757,404,353,386,0,386,0,0,0,0,0,0,0,0,0
54,Columbia & Greene Counties PUMA,241,156,85,205,156,49,36,0,36,36,0,36,0,0,0,36,0,36,108,108,0,108,108,0,0,0,0,97,48,49,97,48,49,0,0,0
55,Rensselaer County--Troy City PUMA,266,210,56,266,210,56,0,0,0,79,23,56,79,23,56,0,0,0,151,151,0,151,151,0,0,0,0,36,36,0,36,36,0,0,0,0
56,Erie County (West Central)--Buffalo City (West) PUMA,834,341,493,783,341,442,51,0,51,532,341,191,532,341,191,0,0,0,121,0,121,70,0,70,51,0,51,181,0,181,181,0,181,0,0,0
57,Erie County (South) PUMA,510,166,344,344,0,344,166,166,0,344,0,344,344,0,344,0,0,0,166,166,0,0,0,0,166,166,0,0,0,0,0,0,0,0,0,0
58,Oneida County (Central)--Greater Utica & Rome Cities PUMA,231,0,231,170,0,170,61,0,61,100,0,100,39,0,39,61,0,61,131,0,131,131,0,131,0,0,0,0,0,0,0,0,0,0,0,0
59,"NYC-Manhattan Community District 12--Washington Heights, Inwood & Marble Hill PUMA",23744,13491,10253,20630,12250,8380,3114,1241,1873,3448,1942,1506,2855,1555,1300,593,387,206,15295,7996,7299,13235,7142,6093,2060,854,1206,5001,3553,1448,4540,3553,987,461,0,461
60,NYC-Brooklyn Community District 13--Brighton Beach & Coney Island PUMA,664,188,476,664,188,476,0,0,0,0,0,0,0,0,0,0,0,0,298,0,298,298,0,298,0,0,0,366,188,178,366,188,178,0,0,0
61,NYC-Manhattan Community District 10--Central Harlem PUMA,2833,856,1977,1682,762,920,1151,94,1057,700,175,525,606,81,525,94,94,0,990,0,990,395,0,395,595,0,595,1143,681,462,681,681,0,462,0,462
62,Nassau County (West Central)--North Hempstead Town (South) PUMA,3853,2702,1151,3180,2579,601,673,123,550,766,391,375,523,391,132,243,0,243,2332,1742,590,1902,1619,283,430,123,307,755,569,186,755,569,186,0,0,0
63,NYC-Brooklyn Community District 16--Brownsville & Ocean Hill PUMA,2031,701,1330,1971,701,1270,60,0,60,356,99,257,356,99,257,0,0,0,1302,289,1013,1302,289,1013,0,0,0,373,313,60,313,313,0,60,0,60
64,Albany County (East Central)--Albany City PUMA,895,287,608,895,287,608,0,0,0,0,0,0,0,0,0,0,0,0,608,0,608,608,0,608,0,0,0,287,287,0,287,287,0,0,0,0
65,Nassau County (West Central)--Hempstead Town (West Central) PUMA,3286,2441,845,2879,2136,743,407,305,102,396,300,96,360,300,60,36,0,36,2199,1450,749,1828,1145,683,371,305,66,691,691,0,691,691,0,0,0,0
66,Chemung (South) & Steuben (East) Counties--Greater Elmira & Greater Corning Cities PUMA,104,104,0,104,104,0,0,0,0,0,0,0,0,0,0,0,0,0,104,104,0,104,104,0,0,0,0,0,0,0,0,0,0,0,0,0
67,"NYC-Bronx Community District 3 & 6--Belmont, Crotona Park East & East Tremont PUMA",8905,4665,4240,7325,4191,3134,1580,474,1106,1718,558,1160,1682,558,1124,36,0,36,5695,3228,2467,4621,2754,1867,1074,474,600,1492,879,613,1022,879,143,470,0,470
68,"NYC-Bronx Community District 5--Morris Heights, Fordham South & Mount Hope PUMA",8690,4220,4470,6760,3658,3102,1930,562,1368,1714,579,1135,1376,366,1010,338,213,125,4746,2485,2261,3828,2217,1611,918,268,650,2230,1156,1074,1556,1075,481,674,81,593
69,"NYC-Bronx Community District 8--Riverdale, Fieldston & Kingsbridge PUMA",6278,2820,3458,5110,2684,2426,1168,136,1032,1654,579,1075,1411,443,968,243,136,107,3646,1720,1926,3178,1720,1458,468,0,468,978,521,457,521,521,0,457,0,457
70,Erie County (Northeast) PUMA,0,0,0,0,0,0,0,0,0,0,0,0,0,0,0,0,0,0,0,0,0,0,0,0,0,0,0,0,0,0,0,0,0,0,0,0
71,NYC-Manhattan Community District 11--East Harlem PUMA,3823,1713,2110,2817,1713,1104,1006,0,1006,1164,159,1005,1164,159,1005,0,0,0,1844,965,879,1064,965,99,780,0,780,815,589,226,589,589,0,226,0,226
72,Orange County (Southeast) PUMA,1407,837,570,932,400,532,475,437,38,397,50,347,397,50,347,0,0,0,860,637,223,535,350,185,325,287,38,150,150,0,0,0,0,150,150,0
73,Westchester County (Southeast) PUMA,8119,5717,2402,7067,5051,2016,1052,666,386,2221,943,1278,2058,943,1115,163,0,163,2626,1830,796,2030,1234,796,596,596,0,3272,2944,328,2979,2874,105,293,70,223
74,NYC-Queens Community District 1--Astoria & Long Island City PUMA,8344,4982,3362,7005,4679,2326,1339,303,1036,2677,1473,1204,2238,1339,899,439,134,305,3765,2161,1604,3337,1992,1345,428,169,259,1902,1348,554,1430,1348,82,472,0,472
75,Livingston & Wyoming Counties PUMA,234,188,46,234,188,46,0,0,0,0,0,0,0,0,0,0,0,0,67,31,36,67,31,36,0,0,0,167,157,10,167,157,10,0,0,0
76,Suffolk County (Central)--Brookhaven Town (West Central) PUMA,2432,1326,1106,1875,1249,626,557,77,480,68,0,68,68,0,68,0,0,0,1702,935,767,1222,935,287,480,0,480,662,391,271,585,314,271,77,77,0
77,Westchester County (Southwest)--Yonkers City PUMA,11936,7381,4555,10345,6813,3532,1591,568,1023,1520,469,1051,1520,469,1051,0,0,0,7930,5241,2689,6954,4863,2091,976,378,598,2486,1671,815,1871,1481,390,615,190,425
78,Erie County (North Central) PUMA,506,81,425,506,81,425,0,0,0,385,81,304,385,81,304,0,0,0,121,0,121,121,0,121,0,0,0,0,0,0,0,0,0,0,0,0
79,Saratoga County (South & Central) PUMA,88,0,88,88,0,88,0,0,0,88,0,88,88,0,88,0,0,0,0,0,0,0,0,0,0,0,0,0,0,0,0,0,0,0,0,0
80,Suffolk County (South Central)--Brookhaven Town (South) PUMA,4018,2732,1286,3656,2674,982,362,58,304,380,89,291,380,89,291,0,0,0,2314,1683,631,1952,1625,327,362,58,304,1324,960,364,1324,960,364,0,0,0
81,"NYC-Staten Island Community District 3--Tottenville, Great Kills & Annadale PUMA",303,303,0,175,175,0,128,128,0,86,86,0,86,86,0,0,0,0,217,217,0,89,89,0,128,128,0,0,0,0,0,0,0,0,0,0
82,Herkimer (North & Central) & Oneida (Outer) Counties PUMA,107,107,0,107,107,0,0,0,0,0,0,0,0,0,0,0,0,0,0,0,0,0,0,0,0,0,0,107,107,0,107,107,0,0,0,0
83,Niagara County (North & East) PUMA,71,71,0,71,71,0,0,0,0,0,0,0,0,0,0,0,0,0,71,71,0,71,71,0,0,0,0,0,0,0,0,0,0,0,0,0
84,Monroe County (Central)--Rochester City (East) PUMA,951,430,521,840,380,460,111,50,61,0,0,0,0,0,0,0,0,0,673,430,243,562,380,182,111,50,61,278,0,278,278,0,278,0,0,0
85,Warren & Washington Counties PUMA,55,0,55,55,0,55,0,0,0,55,0,55,55,0,55,0,0,0,0,0,0,0,0,0,0,0,0,0,0,0,0,0,0,0,0,0
86,Nassau County (Southwest)--Hempstead Town (Southwest) & Long Beach City PUMA,2210,1775,435,1882,1447,435,328,328,0,632,278,354,632,278,354,0,0,0,1268,1187,81,991,910,81,277,277,0,310,310,0,259,259,0,51,51,0
87,NYC-Brooklyn Community District 8--Crown Heights North & Prospect Heights PUMA,1737,226,1511,1201,146,1055,536,80,456,1206,146,1060,828,146,682,378,0,378,531,80,451,373,0,373,158,80,78,0,0,0,0,0,0,0,0,0
88,Onondaga County (Central)--Syracuse City PUMA,860,593,267,822,593,229,38,0,38,0,0,0,0,0,0,0,0,0,790,561,229,790,561,229,0,0,0,70,32,38,32,32,0,38,0,38
89,Westchester County (Central)--White Plains City PUMA,6869,3328,3541,5027,2899,2128,1842,429,1413,2558,522,2036,2014,522,1492,544,0,544,2946,1603,1343,2077,1603,474,869,0,869,1365,1203,162,936,774,162,429,429,0
90,NYC-Brooklyn Community District 3--Bedford-Stuyvesant PUMA,2991,1068,1923,2072,850,1222,919,218,701,631,0,631,459,0,459,172,0,172,1887,751,1136,1140,533,607,747,218,529,473,317,156,473,317,156,0,0,0
91,"NYC-Bronx Community District 1 & 2--Hunts Point, Longwood & Melrose PUMA",8046,4896,3150,7483,4842,2641,563,54,509,2174,1051,1123,2005,1051,954,169,0,169,3926,2554,1372,3532,2500,1032,394,54,340,1946,1291,655,1946,1291,655,0,0,0
92,Cattaraugus & Allegany Counties PUMA,0,0,0,0,0,0,0,0,0,0,0,0,0,0,0,0,0,0,0,0,0,0,0,0,0,0,0,0,0,0,0,0,0,0,0,0
93,Oswego County PUMA,80,80,0,0,0,0,80,80,0,80,80,0,0,0,0,80,80,0,0,0,0,0,0,0,0,0,0,0,0,0,0,0,0,0,0,0
94,"NYC-Queens Community District 5--Ridgewood, Glendale & Middle Village PUMA",9182,5709,3473,7691,4699,2992,1491,1010,481,1720,788,932,1521,667,854,199,121,78,5394,3045,2349,4353,2343,2010,1041,702,339,2068,1876,192,1817,1689,128,251,187,64
95,Monroe County (East) PUMA,683,275,408,358,275,83,325,0,325,83,0,83,83,0,83,0,0,0,600,275,325,275,275,0,325,0,325,0,0,0,0,0,0,0,0,0
96,Westchester County (South Central)--New Rochelle & Mount Vernon Cities PUMA,5083,3168,1915,3492,2782,710,1591,386,1205,902,491,411,902,491,411,0,0,0,2923,1629,1294,1542,1243,299,1381,386,995,1258,1048,210,1048,1048,0,210,0,210
97,"NYC-Queens Community District 14--Far Rockaway, Breezy Point & Broad Channel PUMA",3067,1807,1260,2592,1807,785,475,0,475,495,0,495,495,0,495,0,0,0,139,139,0,139,139,0,0,0,0,2433,1668,765,1958,1668,290,475,0,475
98,"NYC-Brooklyn Community District 12--Borough Park, Kensington & Ocean Parkway PUMA",2446,1628,818,1822,1314,508,624,314,310,467,169,298,467,169,298,0,0,0,900,380,520,467,257,210,433,123,310,1079,1079,0,888,888,0,191,191,0
99,"NYC-Bronx Community District 10--Co-op City, Pelham Bay & Schuylerville PUMA",3448,1442,2006,2720,826,1894,728,616,112,1248,0,1248,1248,0,1248,0,0,0,1666,908,758,938,292,646,728,616,112,534,534,0,534,534,0,0,0,0
100,"NYC-Queens Community District 11--Bayside, Douglaston & Little Neck PUMA",2299,1178,1121,1778,1178,600,521,0,521,413,210,203,347,210,137,66,0,66,1724,838,886,1301,838,463,423,0,423,162,130,32,130,130,0,32,0,32
101,"NYC-Manhattan Community District 6--Murray Hill, Gramercy & Stuyvesant Town PUMA",2718,1991,727,2579,1991,588,139,0,139,2718,1991,727,2579,1991,588,139,0,139,0,0,0,0,0,0,0,0,0,0,0,0,0,0,0,0,0,0
102,Chautauqua County PUMA,210,179,31,210,179,31,0,0,0,31,0,31,31,0,31,0,0,0,0,0,0,0,0,0,0,0,0,179,179,0,179,179,0,0,0,0
103,NYC-Brooklyn Community District 18--Canarsie & Flatlands PUMA,2951,1445,1506,2896,1445,1451,55,0,55,1588,330,1258,1533,330,1203,55,0,55,1363,1115,248,1363,1115,248,0,0,0,0,0,0,0,0,0,0,0,0
104,Erie County (West Central)--Buffalo City (East) PUMA,561,308,253,379,308,71,182,0,182,0,0,0,0,0,0,0,0,0,490,308,182,308,308,0,182,0,182,71,0,71,71,0,71,0,0,0
105,Genesee & Orleans Counties PUMA,305,305,0,305,305,0,0,0,0,0,0,0,0,0,0,0,0,0,0,0,0,0,0,0,0,0,0,305,305,0,305,305,0,0,0,0
106,"NYC-Staten Island Community District 1--Port Richmond, Stapleton & Mariner's Harbor PUMA",3143,1090,2053,2559,1090,1469,584,0,584,508,70,438,453,70,383,55,0,55,2346,824,1522,1817,824,993,529,0,529,289,196,93,289,196,93,0,0,0
107,"Steuben (North & West), Schuyler & Chemung (North) Counties PUMA",79,79,0,79,79,0,0,0,0,0,0,0,0,0,0,0,0,0,79,79,0,79,79,0,0,0,0,0,0,0,0,0,0,0,0,0
108,Nassau County (South Central)--Hempstead Town (Southeast) PUMA,2795,1963,832,2576,1744,832,219,219,0,482,330,152,482,330,152,0,0,0,1192,807,385,1192,807,385,0,0,0,1121,826,295,902,607,295,219,219,0
109,"NYC-Bronx Community District 9--Castle Hill, Clason Point & Parkchester PUMA",8139,4056,4083,6330,3265,3065,1809,791,1018,652,328,324,466,328,138,186,0,186,5055,1904,3151,4052,1599,2453,1003,305,698,2432,1824,608,1812,1338,474,620,486,134
110,Suffolk County (East) PUMA,8479,5868,2611,6864,5515,1349,1615,353,1262,1828,1564,264,1615,1564,51,213,0,213,5761,3493,2268,4359,3140,1219,1402,353,1049,890,811,79,890,811,79,0,0,0
111,Orange County (Northwest) PUMA,2164,1742,422,1959,1655,304,205,87,118,0,0,0,0,0,0,0,0,0,1893,1528,365,1688,1441,247,205,87,118,271,214,57,271,214,57,0,0,0
112,Broome County (West Central)--Greater Binghamton City & Greater Johnson City Village PUMA,137,0,137,137,0,137,0,0,0,0,0,0,0,0,0,0,0,0,137,0,137,137,0,137,0,0,0,0,0,0,0,0,0,0,0,0
113,"NYC-Bronx Community District 11--Pelham Parkway, Morris Park & Laconia PUMA",5140,3145,1995,4601,2840,1761,539,305,234,1069,335,734,1021,287,734,48,48,0,2730,1696,1034,2391,1496,895,339,200,139,1341,1114,227,1189,1057,132,152,57,95
114,Suffolk County (Northwest)--Smithtown Town PUMA,733,493,240,733,493,240,0,0,0,398,158,240,398,158,240,0,0,0,335,335,0,335,335,0,0,0,0,0,0,0,0,0,0,0,0,0
115,Ulster County (East) PUMA,810,492,318,810,492,318,0,0,0,349,68,281,349,68,281,0,0,0,210,210,0,210,210,0,0,0,0,251,214,37,251,214,37,0,0,0
116,Westchester County (Northeast) PUMA,3611,1813,1798,2136,1731,405,1475,82,1393,443,228,215,327,228,99,116,0,116,1870,477,1393,783,477,306,1087,0,1087,1298,1108,190,1026,1026,0,272,82,190
117,NYC-Brooklyn Community District 4--Bushwick PUMA,5048,2732,2316,3979,2246,1733,1069,486,583,1194,250,944,1015,250,765,179,0,179,3007,2029,978,2213,1543,670,794,486,308,847,453,394,751,453,298,96,0,96
118,NYC-Manhattan Community District 3--Chinatown & Lower East Side PUMA,3274,1480,1794,2776,1480,1296,498,0,498,797,406,391,681,406,275,116,0,116,1840,876,964,1565,876,689,275,0,275,637,198,439,530,198,332,107,0,107
119,Dutchess County (North & East) PUMA,1247,1068,179,1172,1068,104,75,0,75,131,71,60,131,71,60,0,0,0,1023,904,119,948,904,44,75,0,75,93,93,0,93,93,0,0,0,0
120,Nassau County (Central)--Hempstead Town (North Central)--Meadowbrook Corridor PUMA,7599,4552,3047,5786,3686,2100,1813,866,947,613,222,391,312,122,190,301,100,201,4221,2479,1742,3787,2253,1534,434,226,208,2765,1851,914,1687,1311,376,1078,540,538
121,Broome (Outer West) & Tioga Counties PUMA,567,295,272,567,295,272,0,0,0,426,154,272,426,154,272,0,0,0,141,141,0,141,141,0,0,0,0,0,0,0,0,0,0,0,0,0
122,"Rockland County (South)--Orangetown, Clarkstown (South) & Ramapo (Southeast) Towns PUMA",2381,1782,599,2381,1782,599,0,0,0,882,393,489,882,393,489,0,0,0,894,784,110,894,784,110,0,0,0,605,605,0,605,605,0,0,0,0
123,"NYC-Brooklyn Community District 17--East Flatbush, Farragut & Rugby PUMA",820,324,496,597,250,347,223,74,149,62,0,62,62,0,62,0,0,0,289,74,215,215,0,215,74,74,0,469,250,219,320,250,70,149,0,149
124,Orange County (Northeast)--Greater Newburgh City PUMA,2612,1408,1204,2277,1230,1047,335,178,157,116,0,116,116,0,116,0,0,0,1753,920,833,1501,825,676,252,95,157,743,488,255,660,405,255,83,83,0
125,"NYC-Manhattan Community District 1 & 2--Battery Park City, Greenwich Village & Soho PUMA",1652,947,705,1534,947,587,118,0,118,1574,869,705,1456,869,587,118,0,118,78,78,0,78,78,0,0,0,0,0,0,0,0,0,0,0,0,0
126,NYC-Queens Community District 6--Forest Hills & Rego Park PUMA,4127,2759,1368,3893,2682,1211,234,77,157,1535,1035,500,1301,958,343,234,77,157,2592,1724,868,2592,1724,868,0,0,0,0,0,0,0,0,0,0,0,0
127,Onondaga County (North) PUMA,260,0,260,260,0,260,0,0,0,260,0,260,260,0,260,0,0,0,0,0,0,0,0,0,0,0,0,0,0,0,0,0,0,0,0,0
128,Nassau County (Northeast)--Oyster Bay Town (North) & Glen Cove City PUMA,2211,1296,915,1785,1147,638,426,149,277,717,572,145,717,572,145,0,0,0,1199,500,699,993,500,493,206,0,206,295,224,71,75,75,0,220,149,71
129,Monroe County (North & West) PUMA,79,79,0,79,79,0,0,0,0,79,79,0,79,79,0,0,0,0,0,0,0,0,0,0,0,0,0,0,0,0,0,0,0,0,0,0
130,Sullivan & Ulster (West) Counties PUMA,1252,1027,225,1005,837,168,247,190,57,201,147,54,54,0,54,147,147,0,430,259,171,373,259,114,57,0,57,621,621,0,578,578,0,43,43,0
131,Suffolk County (Southwest)--Babylon Town (Southeast) PUMA,1628,673,955,1167,673,494,461,0,461,82,0,82,0,0,0,82,0,82,1188,673,515,809,673,136,379,0,379,358,0,358,358,0,358,0,0,0
132,Suffolk County (Northwest)--Huntington Town (North) PUMA,4382,2460,1922,2926,1986,940,1456,474,982,1003,595,408,661,458,203,342,137,205,2027,898,1129,1407,734,673,620,164,456,1352,967,385,858,794,64,494,173,321
133,"NYC-Queens Community District 12--Jamaica, Hollis & St. Albans PUMA",7758,4503,3255,6111,3615,2496,1647,888,759,917,302,615,706,167,539,211,135,76,3901,2326,1575,2797,1827,970,1104,499,605,2940,1875,1065,2608,1621,987,332,254,78
134,"NYC-Queens Community District 13--Queens Village, Cambria Heights & Rosedale PUMA",3059,1751,1308,2641,1697,944,418,54,364,1245,812,433,1032,812,220,213,0,213,1767,892,875,1562,838,724,205,54,151,47,47,0,47,47,0,0,0,0
135,Monroe County (Central)--Rochester City (West) PUMA,342,128,214,214,0,214,128,128,0,0,0,0,0,0,0,0,0,0,128,128,0,0,0,0,128,128,0,214,0,214,214,0,214,0,0,0
136,NYC-Queens Community District 10--Howard Beach & Ozone Park PUMA,6744,3006,3738,5703,2673,3030,1041,333,708,1905,728,1177,1483,460,1023,422,268,154,3758,1613,2145,3204,1548,1656,554,65,489,1081,665,416,1016,665,351,65,0,65
137,Suffolk County (Central)--Islip Town (Northwest) PUMA,12126,8326,3800,10452,7525,2927,1674,801,873,1142,725,417,885,624,261,257,101,156,6448,4188,2260,5803,3939,1864,645,249,396,4536,3413,1123,3764,2962,802,772,451,321
138,Putnam County PUMA,1901,1411,490,1727,1237,490,174,174,0,757,453,304,583,279,304,174,174,0,880,694,186,880,694,186,0,0,0,264,264,0,264,264,0,0,0,0
139,NYC-Queens Community District 2--Sunnyside & Woodside PUMA,6906,3930,2976,5709,3342,2367,1197,588,609,1271,393,878,1030,393,637,241,0,241,4636,2720,1916,3680,2132,1548,956,588,368,999,817,182,999,817,182,0,0,0
140,Nassau County (Central)--Hempstead Town (East Central) PUMA,996,603,393,842,449,393,154,154,0,749,460,289,595,306,289,154,154,0,143,143,0,143,143,0,0,0,0,104,0,104,104,0,104,0,0,0
141,Suffolk County (Northwest)--Huntington Town (South) PUMA,1281,712,569,626,140,486,655,572,83,302,0,302,302,0,302,0,0,0,839,572,267,184,0,184,655,572,83,140,140,0,140,140,0,0,0,0
142,"NYC-Bronx Community District 4--Concourse, Highbridge & Mount Eden PUMA",10269,5365,4904,7906,4275,3631,2363,1090,1273,1758,879,879,1522,879,643,236,0,236,5828,2804,3024,4425,2265,2160,1403,539,864,2683,1682,1001,1959,1131,828,724,551,173
143,Nassau County (Central)--Hempstead Town (Northeast) PUMA,4113,3275,838,3477,3089,388,636,186,450,260,108,152,152,0,152,108,108,0,1843,1249,594,1485,1249,236,358,0,358,2010,1918,92,1840,1840,0,170,78,92
144,NYC-Brooklyn Community District 14--Flatbush & Midwood PUMA,2906,1499,1407,2097,1125,972,809,374,435,481,417,64,417,417,0,64,0,64,1639,576,1063,1107,202,905,532,374,158,786,506,280,573,506,67,213,0,213
145,"Rockland County (West)--Spring Valley, Suffern Villages & Monsey PUMA",1920,1160,760,1322,928,394,598,232,366,101,67,34,67,67,0,34,0,34,1237,652,585,814,420,394,423,232,191,582,441,141,441,441,0,141,0,141
146,Capital Region,3336,1539,1797,3097,1539,1558,239,0,239,1203,536,667,1099,536,563,104,0,104,1529,632,897,1394,632,762,135,0,135,604,371,233,604,371,233,0,0,0
147,Central NY,2211,1427,784,1850,1180,670,361,247,114,856,415,441,776,335,441,80,80,0,1076,771,305,1000,771,229,76,0,76,279,241,38,74,74,0,205,167,38
148,Finger Lakes,3767,2181,1586,2900,2003,897,867,178,689,256,79,177,256,79,177,0,0,0,1966,1191,775,1231,1013,218,735,178,557,1545,911,634,1413,911,502,132,0,132
149,Long Island,82135,51694,30441,67024,45632,21392,15111,6062,9049,12418,6765,5653,9945,6165,3780,2473,600,1873,47217,29211,18006,38399,26106,12293,8818,3105,5713,22500,15718,6782,18680,13361,5319,3820,2357,1463
150,Mid-Hudson,63447,41019,22428,51863,36714,15149,11584,4305,7279,11236,4444,6792,9998,4063,5935,1238,381,857,35545,22176,13369,27995,19859,8136,7550,2317,5233,16666,14399,2267,13870,12792,1078,2796,1607,1189
151,Mohawk Valley,378,125,253,306,114,192,72,11,61,115,0,115,54,0,54,61,0,61,138,0,138,138,0,138,0,0,0,125,125,0,114,114,0,11,11,0
152,New York City,305454,168947,136507,255948,151886,104062,49506,17061,32445,70190,31560,38630,60898,28440,32458,9292,3120,6172,170380,91897,78483,140690,81336,59354,29690,10561,19129,64884,45490,19394,54360,42110,12250,10524,3380,7144
153,North Country,1666,1037,629,970,948,22,696,89,607,587,565,22,587,565,22,0,0,0,1079,472,607,383,383,0,696,89,607,0,0,0,0,0,0,0,0,0
154,Southern Tier,962,530,432,939,530,409,23,0,23,426,154,272,426,154,272,0,0,0,484,324,160,461,324,137,23,0,23,52,52,0,52,52,0,0,0,0
155,Western NY,3815,2084,1731,3268,1770,1498,547,314,233,1461,515,946,1461,515,946,0,0,0,1923,1390,533,1376,1076,300,547,314,233,431,179,252,431,179,252,0,0,0
