,puma,Total_geo,Total_geo_m,Total_geo_f,Total_Emp_mf_t,Total_emp_m,Total_emp_f,Total_UnEmp_mf_t,Total_UnEmp_m,Total_UnEmp_f,Total_BABS,Total_BABS_m,Total_BABS_f,BABS_Emp_mf_t,BABS_emp_m,BABS_emp_f,BABS_UnEmp_mf_t,BABS_UnEmp_m,BABS_UnEmp_f,Total_HS,Total_HS_m,Total_HS_f,HS_Emp_mf_t,HS_emp_m,HS_emp_f,HS_UnEmp_mf_t,HS_UnEmp_m,HS_UnEmp_f,Total_HSINC,Total_HSINC_m,Total_HSINC_f,HSINC_Emp_mf_t,HSINC_emp_m,HSINC_emp_f,HSINC_UnEmp_mf_t,HSINC_UnEmp_m,HSINC_UnEmp_f
0,Total Geo,466787,270728,196059,447301,261607,185694,19486,9121,10365,98367,45791,52576,94751,43620,51131,3616,2171,1445,261467,147401,114066,250481,143061,107420,10986,4340,6646,106953,77536,29417,102069,74926,27143,4884,2610,2274
1,NYC-Manhattan Community District 7--Upper West Side & West Side PUMA,2432,1831,601,2432,1831,601,0,0,0,2141,1540,601,2141,1540,601,0,0,0,291,291,0,291,291,0,0,0,0,0,0,0,0,0,0,0,0,0
2,Nassau County (West Central)--Hempstead Town (Northwest) PUMA,3184,1250,1934,2939,1005,1934,245,245,0,473,213,260,473,213,260,0,0,0,2388,714,1674,2143,469,1674,245,245,0,323,323,0,323,323,0,0,0,0
3,NYC-Brooklyn Community District 2--Brooklyn Heights & Fort Greene PUMA,637,250,387,637,250,387,0,0,0,267,208,59,267,208,59,0,0,0,370,42,328,370,42,328,0,0,0,0,0,0,0,0,0,0,0,0
4,Madison & Cortland Counties PUMA,0,0,0,0,0,0,0,0,0,0,0,0,0,0,0,0,0,0,0,0,0,0,0,0,0,0,0,0,0,0,0,0,0,0,0,0
5,Ontario & Yates Counties PUMA,0,0,0,0,0,0,0,0,0,0,0,0,0,0,0,0,0,0,0,0,0,0,0,0,0,0,0,0,0,0,0,0,0,0,0,0
6,Monroe County (Central)--Greece & Gates Towns PUMA,0,0,0,0,0,0,0,0,0,0,0,0,0,0,0,0,0,0,0,0,0,0,0,0,0,0,0,0,0,0,0,0,0,0,0,0
7,Nassau County (East Central)--Oyster Bay Town (Central) PUMA,898,176,722,726,176,550,172,0,172,356,112,244,356,112,244,0,0,0,471,64,407,299,64,235,172,0,172,71,0,71,71,0,71,0,0,0
8,"Clinton, Franklin, Essex & Hamilton Counties PUMA",292,199,93,292,199,93,0,0,0,0,0,0,0,0,0,0,0,0,292,199,93,292,199,93,0,0,0,0,0,0,0,0,0,0,0,0
9,NYC-Manhattan Community District 8--Upper East Side PUMA,2429,1180,1249,2429,1180,1249,0,0,0,1808,709,1099,1808,709,1099,0,0,0,357,207,150,357,207,150,0,0,0,264,264,0,264,264,0,0,0,0
10,Suffolk County (Southwest)--Islip Town (South) PUMA,2007,935,1072,1398,326,1072,609,609,0,672,672,0,63,63,0,609,609,0,309,250,59,309,250,59,0,0,0,1026,13,1013,1026,13,1013,0,0,0
11,Erie County (Northwest) PUMA,223,223,0,223,223,0,0,0,0,0,0,0,0,0,0,0,0,0,223,223,0,223,223,0,0,0,0,0,0,0,0,0,0,0,0,0
12,"NYC-Queens Community District 8--Briarwood, Fresh Meadows & Hillcrest PUMA",6729,3675,3054,6324,3675,2649,405,0,405,2389,1118,1271,2389,1118,1271,0,0,0,2579,1288,1291,2174,1288,886,405,0,405,1761,1269,492,1761,1269,492,0,0,0
13,NYC-Brooklyn Community District 5--East New York & Starrett City PUMA,10030,5452,4578,9628,5341,4287,402,111,291,1125,680,445,1125,680,445,0,0,0,7053,4027,3026,6762,4027,2735,291,0,291,1852,745,1107,1741,634,1107,111,111,0
14,Rockland County (North)--New City & Congers PUMA,3629,2200,1429,3565,2200,1365,64,0,64,69,0,69,69,0,69,0,0,0,2817,1529,1288,2753,1529,1224,64,0,64,743,671,72,743,671,72,0,0,0
15,"Otsego, Schoharie, Oneida (South) & Herkimer (South) Counties PUMA",40,18,22,40,18,22,0,0,0,15,0,15,15,0,15,0,0,0,7,0,7,7,0,7,0,0,0,18,18,0,18,18,0,0,0,0
16,NYC-Brooklyn Community District 7--Sunset Park & Windsor Terrace PUMA,6795,4518,2277,6726,4518,2208,69,0,69,1080,581,499,1080,581,499,0,0,0,3266,1979,1287,3197,1979,1218,69,0,69,2449,1958,491,2449,1958,491,0,0,0
17,NYC-Brooklyn Community District 11--Bensonhurst & Bath Beach PUMA,4473,2925,1548,4309,2761,1548,164,164,0,707,474,233,707,474,233,0,0,0,2498,1490,1008,2334,1326,1008,164,164,0,1268,961,307,1268,961,307,0,0,0
18,Tompkins County PUMA,11,11,0,11,11,0,0,0,0,0,0,0,0,0,0,0,0,0,0,0,0,0,0,0,0,0,0,11,11,0,11,11,0,0,0,0
19,Dutchess County (Southwest) PUMA,2187,1323,864,1858,1323,535,329,0,329,88,88,0,88,88,0,0,0,0,1443,579,864,1114,579,535,329,0,329,656,656,0,656,656,0,0,0,0
20,NYC-Queens Community District 9--Richmond Hill & Woodhaven PUMA,12056,6914,5142,11477,6620,4857,579,294,285,3078,1337,1741,2989,1337,1652,89,0,89,7581,4374,3207,7244,4147,3097,337,227,110,1397,1203,194,1244,1136,108,153,67,86
21,Westchester County (Northwest) PUMA,6535,5113,1422,6330,4908,1422,205,205,0,501,454,47,296,249,47,205,205,0,4026,2651,1375,4026,2651,1375,0,0,0,2008,2008,0,2008,2008,0,0,0,0
22,Albany County (Outside Albany City) PUMA,623,304,319,623,304,319,0,0,0,219,219,0,219,219,0,0,0,0,220,85,135,220,85,135,0,0,0,184,0,184,184,0,184,0,0,0
23,Monroe County (South) PUMA,1081,684,397,1081,684,397,0,0,0,94,0,94,94,0,94,0,0,0,498,327,171,498,327,171,0,0,0,489,357,132,489,357,132,0,0,0
24,Jefferson & Lewis Counties PUMA,940,687,253,940,687,253,0,0,0,525,503,22,525,503,22,0,0,0,415,184,231,415,184,231,0,0,0,0,0,0,0,0,0,0,0,0
25,"Chenango, Delaware & Broome (East) Counties PUMA",64,41,23,64,41,23,0,0,0,0,0,0,0,0,0,0,0,0,23,0,23,23,0,23,0,0,0,41,41,0,41,41,0,0,0,0
26,Erie County (Central) PUMA,542,357,185,542,357,185,0,0,0,169,93,76,169,93,76,0,0,0,373,264,109,373,264,109,0,0,0,0,0,0,0,0,0,0,0,0
27,St. Lawrence County PUMA,62,62,0,62,62,0,0,0,0,62,62,0,62,62,0,0,0,0,0,0,0,0,0,0,0,0,0,0,0,0,0,0,0,0,0,0
28,"NYC-Manhattan Community District 9--Hamilton Heights, Manhattanville & West Harlem PUMA",9302,5495,3807,9146,5339,3807,156,156,0,2291,1386,905,2291,1386,905,0,0,0,3859,2205,1654,3703,2049,1654,156,156,0,3152,1904,1248,3152,1904,1248,0,0,0
29,Suffolk County (North Central)--Brookhaven Town (North) PUMA,1138,561,577,961,517,444,177,44,133,486,178,308,486,178,308,0,0,0,464,195,269,287,151,136,177,44,133,188,188,0,188,188,0,0,0,0
30,NYC-Brooklyn Community District 1--Greenpoint & Williamsburg PUMA,5374,3201,2173,5232,3190,2042,142,11,131,1280,634,646,1269,623,646,11,11,0,2881,1701,1180,2750,1701,1049,131,0,131,1213,866,347,1213,866,347,0,0,0
31,Cayuga & Onondaga (South) Counties PUMA,526,437,89,526,437,89,0,0,0,382,293,89,382,293,89,0,0,0,144,144,0,144,144,0,0,0,0,0,0,0,0,0,0,0,0,0
32,Nassau County (Southeast)--Oyster Bay Town (South) PUMA,1598,864,734,1598,864,734,0,0,0,181,181,0,181,181,0,0,0,0,1417,683,734,1417,683,734,0,0,0,0,0,0,0,0,0,0,0,0
33,Fulton & Montgomery Counties PUMA,0,0,0,0,0,0,0,0,0,0,0,0,0,0,0,0,0,0,0,0,0,0,0,0,0,0,0,0,0,0,0,0,0,0,0,0
34,Onondaga County (Central)--Syracuse City (Outer) PUMA,485,317,168,485,317,168,0,0,0,134,42,92,134,42,92,0,0,0,142,66,76,142,66,76,0,0,0,209,209,0,209,209,0,0,0,0
35,NYC-Staten Island Community District 2--New Springville & South Beach PUMA,1163,964,199,1163,964,199,0,0,0,125,78,47,125,78,47,0,0,0,963,811,152,963,811,152,0,0,0,75,75,0,75,75,0,0,0,0
36,Niagara County (Southwest)--Greater Niagara Falls & North Tonawanda Area PUMA,358,358,0,358,358,0,0,0,0,0,0,0,0,0,0,0,0,0,358,358,0,358,358,0,0,0,0,0,0,0,0,0,0,0,0,0
37,Suffolk County (Central)--Brookhaven Town (Central) PUMA,4967,2534,2433,4548,2534,2014,419,0,419,333,128,205,333,128,205,0,0,0,3008,1496,1512,2589,1496,1093,419,0,419,1626,910,716,1626,910,716,0,0,0
38,"NYC-Bronx Community District 7--Bedford Park, Fordham North & Norwood PUMA",8087,4087,4000,7456,3456,4000,631,631,0,1452,811,641,1452,811,641,0,0,0,4157,2147,2010,4157,2147,2010,0,0,0,2478,1129,1349,1847,498,1349,631,631,0
39,NYC-Queens Community District 4--Elmhurst & South Corona PUMA,12596,9009,3587,12338,8751,3587,258,258,0,1731,960,771,1628,857,771,103,103,0,7835,5603,2232,7680,5448,2232,155,155,0,3030,2446,584,3030,2446,584,0,0,0
40,"NYC-Brooklyn Community District 6--Park Slope, Carroll Gardens & Red Hook PUMA",1656,570,1086,1656,570,1086,0,0,0,1656,570,1086,1656,570,1086,0,0,0,0,0,0,0,0,0,0,0,0,0,0,0,0,0,0,0,0,0
41,Suffolk County (Central)--Islip Town (East) PUMA,341,153,188,271,83,188,70,70,0,0,0,0,0,0,0,0,0,0,271,83,188,271,83,188,0,0,0,70,70,0,0,0,0,70,70,0
42,"NYC-Brooklyn Community District 9--Crown Heights South, Prospect Lefferts & Wingate PUMA",1334,499,835,1219,440,779,115,59,56,187,105,82,187,105,82,0,0,0,949,252,697,949,252,697,0,0,0,198,142,56,83,83,0,115,59,56
43,"NYC-Queens Community District 7--Flushing, Murray Hill & Whitestone PUMA",9293,4611,4682,9293,4611,4682,0,0,0,2312,696,1616,2312,696,1616,0,0,0,5343,2343,3000,5343,2343,3000,0,0,0,1638,1572,66,1638,1572,66,0,0,0
44,NYC-Queens Community District 3--Jackson Heights & North Corona PUMA,24965,15354,9611,24146,15354,8792,819,0,819,2177,618,1559,2177,618,1559,0,0,0,17593,10454,7139,16910,10454,6456,683,0,683,5195,4282,913,5059,4282,777,136,0,136
45,Saratoga County (Outer) PUMA,294,294,0,294,294,0,0,0,0,294,294,0,294,294,0,0,0,0,0,0,0,0,0,0,0,0,0,0,0,0,0,0,0,0,0,0
46,"NYC-Bronx Community District 12--Wakefield, Williamsbridge & Woodlawn PUMA",4151,2610,1541,4151,2610,1541,0,0,0,644,249,395,644,249,395,0,0,0,2799,1653,1146,2799,1653,1146,0,0,0,708,708,0,708,708,0,0,0,0
47,"NYC-Brooklyn Community District 15--Sheepshead Bay, Gerritsen Beach & Homecrest PUMA",2397,1266,1131,2333,1266,1067,64,0,64,159,95,64,95,95,0,64,0,64,1896,829,1067,1896,829,1067,0,0,0,342,342,0,342,342,0,0,0,0
48,Wayne & Seneca Counties PUMA,0,0,0,0,0,0,0,0,0,0,0,0,0,0,0,0,0,0,0,0,0,0,0,0,0,0,0,0,0,0,0,0,0,0,0,0
49,Schenectady County--Schenectady City PUMA,874,288,586,874,288,586,0,0,0,432,0,432,432,0,432,0,0,0,442,288,154,442,288,154,0,0,0,0,0,0,0,0,0,0,0,0
50,NYC-Brooklyn Community District 10--Bay Ridge & Dyker Heights PUMA,2604,1084,1520,2309,1084,1225,295,0,295,543,272,271,543,272,271,0,0,0,1546,812,734,1546,812,734,0,0,0,515,0,515,220,0,220,295,0,295
51,Nassau County (Northwest)--North Hempstead Town (North) PUMA,1199,487,712,1063,487,576,136,0,136,173,0,173,89,0,89,84,0,84,726,487,239,674,487,187,52,0,52,300,0,300,300,0,300,0,0,0
52,Suffolk County (West Central)--Babylon Town (Northwest) PUMA,6148,4260,1888,5913,4260,1653,235,0,235,535,98,437,459,98,361,76,0,76,3921,2949,972,3921,2949,972,0,0,0,1692,1213,479,1533,1213,320,159,0,159
53,"NYC-Manhattan Community District 4 & 5--Chelsea, Clinton & Midtown Business District PUMA",2558,1684,874,2558,1684,874,0,0,0,1415,1280,135,1415,1280,135,0,0,0,1143,404,739,1143,404,739,0,0,0,0,0,0,0,0,0,0,0,0
54,Columbia & Greene Counties PUMA,241,156,85,241,156,85,0,0,0,36,0,36,36,0,36,0,0,0,108,108,0,108,108,0,0,0,0,97,48,49,97,48,49,0,0,0
55,Rensselaer County--Troy City PUMA,266,210,56,243,187,56,23,23,0,79,23,56,56,0,56,23,23,0,151,151,0,151,151,0,0,0,0,36,36,0,36,36,0,0,0,0
56,Erie County (West Central)--Buffalo City (West) PUMA,834,341,493,783,341,442,51,0,51,532,341,191,532,341,191,0,0,0,121,0,121,70,0,70,51,0,51,181,0,181,181,0,181,0,0,0
57,Erie County (South) PUMA,344,0,344,344,0,344,0,0,0,344,0,344,344,0,344,0,0,0,0,0,0,0,0,0,0,0,0,0,0,0,0,0,0,0,0,0
58,Oneida County (Central)--Greater Utica & Rome Cities PUMA,231,0,231,231,0,231,0,0,0,100,0,100,100,0,100,0,0,0,131,0,131,131,0,131,0,0,0,0,0,0,0,0,0,0,0,0
59,"NYC-Manhattan Community District 12--Washington Heights, Inwood & Marble Hill PUMA",22770,12859,9911,21452,12273,9179,1318,586,732,3511,2113,1398,3340,1942,1398,171,171,0,14827,7462,7365,14036,7403,6633,791,59,732,4432,3284,1148,4076,2928,1148,356,356,0
60,NYC-Brooklyn Community District 13--Brighton Beach & Coney Island PUMA,956,332,624,664,188,476,292,144,148,0,0,0,0,0,0,0,0,0,446,0,446,298,0,298,148,0,148,510,332,178,366,188,178,144,144,0
61,NYC-Manhattan Community District 10--Central Harlem PUMA,2833,856,1977,2833,856,1977,0,0,0,700,175,525,700,175,525,0,0,0,990,0,990,990,0,990,0,0,0,1143,681,462,1143,681,462,0,0,0
62,Nassau County (West Central)--North Hempstead Town (South) PUMA,3803,2702,1101,3803,2702,1101,0,0,0,766,391,375,766,391,375,0,0,0,2282,1742,540,2282,1742,540,0,0,0,755,569,186,755,569,186,0,0,0
63,NYC-Brooklyn Community District 16--Brownsville & Ocean Hill PUMA,2456,1126,1330,1971,701,1270,485,425,60,781,524,257,356,99,257,425,425,0,1302,289,1013,1302,289,1013,0,0,0,373,313,60,313,313,0,60,0,60
64,Albany County (East Central)--Albany City PUMA,895,287,608,895,287,608,0,0,0,0,0,0,0,0,0,0,0,0,608,0,608,608,0,608,0,0,0,287,287,0,287,287,0,0,0,0
65,Nassau County (West Central)--Hempstead Town (West Central) PUMA,3040,2195,845,2863,2018,845,177,177,0,396,300,96,396,300,96,0,0,0,1953,1204,749,1776,1027,749,177,177,0,691,691,0,691,691,0,0,0,0
66,Chemung (South) & Steuben (East) Counties--Greater Elmira & Greater Corning Cities PUMA,104,104,0,104,104,0,0,0,0,0,0,0,0,0,0,0,0,0,104,104,0,104,104,0,0,0,0,0,0,0,0,0,0,0,0,0
67,"NYC-Bronx Community District 3 & 6--Belmont, Crotona Park East & East Tremont PUMA",8991,4665,4326,8818,4665,4153,173,0,173,1804,558,1246,1718,558,1160,86,0,86,5695,3228,2467,5695,3228,2467,0,0,0,1492,879,613,1405,879,526,87,0,87
68,"NYC-Bronx Community District 5--Morris Heights, Fordham South & Mount Hope PUMA",8690,4428,4262,8421,4220,4201,269,208,61,1714,579,1135,1714,579,1135,0,0,0,4746,2693,2053,4538,2485,2053,208,208,0,2230,1156,1074,2169,1156,1013,61,0,61
69,"NYC-Bronx Community District 8--Riverdale, Fieldston & Kingsbridge PUMA",6278,2820,3458,6278,2820,3458,0,0,0,1654,579,1075,1654,579,1075,0,0,0,3646,1720,1926,3646,1720,1926,0,0,0,978,521,457,978,521,457,0,0,0
70,Erie County (Northeast) PUMA,0,0,0,0,0,0,0,0,0,0,0,0,0,0,0,0,0,0,0,0,0,0,0,0,0,0,0,0,0,0,0,0,0,0,0,0
71,NYC-Manhattan Community District 11--East Harlem PUMA,3472,1713,1759,3216,1713,1503,256,0,256,813,159,654,813,159,654,0,0,0,1844,965,879,1588,965,623,256,0,256,815,589,226,815,589,226,0,0,0
72,Orange County (Southeast) PUMA,1407,837,570,1407,837,570,0,0,0,397,50,347,397,50,347,0,0,0,860,637,223,860,637,223,0,0,0,150,150,0,150,150,0,0,0,0
73,Westchester County (Southeast) PUMA,8254,5717,2537,8119,5717,2402,135,0,135,2221,943,1278,2221,943,1278,0,0,0,2761,1830,931,2626,1830,796,135,0,135,3272,2944,328,3272,2944,328,0,0,0
74,NYC-Queens Community District 1--Astoria & Long Island City PUMA,8936,5247,3689,7691,4484,3207,1245,763,482,2764,1362,1402,2432,1228,1204,332,134,198,4270,2537,1733,3357,1908,1449,913,629,284,1902,1348,554,1902,1348,554,0,0,0
75,Livingston & Wyoming Counties PUMA,234,188,46,234,188,46,0,0,0,0,0,0,0,0,0,0,0,0,67,31,36,67,31,36,0,0,0,167,157,10,167,157,10,0,0,0
76,Suffolk County (Central)--Brookhaven Town (West Central) PUMA,2432,1326,1106,2432,1326,1106,0,0,0,68,0,68,68,0,68,0,0,0,1702,935,767,1702,935,767,0,0,0,662,391,271,662,391,271,0,0,0
77,Westchester County (Southwest)--Yonkers City PUMA,12455,7409,5046,11587,7191,4396,868,218,650,1520,469,1051,1520,469,1051,0,0,0,8221,5459,2762,7771,5241,2530,450,218,232,2714,1481,1233,2296,1481,815,418,0,418
78,Erie County (North Central) PUMA,506,81,425,506,81,425,0,0,0,385,81,304,385,81,304,0,0,0,121,0,121,121,0,121,0,0,0,0,0,0,0,0,0,0,0,0
79,Saratoga County (South & Central) PUMA,88,0,88,88,0,88,0,0,0,88,0,88,88,0,88,0,0,0,0,0,0,0,0,0,0,0,0,0,0,0,0,0,0,0,0,0
80,Suffolk County (South Central)--Brookhaven Town (South) PUMA,4018,2732,1286,4018,2732,1286,0,0,0,380,89,291,380,89,291,0,0,0,2314,1683,631,2314,1683,631,0,0,0,1324,960,364,1324,960,364,0,0,0
81,"NYC-Staten Island Community District 3--Tottenville, Great Kills & Annadale PUMA",303,303,0,303,303,0,0,0,0,86,86,0,86,86,0,0,0,0,217,217,0,217,217,0,0,0,0,0,0,0,0,0,0,0,0,0
82,Herkimer (North & Central) & Oneida (Outer) Counties PUMA,107,107,0,107,107,0,0,0,0,0,0,0,0,0,0,0,0,0,0,0,0,0,0,0,0,0,0,107,107,0,107,107,0,0,0,0
83,Niagara County (North & East) PUMA,156,71,85,71,71,0,85,0,85,85,0,85,0,0,0,85,0,85,71,71,0,71,71,0,0,0,0,0,0,0,0,0,0,0,0,0
84,Monroe County (Central)--Rochester City (East) PUMA,951,430,521,833,312,521,118,118,0,0,0,0,0,0,0,0,0,0,673,430,243,555,312,243,118,118,0,278,0,278,278,0,278,0,0,0
85,Warren & Washington Counties PUMA,55,0,55,55,0,55,0,0,0,55,0,55,55,0,55,0,0,0,0,0,0,0,0,0,0,0,0,0,0,0,0,0,0,0,0,0
86,Nassau County (Southwest)--Hempstead Town (Southwest) & Long Beach City PUMA,2210,1775,435,2210,1775,435,0,0,0,632,278,354,632,278,354,0,0,0,1268,1187,81,1268,1187,81,0,0,0,310,310,0,310,310,0,0,0,0
87,NYC-Brooklyn Community District 8--Crown Heights North & Prospect Heights PUMA,1659,226,1433,1544,146,1398,115,80,35,1206,146,1060,1171,146,1025,35,0,35,453,80,373,373,0,373,80,80,0,0,0,0,0,0,0,0,0,0
88,Onondaga County (Central)--Syracuse City PUMA,1075,593,482,860,593,267,215,0,215,0,0,0,0,0,0,0,0,0,1005,561,444,790,561,229,215,0,215,70,32,38,70,32,38,0,0,0
89,Westchester County (Central)--White Plains City PUMA,6702,3328,3374,6702,3328,3374,0,0,0,2558,522,2036,2558,522,2036,0,0,0,2779,1603,1176,2779,1603,1176,0,0,0,1365,1203,162,1365,1203,162,0,0,0
90,NYC-Brooklyn Community District 3--Bedford-Stuyvesant PUMA,2862,1068,1794,2699,1068,1631,163,0,163,547,0,547,547,0,547,0,0,0,1679,751,928,1679,751,928,0,0,0,636,317,319,473,317,156,163,0,163
91,"NYC-Bronx Community District 1 & 2--Hunts Point, Longwood & Melrose PUMA",7897,4731,3166,7610,4639,2971,287,92,195,2369,1051,1318,2174,1051,1123,195,0,195,3761,2389,1372,3669,2297,1372,92,92,0,1767,1291,476,1767,1291,476,0,0,0
92,Cattaraugus & Allegany Counties PUMA,0,0,0,0,0,0,0,0,0,0,0,0,0,0,0,0,0,0,0,0,0,0,0,0,0,0,0,0,0,0,0,0,0,0,0,0
93,Oswego County PUMA,80,80,0,80,80,0,0,0,0,80,80,0,80,80,0,0,0,0,0,0,0,0,0,0,0,0,0,0,0,0,0,0,0,0,0,0
94,"NYC-Queens Community District 5--Ridgewood, Glendale & Middle Village PUMA",9407,5805,3602,8959,5636,3323,448,169,279,1766,788,978,1647,715,932,119,73,46,5573,3141,2432,5319,3045,2274,254,96,158,2068,1876,192,1993,1876,117,75,0,75
95,Monroe County (East) PUMA,683,275,408,683,275,408,0,0,0,83,0,83,83,0,83,0,0,0,600,275,325,600,275,325,0,0,0,0,0,0,0,0,0,0,0,0
96,Westchester County (South Central)--New Rochelle & Mount Vernon Cities PUMA,5093,2957,2136,4872,2957,1915,221,0,221,902,491,411,902,491,411,0,0,0,2933,1418,1515,2712,1418,1294,221,0,221,1258,1048,210,1258,1048,210,0,0,0
97,"NYC-Queens Community District 14--Far Rockaway, Breezy Point & Broad Channel PUMA",3067,1807,1260,3067,1807,1260,0,0,0,495,0,495,495,0,495,0,0,0,139,139,0,139,139,0,0,0,0,2433,1668,765,2433,1668,765,0,0,0
98,"NYC-Brooklyn Community District 12--Borough Park, Kensington & Ocean Parkway PUMA",2446,1628,818,2446,1628,818,0,0,0,467,169,298,467,169,298,0,0,0,900,380,520,900,380,520,0,0,0,1079,1079,0,1079,1079,0,0,0,0
99,"NYC-Bronx Community District 10--Co-op City, Pelham Bay & Schuylerville PUMA",3448,1442,2006,3448,1442,2006,0,0,0,1248,0,1248,1248,0,1248,0,0,0,1666,908,758,1666,908,758,0,0,0,534,534,0,534,534,0,0,0,0
100,"NYC-Queens Community District 11--Bayside, Douglaston & Little Neck PUMA",2299,1178,1121,2299,1178,1121,0,0,0,413,210,203,413,210,203,0,0,0,1724,838,886,1724,838,886,0,0,0,162,130,32,162,130,32,0,0,0
101,"NYC-Manhattan Community District 6--Murray Hill, Gramercy & Stuyvesant Town PUMA",2718,1991,727,2718,1991,727,0,0,0,2718,1991,727,2718,1991,727,0,0,0,0,0,0,0,0,0,0,0,0,0,0,0,0,0,0,0,0,0
102,Chautauqua County PUMA,31,0,31,31,0,31,0,0,0,31,0,31,31,0,31,0,0,0,0,0,0,0,0,0,0,0,0,0,0,0,0,0,0,0,0,0
103,NYC-Brooklyn Community District 18--Canarsie & Flatlands PUMA,2543,1285,1258,2367,1285,1082,176,0,176,1180,170,1010,1004,170,834,176,0,176,1363,1115,248,1363,1115,248,0,0,0,0,0,0,0,0,0,0,0,0
104,Erie County (West Central)--Buffalo City (East) PUMA,561,308,253,561,308,253,0,0,0,0,0,0,0,0,0,0,0,0,490,308,182,490,308,182,0,0,0,71,0,71,71,0,71,0,0,0
105,Genesee & Orleans Counties PUMA,305,305,0,305,305,0,0,0,0,0,0,0,0,0,0,0,0,0,0,0,0,0,0,0,0,0,0,305,305,0,305,305,0,0,0,0
106,"NYC-Staten Island Community District 1--Port Richmond, Stapleton & Mariner's Harbor PUMA",3073,1020,2053,3073,1020,2053,0,0,0,438,0,438,438,0,438,0,0,0,2346,824,1522,2346,824,1522,0,0,0,289,196,93,289,196,93,0,0,0
107,"Steuben (North & West), Schuyler & Chemung (North) Counties PUMA",79,79,0,79,79,0,0,0,0,0,0,0,0,0,0,0,0,0,79,79,0,79,79,0,0,0,0,0,0,0,0,0,0,0,0,0
108,Nassau County (South Central)--Hempstead Town (Southeast) PUMA,2795,1963,832,2510,1678,832,285,285,0,482,330,152,482,330,152,0,0,0,1192,807,385,1192,807,385,0,0,0,1121,826,295,836,541,295,285,285,0
109,"NYC-Bronx Community District 9--Castle Hill, Clason Point & Parkchester PUMA",8303,4056,4247,8139,4056,4083,164,0,164,652,328,324,652,328,324,0,0,0,5126,1904,3222,5055,1904,3151,71,0,71,2525,1824,701,2432,1824,608,93,0,93
110,Suffolk County (East) PUMA,8106,5636,2470,8106,5636,2470,0,0,0,1687,1564,123,1687,1564,123,0,0,0,5653,3385,2268,5653,3385,2268,0,0,0,766,687,79,766,687,79,0,0,0
111,Orange County (Northwest) PUMA,2164,1742,422,2164,1742,422,0,0,0,0,0,0,0,0,0,0,0,0,1893,1528,365,1893,1528,365,0,0,0,271,214,57,271,214,57,0,0,0
112,Broome County (West Central)--Greater Binghamton City & Greater Johnson City Village PUMA,137,0,137,137,0,137,0,0,0,0,0,0,0,0,0,0,0,0,137,0,137,137,0,137,0,0,0,0,0,0,0,0,0,0,0,0
113,"NYC-Bronx Community District 11--Pelham Parkway, Morris Park & Laconia PUMA",5140,3145,1995,5030,3145,1885,110,0,110,1069,335,734,1069,335,734,0,0,0,2730,1696,1034,2620,1696,924,110,0,110,1341,1114,227,1341,1114,227,0,0,0
114,Suffolk County (Northwest)--Smithtown Town PUMA,733,493,240,733,493,240,0,0,0,398,158,240,398,158,240,0,0,0,335,335,0,335,335,0,0,0,0,0,0,0,0,0,0,0,0,0
115,Ulster County (East) PUMA,810,492,318,810,492,318,0,0,0,349,68,281,349,68,281,0,0,0,210,210,0,210,210,0,0,0,0,251,214,37,251,214,37,0,0,0
116,Westchester County (Northeast) PUMA,3611,1813,1798,3529,1731,1798,82,82,0,443,228,215,443,228,215,0,0,0,1870,477,1393,1870,477,1393,0,0,0,1298,1108,190,1216,1026,190,82,82,0
117,NYC-Brooklyn Community District 4--Bushwick PUMA,5461,3226,2235,4952,2732,2220,509,494,15,1194,250,944,1194,250,944,0,0,0,3007,2029,978,3007,2029,978,0,0,0,1260,947,313,751,453,298,509,494,15
118,NYC-Manhattan Community District 3--Chinatown & Lower East Side PUMA,3167,1480,1687,3167,1480,1687,0,0,0,797,406,391,797,406,391,0,0,0,1840,876,964,1840,876,964,0,0,0,530,198,332,530,198,332,0,0,0
119,Dutchess County (North & East) PUMA,1247,1068,179,1247,1068,179,0,0,0,131,71,60,131,71,60,0,0,0,1023,904,119,1023,904,119,0,0,0,93,93,0,93,93,0,0,0,0
120,Nassau County (Central)--Hempstead Town (North Central)--Meadowbrook Corridor PUMA,7652,4605,3047,7377,4394,2983,275,211,64,613,222,391,613,222,391,0,0,0,4274,2532,1742,3999,2321,1678,275,211,64,2765,1851,914,2765,1851,914,0,0,0
121,Broome (Outer West) & Tioga Counties PUMA,567,295,272,567,295,272,0,0,0,426,154,272,426,154,272,0,0,0,141,141,0,141,141,0,0,0,0,0,0,0,0,0,0,0,0,0
122,"Rockland County (South)--Orangetown, Clarkstown (South) & Ramapo (Southeast) Towns PUMA",2381,1782,599,2381,1782,599,0,0,0,882,393,489,882,393,489,0,0,0,894,784,110,894,784,110,0,0,0,605,605,0,605,605,0,0,0,0
123,"NYC-Brooklyn Community District 17--East Flatbush, Farragut & Rugby PUMA",820,324,496,746,250,496,74,74,0,62,0,62,62,0,62,0,0,0,289,74,215,215,0,215,74,74,0,469,250,219,469,250,219,0,0,0
124,Orange County (Northeast)--Greater Newburgh City PUMA,2612,1408,1204,2612,1408,1204,0,0,0,116,0,116,116,0,116,0,0,0,1753,920,833,1753,920,833,0,0,0,743,488,255,743,488,255,0,0,0
125,"NYC-Manhattan Community District 1 & 2--Battery Park City, Greenwich Village & Soho PUMA",1534,947,587,1534,947,587,0,0,0,1456,869,587,1456,869,587,0,0,0,78,78,0,78,78,0,0,0,0,0,0,0,0,0,0,0,0,0
126,NYC-Queens Community District 6--Forest Hills & Rego Park PUMA,4183,2815,1368,4050,2682,1368,133,133,0,1535,1035,500,1458,958,500,77,77,0,2648,1780,868,2592,1724,868,56,56,0,0,0,0,0,0,0,0,0,0
127,Onondaga County (North) PUMA,260,0,260,260,0,260,0,0,0,260,0,260,260,0,260,0,0,0,0,0,0,0,0,0,0,0,0,0,0,0,0,0,0,0,0,0
128,Nassau County (Northeast)--Oyster Bay Town (North) & Glen Cove City PUMA,2211,1296,915,2211,1296,915,0,0,0,717,572,145,717,572,145,0,0,0,1199,500,699,1199,500,699,0,0,0,295,224,71,295,224,71,0,0,0
129,Monroe County (North & West) PUMA,79,79,0,79,79,0,0,0,0,79,79,0,79,79,0,0,0,0,0,0,0,0,0,0,0,0,0,0,0,0,0,0,0,0,0,0
130,Sullivan & Ulster (West) Counties PUMA,1252,1027,225,1252,1027,225,0,0,0,201,147,54,201,147,54,0,0,0,430,259,171,430,259,171,0,0,0,621,621,0,621,621,0,0,0,0
131,Suffolk County (Southwest)--Babylon Town (Southeast) PUMA,1506,769,737,1080,343,737,426,426,0,0,0,0,0,0,0,0,0,0,1052,673,379,722,343,379,330,330,0,454,96,358,358,0,358,96,96,0
132,Suffolk County (Northwest)--Huntington Town (North) PUMA,4308,2460,1848,4163,2315,1848,145,145,0,1003,595,408,927,519,408,76,76,0,2027,898,1129,1958,829,1129,69,69,0,1278,967,311,1278,967,311,0,0,0
133,"NYC-Queens Community District 12--Jamaica, Hollis & St. Albans PUMA",7671,4416,3255,6777,4202,2575,894,214,680,917,302,615,917,302,615,0,0,0,3857,2282,1575,3587,2188,1399,270,94,176,2897,1832,1065,2273,1712,561,624,120,504
134,"NYC-Queens Community District 13--Queens Village, Cambria Heights & Rosedale PUMA",3135,1751,1384,3059,1751,1308,76,0,76,1245,812,433,1245,812,433,0,0,0,1843,892,951,1767,892,875,76,0,76,47,47,0,47,47,0,0,0,0
135,Monroe County (Central)--Rochester City (West) PUMA,342,128,214,342,128,214,0,0,0,0,0,0,0,0,0,0,0,0,128,128,0,128,128,0,0,0,0,214,0,214,214,0,214,0,0,0
136,NYC-Queens Community District 10--Howard Beach & Ozone Park PUMA,6982,3082,3900,6437,2808,3629,545,274,271,1961,622,1339,1707,530,1177,254,92,162,3940,1795,2145,3649,1613,2036,291,182,109,1081,665,416,1081,665,416,0,0,0
137,Suffolk County (Central)--Islip Town (Northwest) PUMA,11878,8197,3681,11878,8197,3681,0,0,0,1142,725,417,1142,725,417,0,0,0,6319,4059,2260,6319,4059,2260,0,0,0,4417,3413,1004,4417,3413,1004,0,0,0
138,Putnam County PUMA,1901,1411,490,1901,1411,490,0,0,0,757,453,304,757,453,304,0,0,0,880,694,186,880,694,186,0,0,0,264,264,0,264,264,0,0,0,0
139,NYC-Queens Community District 2--Sunnyside & Woodside PUMA,6940,4029,2911,6578,3868,2710,362,161,201,1206,393,813,1121,393,728,85,0,85,4640,2724,1916,4458,2658,1800,182,66,116,1094,912,182,999,817,182,95,95,0
140,Nassau County (Central)--Hempstead Town (East Central) PUMA,996,603,393,842,449,393,154,154,0,749,460,289,595,306,289,154,154,0,143,143,0,143,143,0,0,0,0,104,0,104,104,0,104,0,0,0
141,Suffolk County (Northwest)--Huntington Town (South) PUMA,1619,712,907,1281,712,569,338,0,338,302,0,302,302,0,302,0,0,0,1177,572,605,839,572,267,338,0,338,140,140,0,140,140,0,0,0,0
142,"NYC-Bronx Community District 4--Concourse, Highbridge & Mount Eden PUMA",9693,5271,4422,9108,4882,4226,585,389,196,1522,879,643,1522,879,643,0,0,0,5595,2710,2885,5076,2321,2755,519,389,130,2576,1682,894,2510,1682,828,66,0,66
143,Nassau County (Central)--Hempstead Town (Northeast) PUMA,4088,3250,838,4035,3197,838,53,53,0,260,108,152,260,108,152,0,0,0,1896,1302,594,1843,1249,594,53,53,0,1932,1840,92,1932,1840,92,0,0,0
144,NYC-Brooklyn Community District 14--Flatbush & Midwood PUMA,2906,1499,1407,2676,1333,1343,230,166,64,481,417,64,399,399,0,82,18,64,1639,576,1063,1491,428,1063,148,148,0,786,506,280,786,506,280,0,0,0
145,"Rockland County (West)--Spring Valley, Suffern Villages & Monsey PUMA",1946,1020,926,1780,1020,760,166,0,166,101,67,34,101,67,34,0,0,0,1263,512,751,1097,512,585,166,0,166,582,441,141,582,441,141,0,0,0
146,Capital Region,3336,1539,1797,3313,1516,1797,23,23,0,1203,536,667,1180,513,667,23,23,0,1529,632,897,1529,632,897,0,0,0,604,371,233,604,371,233,0,0,0
147,Central NY,2426,1427,999,2211,1427,784,215,0,215,856,415,441,856,415,441,0,0,0,1291,771,520,1076,771,305,215,0,215,279,241,38,279,241,38,0,0,0
148,Finger Lakes,3675,2089,1586,3557,1971,1586,118,118,0,256,79,177,256,79,177,0,0,0,1966,1191,775,1848,1073,775,118,118,0,1453,819,634,1453,819,634,0,0,0
149,Long Island,82875,51934,30941,78959,49515,29444,3916,2419,1497,12804,7374,5430,11805,6535,5270,999,839,160,47761,28878,18883,45454,27749,17705,2307,1129,1178,22310,15682,6628,21700,15231,6469,610,451,159
150,Mid-Hudson,64186,40647,23539,62116,40142,21974,2070,505,1565,11236,4444,6792,11031,4239,6792,205,205,0,36056,21994,14062,34691,21776,12915,1365,218,1147,16894,14209,2685,16394,14127,2267,500,82,418
151,Mohawk Valley,378,125,253,378,125,253,0,0,0,115,0,115,115,0,115,0,0,0,138,0,138,138,0,138,0,0,0,125,125,0,125,125,0,0,0,0
152,New York City,304100,169750,134350,291092,163694,127398,13008,6056,6952,69338,31709,37629,67034,30605,36429,2304,1104,1200,169778,92004,77774,162848,89129,73719,6930,2875,4055,64984,46037,18947,61210,43960,17250,3774,2077,1697
153,North Country,1294,948,346,1294,948,346,0,0,0,587,565,22,587,565,22,0,0,0,707,383,324,707,383,324,0,0,0,0,0,0,0,0,0,0,0,0
154,Southern Tier,962,530,432,962,530,432,0,0,0,426,154,272,426,154,272,0,0,0,484,324,160,484,324,160,0,0,0,52,52,0,52,52,0,0,0,0
155,Western NY,3555,1739,1816,3419,1739,1680,136,0,136,1546,515,1031,1461,515,946,85,0,85,1757,1224,533,1706,1224,482,51,0,51,252,0,252,252,0,252,0,0,0
