,puma,Total_geo,Total_geo_m,Total_geo_f,Total_NP_mf_t,Total_NP_m,Total_NP_f,Total_P_mf_t,Total_P_m,Total_P_f,Total_BABS,Total_BABS_m,Total_BABS_f,BABS_NP_mf_t,BABS_NP_m,BABS_NP_f,BABS_P_mf_t,BABS_P_m,BABS_P_f,Total_HS,Total_HS_m,Total_HS_f,HS_NP_mf_t,HS_NP_m,HS_NP_f,HS_P_mf_t,HS_P_m,HS_P_f,Total_HSINC,Total_HSINC_m,Total_HSINC_f,HSINC_NP_mf_t,HSINC_NP_m,HSINC_NP_f,HSINC_P_mf_t,HSINC_P_m,HSINC_P_f
0,Total Geo,857286,418395,438891,609513,312601,296912,247773,105794,141979,215835,92708,123127,194781,84443,110338,21054,8265,12789,494391,247725,246666,350426,188882,161544,143965,58843,85122,147060,77962,69098,64306,39276,25030,82754,38686,44068
1,NYC-Manhattan Community District 7--Upper West Side & West Side PUMA,7187,4054,3133,5622,3310,2312,1565,744,821,2187,1265,922,2187,1265,922,0,0,0,3815,2450,1365,3110,2045,1065,705,405,300,1185,339,846,325,0,325,860,339,521
2,Nassau County (West Central)--Hempstead Town (Northwest) PUMA,6447,3044,3403,5736,2640,3096,711,404,307,3098,1680,1418,3029,1680,1349,69,0,69,2915,1331,1584,2431,927,1504,484,404,80,434,33,401,276,33,243,158,0,158
3,NYC-Brooklyn Community District 2--Brooklyn Heights & Fort Greene PUMA,7321,4589,2732,5229,3000,2229,2092,1589,503,2410,1364,1046,2410,1364,1046,0,0,0,3239,2188,1051,2124,1375,749,1115,813,302,1672,1037,635,695,261,434,977,776,201
4,Madison & Cortland Counties PUMA,1141,718,423,1039,616,423,102,102,0,444,152,292,444,152,292,0,0,0,552,421,131,453,322,131,99,99,0,145,145,0,142,142,0,3,3,0
5,Ontario & Yates Counties PUMA,2251,1470,781,1446,834,612,805,636,169,518,332,186,518,332,186,0,0,0,1529,1068,461,928,502,426,601,566,35,204,70,134,0,0,0,204,70,134
6,Monroe County (Central)--Greece & Gates Towns PUMA,3303,1956,1347,2324,1956,368,979,0,979,603,0,603,112,0,112,491,0,491,2368,1811,557,2067,1811,256,301,0,301,332,145,187,145,145,0,187,0,187
7,Nassau County (East Central)--Oyster Bay Town (Central) PUMA,2055,1200,855,2055,1200,855,0,0,0,564,235,329,564,235,329,0,0,0,809,669,140,809,669,140,0,0,0,682,296,386,682,296,386,0,0,0
8,"Clinton, Franklin, Essex & Hamilton Counties PUMA",866,343,523,641,337,304,225,6,219,81,75,6,75,75,0,6,0,6,785,268,517,566,262,304,219,6,213,0,0,0,0,0,0,0,0,0
9,NYC-Manhattan Community District 8--Upper East Side PUMA,5693,2917,2776,4889,2748,2141,804,169,635,3758,2013,1745,3589,1844,1745,169,169,0,1873,904,969,1300,904,396,573,0,573,62,0,62,0,0,0,62,0,62
10,Suffolk County (Southwest)--Islip Town (South) PUMA,4760,2547,2213,3662,1836,1826,1098,711,387,1054,457,597,1054,457,597,0,0,0,2651,1035,1616,2264,1035,1229,387,0,387,1055,1055,0,344,344,0,711,711,0
11,Erie County (Northwest) PUMA,1756,696,1060,952,296,656,804,400,404,323,0,323,323,0,323,0,0,0,1174,519,655,629,296,333,545,223,322,259,177,82,0,0,0,259,177,82
12,"NYC-Queens Community District 8--Briarwood, Fresh Meadows & Hillcrest PUMA",5520,2396,3124,4116,2273,1843,1404,123,1281,1845,1180,665,1728,1141,587,117,39,78,2792,1216,1576,1986,1132,854,806,84,722,883,0,883,402,0,402,481,0,481
13,NYC-Brooklyn Community District 5--East New York & Starrett City PUMA,12019,5067,6952,7236,2925,4311,4783,2142,2641,2131,813,1318,1592,598,994,539,215,324,7623,3222,4401,5084,2084,3000,2539,1138,1401,2265,1032,1233,560,243,317,1705,789,916
14,Rockland County (North)--New City & Congers PUMA,5185,2812,2373,4337,2508,1829,848,304,544,1065,497,568,1065,497,568,0,0,0,3782,2161,1621,3014,1937,1077,768,224,544,338,154,184,258,74,184,80,80,0
15,"Otsego, Schoharie, Oneida (South) & Herkimer (South) Counties PUMA",1021,589,432,772,589,183,249,0,249,203,72,131,185,72,113,18,0,18,554,484,70,554,484,70,0,0,0,264,33,231,33,33,0,231,0,231
16,NYC-Brooklyn Community District 7--Sunset Park & Windsor Terrace PUMA,9241,4880,4361,5812,3184,2628,3429,1696,1733,2620,1016,1604,2320,896,1424,300,120,180,3837,2035,1802,2671,1915,756,1166,120,1046,2784,1829,955,821,373,448,1963,1456,507
17,NYC-Brooklyn Community District 11--Bensonhurst & Bath Beach PUMA,4419,1857,2562,3377,1167,2210,1042,690,352,1500,178,1322,1453,178,1275,47,0,47,2386,1349,1037,1794,989,805,592,360,232,533,330,203,130,0,130,403,330,73
18,Tompkins County PUMA,1706,746,960,1356,594,762,350,152,198,772,329,443,683,329,354,89,0,89,934,417,517,673,265,408,261,152,109,0,0,0,0,0,0,0,0,0
19,Dutchess County (Southwest) PUMA,7707,3357,4350,7037,3221,3816,670,136,534,1721,343,1378,1669,343,1326,52,0,52,4261,2396,1865,3966,2299,1667,295,97,198,1725,618,1107,1402,579,823,323,39,284
20,NYC-Queens Community District 9--Richmond Hill & Woodhaven PUMA,16209,7604,8605,11757,6107,5650,4452,1497,2955,4114,1789,2325,3228,1430,1798,886,359,527,11036,5122,5914,7678,3984,3694,3358,1138,2220,1059,693,366,851,693,158,208,0,208
21,Westchester County (Northwest) PUMA,7979,3763,4216,6140,2865,3275,1839,898,941,2732,734,1998,2732,734,1998,0,0,0,4651,2628,2023,3182,1905,1277,1469,723,746,596,401,195,226,226,0,370,175,195
22,Albany County (Outside Albany City) PUMA,3236,1635,1601,1792,678,1114,1444,957,487,1136,244,892,996,104,892,140,140,0,1571,862,709,706,484,222,865,378,487,529,529,0,90,90,0,439,439,0
23,Monroe County (South) PUMA,1432,686,746,1290,686,604,142,0,142,749,303,446,642,303,339,107,0,107,683,383,300,648,383,265,35,0,35,0,0,0,0,0,0,0,0,0
24,Jefferson & Lewis Counties PUMA,1873,1235,638,1208,1034,174,665,201,464,275,83,192,155,64,91,120,19,101,1598,1152,446,1053,970,83,545,182,363,0,0,0,0,0,0,0,0,0
25,"Chenango, Delaware & Broome (East) Counties PUMA",991,755,236,358,160,198,633,595,38,222,112,110,196,86,110,26,26,0,428,340,88,142,54,88,286,286,0,341,303,38,20,20,0,321,283,38
26,Erie County (Central) PUMA,1731,916,815,1014,524,490,717,392,325,434,306,128,187,133,54,247,173,74,1246,559,687,827,391,436,419,168,251,51,51,0,0,0,0,51,51,0
27,St. Lawrence County PUMA,277,208,69,217,148,69,60,60,0,144,108,36,144,108,36,0,0,0,133,100,33,73,40,33,60,60,0,0,0,0,0,0,0,0,0,0
28,"NYC-Manhattan Community District 9--Hamilton Heights, Manhattanville & West Harlem PUMA",9106,4029,5077,5346,2520,2826,3760,1509,2251,3219,1812,1407,2412,1137,1275,807,675,132,3951,1319,2632,1954,586,1368,1997,733,1264,1936,898,1038,980,797,183,956,101,855
29,Suffolk County (North Central)--Brookhaven Town (North) PUMA,2194,984,1210,2065,984,1081,129,0,129,764,206,558,764,206,558,0,0,0,1430,778,652,1301,778,523,129,0,129,0,0,0,0,0,0,0,0,0
30,NYC-Brooklyn Community District 1--Greenpoint & Williamsburg PUMA,11929,6388,5541,8566,4737,3829,3363,1651,1712,4361,2101,2260,4140,2101,2039,221,0,221,6411,3376,3035,4158,2463,1695,2253,913,1340,1157,911,246,268,173,95,889,738,151
31,Cayuga & Onondaga (South) Counties PUMA,588,452,136,484,367,117,104,85,19,19,0,19,0,0,0,19,0,19,484,367,117,484,367,117,0,0,0,85,85,0,0,0,0,85,85,0
32,Nassau County (Southeast)--Oyster Bay Town (South) PUMA,2956,1362,1594,2859,1265,1594,97,97,0,1454,753,701,1454,753,701,0,0,0,1406,609,797,1309,512,797,97,97,0,96,0,96,96,0,96,0,0,0
33,Fulton & Montgomery Counties PUMA,3629,1747,1882,1315,954,361,2314,793,1521,293,64,229,163,64,99,130,0,130,2282,1204,1078,603,474,129,1679,730,949,1054,479,575,549,416,133,505,63,442
34,Onondaga County (Central)--Syracuse City (Outer) PUMA,1453,386,1067,1332,386,946,121,0,121,357,241,116,357,241,116,0,0,0,754,145,609,633,145,488,121,0,121,342,0,342,342,0,342,0,0,0
35,NYC-Staten Island Community District 2--New Springville & South Beach PUMA,8179,3876,4303,6499,2899,3600,1680,977,703,1117,52,1065,881,52,829,236,0,236,6047,3222,2825,4732,2374,2358,1315,848,467,1015,602,413,886,473,413,129,129,0
36,Niagara County (Southwest)--Greater Niagara Falls & North Tonawanda Area PUMA,845,360,485,430,279,151,415,81,334,99,0,99,99,0,99,0,0,0,550,258,292,229,177,52,321,81,240,196,102,94,102,102,0,94,0,94
37,Suffolk County (Central)--Brookhaven Town (Central) PUMA,6909,3705,3204,6463,3564,2899,446,141,305,1170,700,470,1170,700,470,0,0,0,5441,2707,2734,4995,2566,2429,446,141,305,298,298,0,298,298,0,0,0,0
38,"NYC-Bronx Community District 7--Bedford Park, Fordham North & Norwood PUMA",19603,8580,11023,11856,6676,5180,7747,1904,5843,2515,929,1586,2109,929,1180,406,0,406,11856,4995,6861,7563,4116,3447,4293,879,3414,5232,2656,2576,2184,1631,553,3048,1025,2023
39,NYC-Queens Community District 4--Elmhurst & South Corona PUMA,3892,1837,2055,2503,1484,1019,1389,353,1036,1132,633,499,916,633,283,216,0,216,2096,1204,892,1276,851,425,820,353,467,664,0,664,311,0,311,353,0,353
40,"NYC-Brooklyn Community District 6--Park Slope, Carroll Gardens & Red Hook PUMA",5861,2819,3042,4108,2395,1713,1753,424,1329,2483,1298,1185,2379,1194,1185,104,104,0,2766,1172,1594,1243,864,379,1523,308,1215,612,349,263,486,337,149,126,12,114
41,Suffolk County (Central)--Islip Town (East) PUMA,3044,1096,1948,3044,1096,1948,0,0,0,780,386,394,780,386,394,0,0,0,1910,535,1375,1910,535,1375,0,0,0,354,175,179,354,175,179,0,0,0
42,"NYC-Brooklyn Community District 9--Crown Heights South, Prospect Lefferts & Wingate PUMA",2870,1827,1043,2569,1742,827,301,85,216,557,312,245,557,312,245,0,0,0,1891,1169,722,1751,1169,582,140,0,140,422,346,76,261,261,0,161,85,76
43,"NYC-Queens Community District 7--Flushing, Murray Hill & Whitestone PUMA",4640,2078,2562,3843,1384,2459,797,694,103,1365,784,581,1169,588,581,196,196,0,2895,980,1915,2406,576,1830,489,404,85,380,314,66,268,220,48,112,94,18
44,NYC-Queens Community District 3--Jackson Heights & North Corona PUMA,8557,4671,3886,6869,4083,2786,1688,588,1100,2424,1519,905,2140,1235,905,284,284,0,5053,2174,2879,3891,2112,1779,1162,62,1100,1080,978,102,838,736,102,242,242,0
45,Saratoga County (Outer) PUMA,912,765,147,912,765,147,0,0,0,256,208,48,256,208,48,0,0,0,656,557,99,656,557,99,0,0,0,0,0,0,0,0,0,0,0,0
46,"NYC-Bronx Community District 12--Wakefield, Williamsbridge & Woodlawn PUMA",8964,3755,5209,4349,1989,2360,4615,1766,2849,1519,577,942,869,269,600,650,308,342,5607,2096,3511,3026,1426,1600,2581,670,1911,1838,1082,756,454,294,160,1384,788,596
47,"NYC-Brooklyn Community District 15--Sheepshead Bay, Gerritsen Beach & Homecrest PUMA",3606,1473,2133,3033,1148,1885,573,325,248,841,307,534,841,307,534,0,0,0,2078,817,1261,1915,654,1261,163,163,0,687,349,338,277,187,90,410,162,248
48,Wayne & Seneca Counties PUMA,1761,1015,746,982,516,466,779,499,280,529,295,234,483,281,202,46,14,32,986,519,467,389,125,264,597,394,203,246,201,45,110,110,0,136,91,45
49,Schenectady County--Schenectady City PUMA,2359,1510,849,1514,1238,276,845,272,573,158,158,0,158,158,0,0,0,0,1891,1042,849,1220,944,276,671,98,573,310,310,0,136,136,0,174,174,0
50,NYC-Brooklyn Community District 10--Bay Ridge & Dyker Heights PUMA,5640,2793,2847,4984,2369,2615,656,424,232,2692,1316,1376,2481,1199,1282,211,117,94,2335,1039,1296,2041,883,1158,294,156,138,613,438,175,462,287,175,151,151,0
51,Nassau County (Northwest)--North Hempstead Town (North) PUMA,2578,1255,1323,2433,1110,1323,145,145,0,743,215,528,743,215,528,0,0,0,1728,933,795,1690,895,795,38,38,0,107,107,0,0,0,0,107,107,0
52,Suffolk County (West Central)--Babylon Town (Northwest) PUMA,8071,5012,3059,6204,3624,2580,1867,1388,479,2392,1267,1125,2392,1267,1125,0,0,0,4536,2695,1841,3040,1664,1376,1496,1031,465,1143,1050,93,772,693,79,371,357,14
53,"NYC-Manhattan Community District 4 & 5--Chelsea, Clinton & Midtown Business District PUMA",7817,3796,4021,6050,3384,2666,1767,412,1355,3465,1585,1880,3129,1300,1829,336,285,51,3319,1892,1427,2483,1765,718,836,127,709,1033,319,714,438,319,119,595,0,595
54,Columbia & Greene Counties PUMA,724,134,590,364,84,280,360,50,310,178,0,178,82,0,82,96,0,96,496,84,412,282,84,198,214,0,214,50,50,0,0,0,0,50,50,0
55,Rensselaer County--Troy City PUMA,2710,1073,1637,1890,1047,843,820,26,794,118,0,118,118,0,118,0,0,0,1577,987,590,1379,961,418,198,26,172,1015,86,929,393,86,307,622,0,622
56,Erie County (West Central)--Buffalo City (West) PUMA,8664,4658,4006,4981,3363,1618,3683,1295,2388,1093,540,553,817,439,378,276,101,175,5234,2937,2297,3791,2551,1240,1443,386,1057,2337,1181,1156,373,373,0,1964,808,1156
57,Erie County (South) PUMA,704,190,514,494,118,376,210,72,138,209,118,91,164,118,46,45,0,45,449,72,377,284,0,284,165,72,93,46,0,46,46,0,46,0,0,0
58,Oneida County (Central)--Greater Utica & Rome Cities PUMA,3805,2000,1805,603,247,356,3202,1753,1449,786,204,582,115,115,0,671,89,582,1936,917,1019,488,132,356,1448,785,663,1083,879,204,0,0,0,1083,879,204
59,"NYC-Manhattan Community District 12--Washington Heights, Inwood & Marble Hill PUMA",25396,12312,13084,18241,9540,8701,7155,2772,4383,6694,2753,3941,6108,2510,3598,586,243,343,13914,7392,6522,10788,5920,4868,3126,1472,1654,4788,2167,2621,1345,1110,235,3443,1057,2386
60,NYC-Brooklyn Community District 13--Brighton Beach & Coney Island PUMA,7267,3728,3539,5802,3101,2701,1465,627,838,2842,968,1874,1866,593,1273,976,375,601,2882,1573,1309,2782,1473,1309,100,100,0,1543,1187,356,1154,1035,119,389,152,237
61,NYC-Manhattan Community District 10--Central Harlem PUMA,11428,6507,4921,7178,3718,3460,4250,2789,1461,2234,1332,902,1911,1009,902,323,323,0,5865,2700,3165,3452,1035,2417,2413,1665,748,3329,2475,854,1815,1674,141,1514,801,713
62,Nassau County (West Central)--North Hempstead Town (South) PUMA,3244,1237,2007,2262,854,1408,982,383,599,896,200,696,832,200,632,64,0,64,2063,943,1120,1145,560,585,918,383,535,285,94,191,285,94,191,0,0,0
63,NYC-Brooklyn Community District 16--Brownsville & Ocean Hill PUMA,8384,4942,3442,4233,2013,2220,4151,2929,1222,744,402,342,516,174,342,228,228,0,4479,2509,1970,2882,1461,1421,1597,1048,549,3161,2031,1130,835,378,457,2326,1653,673
64,Albany County (East Central)--Albany City PUMA,3300,1949,1351,2410,1496,914,890,453,437,790,325,465,790,325,465,0,0,0,2290,1448,842,1576,1171,405,714,277,437,220,176,44,44,0,44,176,176,0
65,Nassau County (West Central)--Hempstead Town (West Central) PUMA,3335,2192,1143,3192,2095,1097,143,97,46,1180,481,699,1180,481,699,0,0,0,2155,1711,444,2012,1614,398,143,97,46,0,0,0,0,0,0,0,0,0
66,Chemung (South) & Steuben (East) Counties--Greater Elmira & Greater Corning Cities PUMA,1435,710,725,352,352,0,1083,358,725,0,0,0,0,0,0,0,0,0,1074,710,364,352,352,0,722,358,364,361,0,361,0,0,0,361,0,361
67,"NYC-Bronx Community District 3 & 6--Belmont, Crotona Park East & East Tremont PUMA",26553,11225,15328,11546,5749,5797,15007,5476,9531,2403,928,1475,1881,826,1055,522,102,420,14433,6130,8303,7239,3648,3591,7194,2482,4712,9717,4167,5550,2426,1275,1151,7291,2892,4399
68,"NYC-Bronx Community District 5--Morris Heights, Fordham South & Mount Hope PUMA",14743,6773,7970,8041,4030,4011,6702,2743,3959,3118,1062,2056,2405,1062,1343,713,0,713,7642,3174,4468,4246,1898,2348,3396,1276,2120,3983,2537,1446,1390,1070,320,2593,1467,1126
69,"NYC-Bronx Community District 8--Riverdale, Fieldston & Kingsbridge PUMA",13619,6765,6854,10988,5812,5176,2631,953,1678,4051,1700,2351,3895,1583,2312,156,117,39,7743,3866,3877,6181,3407,2774,1562,459,1103,1825,1199,626,912,822,90,913,377,536
70,Erie County (Northeast) PUMA,457,400,57,400,400,0,57,0,57,224,224,0,224,224,0,0,0,0,233,176,57,176,176,0,57,0,57,0,0,0,0,0,0,0,0,0
71,NYC-Manhattan Community District 11--East Harlem PUMA,18892,7361,11531,10699,4417,6282,8193,2944,5249,4879,1663,3216,4276,1509,2767,603,154,449,10088,4076,6012,4951,2256,2695,5137,1820,3317,3925,1622,2303,1472,652,820,2453,970,1483
72,Orange County (Southeast) PUMA,7826,4089,3737,7367,3930,3437,459,159,300,1461,563,898,1461,563,898,0,0,0,6134,3295,2839,5675,3136,2539,459,159,300,231,231,0,231,231,0,0,0,0
73,Westchester County (Southeast) PUMA,3290,1504,1786,2812,1504,1308,478,0,478,1875,782,1093,1875,782,1093,0,0,0,1415,722,693,937,722,215,478,0,478,0,0,0,0,0,0,0,0,0
74,NYC-Queens Community District 1--Astoria & Long Island City PUMA,10623,5275,5348,8307,4207,4100,2316,1068,1248,4184,1803,2381,3528,1364,2164,656,439,217,4956,2694,2262,3741,2065,1676,1215,629,586,1483,778,705,1038,778,260,445,0,445
75,Livingston & Wyoming Counties PUMA,424,393,31,176,165,11,248,228,20,91,80,11,91,80,11,0,0,0,125,105,20,33,33,0,92,72,20,208,208,0,52,52,0,156,156,0
76,Suffolk County (Central)--Brookhaven Town (West Central) PUMA,5041,2519,2522,3754,1796,1958,1287,723,564,745,288,457,745,288,457,0,0,0,3572,1709,1863,2807,1508,1299,765,201,564,724,522,202,202,0,202,522,522,0
77,Westchester County (Southwest)--Yonkers City PUMA,16103,6972,9131,11949,5995,5954,4154,977,3177,5293,2817,2476,4605,2475,2130,688,342,346,7798,3302,4496,5943,2818,3125,1855,484,1371,3012,853,2159,1401,702,699,1611,151,1460
78,Erie County (North Central) PUMA,201,116,85,171,116,55,30,0,30,55,0,55,55,0,55,0,0,0,116,116,0,116,116,0,0,0,0,30,0,30,0,0,0,30,0,30
79,Saratoga County (South & Central) PUMA,2217,941,1276,2217,941,1276,0,0,0,468,468,0,468,468,0,0,0,0,1749,473,1276,1749,473,1276,0,0,0,0,0,0,0,0,0,0,0,0
80,Suffolk County (South Central)--Brookhaven Town (South) PUMA,5241,2029,3212,4053,1136,2917,1188,893,295,939,123,816,939,123,816,0,0,0,3724,1613,2111,3008,1013,1995,716,600,116,578,293,285,106,0,106,472,293,179
81,"NYC-Staten Island Community District 3--Tottenville, Great Kills & Annadale PUMA",6348,3064,3284,5083,2697,2386,1265,367,898,1547,480,1067,1547,480,1067,0,0,0,4517,2441,2076,3393,2074,1319,1124,367,757,284,143,141,143,143,0,141,0,141
82,Herkimer (North & Central) & Oneida (Outer) Counties PUMA,916,646,270,587,329,258,329,317,12,17,17,0,17,17,0,0,0,0,835,577,258,518,260,258,317,317,0,64,52,12,52,52,0,12,0,12
83,Niagara County (North & East) PUMA,1070,797,273,689,579,110,381,218,163,236,236,0,18,18,0,218,218,0,634,361,273,471,361,110,163,0,163,200,200,0,200,200,0,0,0,0
84,Monroe County (Central)--Rochester City (East) PUMA,8338,3749,4589,3488,1874,1614,4850,1875,2975,531,135,396,280,75,205,251,60,191,4678,1611,3067,1897,781,1116,2781,830,1951,3129,2003,1126,1311,1018,293,1818,985,833
85,Warren & Washington Counties PUMA,1114,512,602,303,228,75,811,284,527,14,0,14,14,0,14,0,0,0,1100,512,588,289,228,61,811,284,527,0,0,0,0,0,0,0,0,0
86,Nassau County (Southwest)--Hempstead Town (Southwest) & Long Beach City PUMA,1943,1104,839,1929,1104,825,14,0,14,279,153,126,279,153,126,0,0,0,1650,951,699,1650,951,699,0,0,0,14,0,14,0,0,0,14,0,14
87,NYC-Brooklyn Community District 8--Crown Heights North & Prospect Heights PUMA,6562,3324,3238,4373,2515,1858,2189,809,1380,2501,1339,1162,2329,1339,990,172,0,172,2986,1514,1472,1737,1047,690,1249,467,782,1075,471,604,307,129,178,768,342,426
88,Onondaga County (Central)--Syracuse City PUMA,3463,1389,2074,1990,844,1146,1473,545,928,296,32,264,296,32,264,0,0,0,1947,747,1200,1087,612,475,860,135,725,1220,610,610,607,200,407,613,410,203
89,Westchester County (Central)--White Plains City PUMA,7169,3817,3352,6637,3707,2930,532,110,422,2523,918,1605,2523,918,1605,0,0,0,4333,2899,1434,3876,2789,1087,457,110,347,313,0,313,238,0,238,75,0,75
90,NYC-Brooklyn Community District 3--Bedford-Stuyvesant PUMA,6351,2990,3361,3802,1783,2019,2549,1207,1342,1931,908,1023,1865,908,957,66,0,66,3030,1549,1481,1493,633,860,1537,916,621,1390,533,857,444,242,202,946,291,655
91,"NYC-Bronx Community District 1 & 2--Hunts Point, Longwood & Melrose PUMA",22945,10001,12944,9593,4692,4901,13352,5309,8043,2313,1081,1232,1315,440,875,998,641,357,13746,5979,7767,6063,3287,2776,7683,2692,4991,6886,2941,3945,2215,965,1250,4671,1976,2695
92,Cattaraugus & Allegany Counties PUMA,432,103,329,183,8,175,249,95,154,142,0,142,142,0,142,0,0,0,136,8,128,41,8,33,95,0,95,154,95,59,0,0,0,154,95,59
93,Oswego County PUMA,582,204,378,431,53,378,151,151,0,431,53,378,431,53,378,0,0,0,49,49,0,0,0,0,49,49,0,102,102,0,0,0,0,102,102,0
94,"NYC-Queens Community District 5--Ridgewood, Glendale & Middle Village PUMA",15544,7581,7963,11824,5869,5955,3720,1712,2008,2811,1587,1224,2811,1587,1224,0,0,0,10247,5301,4946,7724,3765,3959,2523,1536,987,2486,693,1793,1289,517,772,1197,176,1021
95,Monroe County (East) PUMA,2121,791,1330,1644,655,989,477,136,341,581,127,454,517,63,454,64,64,0,1014,394,620,601,322,279,413,72,341,526,270,256,526,270,256,0,0,0
96,Westchester County (South Central)--New Rochelle & Mount Vernon Cities PUMA,4823,1940,2883,4306,1940,2366,517,0,517,2213,762,1451,2213,762,1451,0,0,0,2370,1178,1192,2093,1178,915,277,0,277,240,0,240,0,0,0,240,0,240
97,"NYC-Queens Community District 14--Far Rockaway, Breezy Point & Broad Channel PUMA",8113,3109,5004,4169,1474,2695,3944,1635,2309,1010,327,683,735,327,408,275,0,275,5825,2378,3447,2941,1147,1794,2884,1231,1653,1278,404,874,493,0,493,785,404,381
98,"NYC-Brooklyn Community District 12--Borough Park, Kensington & Ocean Parkway PUMA",3824,2631,1193,2682,1578,1104,1142,1053,89,1059,473,586,838,252,586,221,221,0,1888,1482,406,1338,974,364,550,508,42,877,676,201,506,352,154,371,324,47
99,"NYC-Bronx Community District 10--Co-op City, Pelham Bay & Schuylerville PUMA",18953,9076,9877,16592,8278,8314,2361,798,1563,5619,2635,2984,5040,2635,2405,579,0,579,11272,5162,6110,10156,4844,5312,1116,318,798,2062,1279,783,1396,799,597,666,480,186
100,"NYC-Queens Community District 11--Bayside, Douglaston & Little Neck PUMA",3490,1956,1534,3474,1956,1518,16,0,16,2081,812,1269,2081,812,1269,0,0,0,1329,1102,227,1313,1102,211,16,0,16,80,42,38,80,42,38,0,0,0
101,"NYC-Manhattan Community District 6--Murray Hill, Gramercy & Stuyvesant Town PUMA",2411,1324,1087,2066,1252,814,345,72,273,1683,857,826,1549,857,692,134,0,134,593,467,126,395,395,0,198,72,126,135,0,135,122,0,122,13,0,13
102,Chautauqua County PUMA,3717,2044,1673,2174,1086,1088,1543,958,585,352,213,139,352,213,139,0,0,0,2431,1263,1168,1660,873,787,771,390,381,934,568,366,162,0,162,772,568,204
103,NYC-Brooklyn Community District 18--Canarsie & Flatlands PUMA,4894,2819,2075,3831,2283,1548,1063,536,527,1222,546,676,1222,546,676,0,0,0,3078,1840,1238,2609,1737,872,469,103,366,594,433,161,0,0,0,594,433,161
104,Erie County (West Central)--Buffalo City (East) PUMA,2245,900,1345,977,435,542,1268,465,803,26,0,26,26,0,26,0,0,0,1386,337,1049,674,158,516,712,179,533,833,563,270,277,277,0,556,286,270
105,Genesee & Orleans Counties PUMA,1299,1024,275,700,649,51,599,375,224,249,198,51,249,198,51,0,0,0,588,470,118,95,95,0,493,375,118,462,356,106,356,356,0,106,0,106
106,"NYC-Staten Island Community District 1--Port Richmond, Stapleton & Mariner's Harbor PUMA",15769,7688,8081,10158,4725,5433,5611,2963,2648,3065,1474,1591,2748,1401,1347,317,73,244,10189,5054,5135,6459,2975,3484,3730,2079,1651,2515,1160,1355,951,349,602,1564,811,753
107,"Steuben (North & West), Schuyler & Chemung (North) Counties PUMA",301,178,123,119,119,0,182,59,123,119,119,0,119,119,0,0,0,0,182,59,123,0,0,0,182,59,123,0,0,0,0,0,0,0,0,0
108,Nassau County (South Central)--Hempstead Town (Southeast) PUMA,3769,2078,1691,3700,2009,1691,69,69,0,1536,682,854,1467,613,854,69,69,0,2156,1319,837,2156,1319,837,0,0,0,77,77,0,77,77,0,0,0,0
109,"NYC-Bronx Community District 9--Castle Hill, Clason Point & Parkchester PUMA",29377,13850,15527,20477,10823,9654,8900,3027,5873,5316,2313,3003,5123,2313,2810,193,0,193,17132,8352,8780,12585,7070,5515,4547,1282,3265,6929,3185,3744,2769,1440,1329,4160,1745,2415
110,Suffolk County (East) PUMA,1680,896,784,430,430,0,1250,466,784,241,241,0,241,241,0,0,0,0,1349,565,784,112,112,0,1237,453,784,90,90,0,77,77,0,13,13,0
111,Orange County (Northwest) PUMA,9155,4265,4890,7066,3542,3524,2089,723,1366,2792,1067,1725,2435,995,1440,357,72,285,4653,2473,2180,3333,1822,1511,1320,651,669,1710,725,985,1298,725,573,412,0,412
112,Broome County (West Central)--Greater Binghamton City & Greater Johnson City Village PUMA,2197,876,1321,1590,682,908,607,194,413,1023,358,665,1023,358,665,0,0,0,1011,432,579,490,324,166,521,108,413,163,86,77,77,0,77,86,86,0
113,"NYC-Bronx Community District 11--Pelham Parkway, Morris Park & Laconia PUMA",19851,9523,10328,14213,6831,7382,5638,2692,2946,4545,1415,3130,4058,1211,2847,487,204,283,11311,5838,5473,8315,4435,3880,2996,1403,1593,3995,2270,1725,1840,1185,655,2155,1085,1070
114,Suffolk County (Northwest)--Smithtown Town PUMA,3577,2081,1496,3452,1982,1470,125,99,26,1552,656,896,1453,557,896,99,99,0,1871,1281,590,1855,1281,574,16,0,16,154,144,10,144,144,0,10,0,10
115,Ulster County (East) PUMA,4303,1547,2756,2888,1138,1750,1415,409,1006,997,355,642,825,355,470,172,0,172,3007,1186,1821,1935,783,1152,1072,403,669,299,6,293,128,0,128,171,6,165
116,Westchester County (Northeast) PUMA,2214,1322,892,1369,841,528,845,481,364,958,585,373,848,475,373,110,110,0,886,573,313,357,202,155,529,371,158,370,164,206,164,164,0,206,0,206
117,NYC-Brooklyn Community District 4--Bushwick PUMA,19748,11192,8556,14686,8400,6286,5062,2792,2270,3214,1073,2141,3110,969,2141,104,104,0,11767,7319,4448,8902,5552,3350,2865,1767,1098,4767,2800,1967,2674,1879,795,2093,921,1172
118,NYC-Manhattan Community District 3--Chinatown & Lower East Side PUMA,16428,8532,7896,10985,6210,4775,5443,2322,3121,4531,2367,2164,4143,2194,1949,388,173,215,9487,4813,4674,6275,3528,2747,3212,1285,1927,2410,1352,1058,567,488,79,1843,864,979
119,Dutchess County (North & East) PUMA,3005,1802,1203,2633,1507,1126,372,295,77,837,391,446,789,343,446,48,48,0,1918,1260,658,1643,1062,581,275,198,77,250,151,99,201,102,99,49,49,0
120,Nassau County (Central)--Hempstead Town (North Central)--Meadowbrook Corridor PUMA,5959,2812,3147,4823,2242,2581,1136,570,566,1970,967,1003,1917,967,950,53,0,53,3857,1722,2135,2783,1152,1631,1074,570,504,132,123,9,123,123,0,9,0,9
121,Broome (Outer West) & Tioga Counties PUMA,341,89,252,254,89,165,87,0,87,88,0,88,52,0,52,36,0,36,172,8,164,121,8,113,51,0,51,81,81,0,81,81,0,0,0,0
122,"Rockland County (South)--Orangetown, Clarkstown (South) & Ramapo (Southeast) Towns PUMA",3976,2812,1164,3868,2704,1164,108,108,0,1016,412,604,1016,412,604,0,0,0,2869,2322,547,2761,2214,547,108,108,0,91,78,13,91,78,13,0,0,0
123,"NYC-Brooklyn Community District 17--East Flatbush, Farragut & Rugby PUMA",2155,1198,957,1611,975,636,544,223,321,265,109,156,265,109,156,0,0,0,1726,1025,701,1256,813,443,470,212,258,164,64,100,90,53,37,74,11,63
124,Orange County (Northeast)--Greater Newburgh City PUMA,7907,4160,3747,6629,3622,3007,1278,538,740,2227,1123,1104,2227,1123,1104,0,0,0,4744,2647,2097,3749,2173,1576,995,474,521,936,390,546,653,326,327,283,64,219
125,"NYC-Manhattan Community District 1 & 2--Battery Park City, Greenwich Village & Soho PUMA",2992,1057,1935,2749,1017,1732,243,40,203,2368,769,1599,2238,769,1469,130,0,130,584,248,336,511,248,263,73,0,73,40,40,0,0,0,0,40,40,0
126,NYC-Queens Community District 6--Forest Hills & Rego Park PUMA,4253,1732,2521,4104,1583,2521,149,149,0,2803,722,2081,2763,682,2081,40,40,0,1259,819,440,1150,710,440,109,109,0,191,191,0,191,191,0,0,0,0
127,Onondaga County (North) PUMA,1122,773,349,1058,709,349,64,64,0,689,606,83,689,606,83,0,0,0,322,167,155,258,103,155,64,64,0,111,0,111,111,0,111,0,0,0
128,Nassau County (Northeast)--Oyster Bay Town (North) & Glen Cove City PUMA,2044,1027,1017,1532,885,647,512,142,370,549,365,184,549,365,184,0,0,0,1459,662,797,983,520,463,476,142,334,36,0,36,0,0,0,36,0,36
129,Monroe County (North & West) PUMA,1189,130,1059,1083,130,953,106,0,106,799,0,799,799,0,799,0,0,0,390,130,260,284,130,154,106,0,106,0,0,0,0,0,0,0,0,0
130,Sullivan & Ulster (West) Counties PUMA,4019,1887,2132,2606,1135,1471,1413,752,661,320,163,157,155,104,51,165,59,106,2708,1483,1225,1979,1031,948,729,452,277,991,241,750,472,0,472,519,241,278
131,Suffolk County (Southwest)--Babylon Town (Southeast) PUMA,3793,2139,1654,3569,2123,1446,224,16,208,1316,341,975,1316,341,975,0,0,0,2327,1782,545,2119,1782,337,208,0,208,150,16,134,134,0,134,16,16,0
132,Suffolk County (Northwest)--Huntington Town (North) PUMA,1448,187,1261,1050,187,863,398,0,398,808,170,638,429,170,259,379,0,379,463,17,446,463,17,446,0,0,0,177,0,177,158,0,158,19,0,19
133,"NYC-Queens Community District 12--Jamaica, Hollis & St. Albans PUMA",7635,3443,4192,5922,2807,3115,1713,636,1077,1169,325,844,1027,325,702,142,0,142,5835,2710,3125,4407,2154,2253,1428,556,872,631,408,223,488,328,160,143,80,63
134,"NYC-Queens Community District 13--Queens Village, Cambria Heights & Rosedale PUMA",8538,3488,5050,7969,3191,4778,569,297,272,1562,621,941,1562,621,941,0,0,0,6261,2579,3682,6067,2385,3682,194,194,0,715,288,427,340,185,155,375,103,272
135,Monroe County (Central)--Rochester City (West) PUMA,5525,3115,2410,2167,853,1314,3358,2262,1096,542,164,378,386,164,222,156,0,156,2857,1423,1434,1495,403,1092,1362,1020,342,2126,1528,598,286,286,0,1840,1242,598
136,NYC-Queens Community District 10--Howard Beach & Ozone Park PUMA,8215,4490,3725,7179,3727,3452,1036,763,273,1560,735,825,1478,653,825,82,82,0,6042,3258,2784,5220,2709,2511,822,549,273,613,497,116,481,365,116,132,132,0
137,Suffolk County (Central)--Islip Town (Northwest) PUMA,10106,4336,5770,8624,3916,4708,1482,420,1062,1838,633,1205,1838,633,1205,0,0,0,6201,2388,3813,5095,2174,2921,1106,214,892,2067,1315,752,1691,1109,582,376,206,170
138,Putnam County PUMA,3826,1613,2213,3115,1387,1728,711,226,485,1659,758,901,1406,758,648,253,0,253,2028,855,1173,1570,629,941,458,226,232,139,0,139,139,0,139,0,0,0
139,NYC-Queens Community District 2--Sunnyside & Woodside PUMA,8485,5336,3149,7663,4985,2678,822,351,471,2716,1178,1538,2622,1178,1444,94,0,94,4708,3342,1366,4208,3119,1089,500,223,277,1061,816,245,833,688,145,228,128,100
140,Nassau County (Central)--Hempstead Town (East Central) PUMA,2753,1613,1140,2464,1324,1140,289,289,0,1175,391,784,1175,391,784,0,0,0,1180,881,299,891,592,299,289,289,0,398,341,57,398,341,57,0,0,0
141,Suffolk County (Northwest)--Huntington Town (South) PUMA,1050,652,398,720,444,276,330,208,122,561,285,276,561,285,276,0,0,0,159,159,0,159,159,0,0,0,0,330,208,122,0,0,0,330,208,122
142,"NYC-Bronx Community District 4--Concourse, Highbridge & Mount Eden PUMA",14047,6473,7574,7513,3926,3587,6534,2547,3987,1351,535,816,1114,440,674,237,95,142,8638,3564,5074,4479,2143,2336,4159,1421,2738,4058,2374,1684,1920,1343,577,2138,1031,1107
143,Nassau County (Central)--Hempstead Town (Northeast) PUMA,2853,487,2366,2738,487,2251,115,0,115,1256,268,988,1256,268,988,0,0,0,1514,219,1295,1399,219,1180,115,0,115,83,0,83,83,0,83,0,0,0
144,NYC-Brooklyn Community District 14--Flatbush & Midwood PUMA,4339,2144,2195,3265,1631,1634,1074,513,561,1570,620,950,1570,620,950,0,0,0,2563,1318,1245,1695,1011,684,868,307,561,206,206,0,0,0,0,206,206,0
145,"Rockland County (West)--Spring Valley, Suffern Villages & Monsey PUMA",1760,872,888,1437,795,642,323,77,246,308,241,67,231,164,67,77,77,0,1218,573,645,1148,573,575,70,0,70,234,58,176,58,58,0,176,0,176
146,Capital Region,16572,8519,8053,11402,6477,4925,5170,2042,3128,3118,1403,1715,2882,1263,1619,236,140,96,11330,5965,5365,7857,4902,2955,3473,1063,2410,2124,1151,973,663,312,351,1461,839,622
147,Central NY,8349,3922,4427,6334,2975,3359,2015,947,1068,2236,1084,1152,2217,1084,1133,19,0,19,4108,1896,2212,2915,1549,1366,1193,347,846,2005,942,1063,1202,342,860,803,600,203
148,Finger Lakes,27643,14329,13314,15300,8318,6982,12343,6011,6332,5192,1634,3558,4077,1496,2581,1115,138,977,15218,7914,7304,8437,4585,3852,6781,3329,3452,7233,4781,2452,2786,2237,549,4447,2544,1903
149,Long Island,96850,47594,49256,82813,40333,42480,14037,7261,6776,28860,12143,16717,28127,11975,16152,733,168,565,58526,29214,29312,48386,24554,23832,10140,4660,5480,9464,6237,3227,6300,3804,2496,3164,2433,731
150,Mid-Hudson,100247,48534,51713,82196,42341,39855,18051,6193,11858,29997,12511,17486,28075,11803,16272,1922,708,1214,58775,31953,26822,47161,27273,19888,11614,4680,6934,11475,4070,7405,6960,3265,3695,4515,805,3710
151,Mohawk Valley,9371,4982,4389,3277,2119,1158,6094,2863,3231,1299,357,942,480,268,212,819,89,730,5607,3182,2425,2163,1350,813,3444,1832,1612,2465,1443,1022,634,501,133,1831,942,889
152,New York City,566445,274195,292250,389631,199319,190312,176814,74876,101938,139216,60755,78461,124069,54270,69799,15147,6485,8662,320921,157509,163412,221139,117287,103852,99782,40222,59560,106308,55931,50377,44423,27762,16661,61885,28169,33716
153,North Country,3016,1786,1230,2066,1519,547,950,267,683,500,266,234,374,247,127,126,19,107,2516,1520,996,1692,1272,420,824,248,576,0,0,0,0,0,0,0,0,0
154,Southern Tier,6971,3354,3617,4029,1996,2033,2942,1358,1584,2224,918,1306,2073,892,1181,151,26,125,3801,1966,1835,1778,1003,775,2023,963,1060,946,470,476,178,101,77,768,369,399
155,Western NY,21822,11180,10642,12465,7204,5261,9357,3976,5381,3193,1637,1556,2407,1145,1262,786,492,294,13589,6606,6983,8898,5107,3791,4691,1499,3192,5040,2937,2103,1160,952,208,3880,1985,1895
