,puma,Total_geo,Total_geo_m,Total_geo_f,Total_Emp_mf_t,Total_emp_m,Total_emp_f,Total_UnEmp_mf_t,Total_UnEmp_m,Total_UnEmp_f,Total_BABS,Total_BABS_m,Total_BABS_f,BABS_Emp_mf_t,BABS_emp_m,BABS_emp_f,BABS_UnEmp_mf_t,BABS_UnEmp_m,BABS_UnEmp_f,Total_HS,Total_HS_m,Total_HS_f,HS_Emp_mf_t,HS_emp_m,HS_emp_f,HS_UnEmp_mf_t,HS_UnEmp_m,HS_UnEmp_f,Total_HSINC,Total_HSINC_m,Total_HSINC_f,HSINC_Emp_mf_t,HSINC_emp_m,HSINC_emp_f,HSINC_UnEmp_mf_t,HSINC_UnEmp_m,HSINC_UnEmp_f
0,Total Geo,4294811,2230542,2064269,4122786,2130051,1992735,172025,100491,71534,2071435,1002001,1069434,2016314,972195,1044119,55121,29806,25315,2083038,1133078,949960,1985005,1075441,909564,98033,57637,40396,140338,95463,44875,121467,82415,39052,18871,13048,5823
1,NYC-Manhattan Community District 7--Upper West Side & West Side PUMA,58530,28699,29831,57174,27518,29656,1356,1181,175,54024,25094,28930,52668,23913,28755,1356,1181,175,4328,3427,901,4328,3427,901,0,0,0,178,178,0,178,178,0,0,0,0
2,Nassau County (West Central)--Hempstead Town (Northwest) PUMA,30156,15817,14339,29172,15181,13991,984,636,348,16940,8637,8303,16466,8402,8064,474,235,239,12075,6379,5696,11647,6060,5587,428,319,109,1141,801,340,1059,719,340,82,82,0
3,NYC-Brooklyn Community District 2--Brooklyn Heights & Fort Greene PUMA,33246,17120,16126,32016,16705,15311,1230,415,815,29825,14451,15374,28634,14075,14559,1191,376,815,3139,2519,620,3100,2480,620,39,39,0,282,150,132,282,150,132,0,0,0
4,Madison & Cortland Counties PUMA,43465,23119,20346,41067,21619,19448,2398,1500,898,13731,6673,7058,13386,6414,6972,345,259,86,28240,15350,12890,26668,14368,12300,1572,982,590,1494,1096,398,1013,837,176,481,259,222
5,Ontario & Yates Counties PUMA,50145,27101,23044,48494,26217,22277,1651,884,767,19471,8922,10549,19224,8877,10347,247,45,202,27496,15676,11820,26108,14837,11271,1388,839,549,3178,2503,675,3162,2503,659,16,0,16
6,Monroe County (Central)--Greece & Gates Towns PUMA,44318,22336,21982,43404,21890,21514,914,446,468,15627,7173,8454,15465,7087,8378,162,86,76,27428,14261,13167,26756,13981,12775,672,280,392,1263,902,361,1183,822,361,80,80,0
7,Nassau County (East Central)--Oyster Bay Town (Central) PUMA,25513,12079,13434,24436,11463,12973,1077,616,461,14959,6796,8163,14628,6620,8008,331,176,155,10285,5014,5271,9539,4574,4965,746,440,306,269,269,0,269,269,0,0,0,0
8,"Clinton, Franklin, Essex & Hamilton Counties PUMA",56399,28499,27900,52982,26444,26538,3417,2055,1362,13603,6044,7559,13015,5884,7131,588,160,428,40332,20562,19770,37831,18952,18879,2501,1610,891,2464,1893,571,2136,1608,528,328,285,43
9,NYC-Manhattan Community District 8--Upper East Side PUMA,66154,31030,35124,64326,29912,34414,1828,1118,710,57396,25921,31475,55771,25006,30765,1625,915,710,8758,5109,3649,8555,4906,3649,203,203,0,0,0,0,0,0,0,0,0,0
10,Suffolk County (Southwest)--Islip Town (South) PUMA,33981,17826,16155,32630,17283,15347,1351,543,808,15182,7166,8016,14474,6921,7553,708,245,463,18219,10424,7795,17679,10126,7553,540,298,242,580,236,344,477,236,241,103,0,103
11,Erie County (Northwest) PUMA,41189,19945,21244,40264,19490,20774,925,455,470,17249,8150,9099,16800,8052,8748,449,98,351,22951,11181,11770,22475,10824,11651,476,357,119,989,614,375,989,614,375,0,0,0
12,"NYC-Queens Community District 8--Briarwood, Fresh Meadows & Hillcrest PUMA",11446,4885,6561,10187,3812,6375,1259,1073,186,7556,3056,4500,6682,2368,4314,874,688,186,3631,1572,2059,3246,1187,2059,385,385,0,259,257,2,259,257,2,0,0,0
13,NYC-Brooklyn Community District 5--East New York & Starrett City PUMA,642,517,125,642,517,125,0,0,0,262,262,0,262,262,0,0,0,0,291,166,125,291,166,125,0,0,0,89,89,0,89,89,0,0,0,0
14,Rockland County (North)--New City & Congers PUMA,24415,11991,12424,23083,11303,11780,1332,688,644,13199,6694,6505,12522,6278,6244,677,416,261,9817,4653,5164,9162,4381,4781,655,272,383,1399,644,755,1399,644,755,0,0,0
15,"Otsego, Schoharie, Oneida (South) & Herkimer (South) Counties PUMA",41288,21851,19437,39147,20621,18526,2141,1230,911,10974,4559,6415,10700,4348,6352,274,211,63,28111,15969,12142,26321,14981,11340,1790,988,802,2203,1323,880,2126,1292,834,77,31,46
16,NYC-Brooklyn Community District 7--Sunset Park & Windsor Terrace PUMA,13791,6797,6994,13540,6622,6918,251,175,76,11053,5006,6047,10802,4831,5971,251,175,76,2404,1614,790,2404,1614,790,0,0,0,334,177,157,334,177,157,0,0,0
17,NYC-Brooklyn Community District 11--Bensonhurst & Bath Beach PUMA,13884,6891,6993,13470,6687,6783,414,204,210,5510,2161,3349,5423,2161,3262,87,0,87,7770,4385,3385,7528,4181,3347,242,204,38,604,345,259,519,345,174,85,0,85
18,Tompkins County PUMA,28583,13722,14861,27840,13250,14590,743,472,271,16158,7965,8193,15808,7675,8133,350,290,60,11829,5212,6617,11536,5130,6406,293,82,211,596,545,51,496,445,51,100,100,0
19,Dutchess County (Southwest) PUMA,43134,23309,19825,41379,22348,19031,1755,961,794,16827,8368,8459,16051,7992,8059,776,376,400,25138,14391,10747,24223,13806,10417,915,585,330,1169,550,619,1105,550,555,64,0,64
20,NYC-Queens Community District 9--Richmond Hill & Woodhaven PUMA,7203,4022,3181,6723,3785,2938,480,237,243,3499,1700,1799,3370,1660,1710,129,40,89,3521,2139,1382,3261,2033,1228,260,106,154,183,183,0,92,92,0,91,91,0
21,Westchester County (Northwest) PUMA,32704,18138,14566,31297,17263,14034,1407,875,532,20963,10854,10109,20518,10610,9908,445,244,201,10912,6854,4058,10016,6223,3793,896,631,265,829,430,399,763,430,333,66,0,66
22,Albany County (Outside Albany City) PUMA,72126,37379,34747,69807,35761,34046,2319,1618,701,30699,16147,14552,30237,15777,14460,462,370,92,39164,19321,19843,37771,18494,19277,1393,827,566,2263,1911,352,1799,1490,309,464,421,43
23,Monroe County (South) PUMA,60780,32217,28563,58966,31539,27427,1814,678,1136,37056,18718,18338,36251,18598,17653,805,120,685,22208,12427,9781,21422,11972,9450,786,455,331,1516,1072,444,1293,969,324,223,103,120
24,Jefferson & Lewis Counties PUMA,47180,25477,21703,45456,24747,20709,1724,730,994,10511,4595,5916,10471,4580,5891,40,15,25,33563,18551,15012,32308,18202,14106,1255,349,906,3106,2331,775,2677,1965,712,429,366,63
25,"Chenango, Delaware & Broome (East) Counties PUMA",36821,18444,18377,35381,17630,17751,1440,814,626,8180,3010,5170,8018,2966,5052,162,44,118,26861,14394,12467,25815,13832,11983,1046,562,484,1780,1040,740,1548,832,716,232,208,24
26,Erie County (Central) PUMA,56130,27583,28547,53759,26337,27422,2371,1246,1125,16287,7167,9120,15823,7092,8731,464,75,389,38725,19587,19138,37050,18565,18485,1675,1022,653,1118,829,289,886,680,206,232,149,83
27,St. Lawrence County PUMA,35427,18086,17341,33514,17218,16296,1913,868,1045,9776,5322,4454,9690,5236,4454,86,86,0,23630,11368,12262,22284,10885,11399,1346,483,863,2021,1396,625,1540,1097,443,481,299,182
28,"NYC-Manhattan Community District 9--Hamilton Heights, Manhattanville & West Harlem PUMA",16294,8181,8113,15551,7768,7783,743,413,330,14011,7041,6970,13401,6628,6773,610,413,197,2283,1140,1143,2150,1140,1010,133,0,133,0,0,0,0,0,0,0,0,0
29,Suffolk County (North Central)--Brookhaven Town (North) PUMA,35295,19229,16066,34066,18599,15467,1229,630,599,18123,9359,8764,17470,8964,8506,653,395,258,16668,9366,7302,16092,9131,6961,576,235,341,504,504,0,504,504,0,0,0,0
30,NYC-Brooklyn Community District 1--Greenpoint & Williamsburg PUMA,41876,23868,18008,39720,22234,17486,2156,1634,522,28515,15228,13287,27212,14447,12765,1303,781,522,11764,7543,4221,10911,6690,4221,853,853,0,1597,1097,500,1597,1097,500,0,0,0
31,Cayuga & Onondaga (South) Counties PUMA,43748,22515,21233,42460,21571,20889,1288,944,344,14203,6128,8075,13999,6004,7995,204,124,80,27422,15017,12405,26399,14258,12141,1023,759,264,2123,1370,753,2062,1309,753,61,61,0
32,Nassau County (Southeast)--Oyster Bay Town (South) PUMA,38883,21016,17867,37425,20225,17200,1458,791,667,18558,8655,9903,18319,8568,9751,239,87,152,20218,12254,7964,18999,11550,7449,1219,704,515,107,107,0,107,107,0,0,0,0
33,Fulton & Montgomery Counties PUMA,36140,18681,17459,33933,17334,16599,2207,1347,860,7586,3053,4533,7409,2912,4497,177,141,36,24903,13600,11303,23284,12466,10818,1619,1134,485,3651,2028,1623,3240,1956,1284,411,72,339
34,Onondaga County (Central)--Syracuse City (Outer) PUMA,61750,30357,31393,59166,28987,30179,2584,1370,1214,28785,14266,14519,27984,13910,14074,801,356,445,31985,15441,16544,30539,14537,16002,1446,904,542,980,650,330,643,540,103,337,110,227
35,NYC-Staten Island Community District 2--New Springville & South Beach PUMA,26996,13598,13398,26261,13265,12996,735,333,402,11236,4687,6549,10905,4520,6385,331,167,164,14801,8237,6564,14494,8168,6326,307,69,238,959,674,285,862,577,285,97,97,0
36,Niagara County (Southwest)--Greater Niagara Falls & North Tonawanda Area PUMA,34128,16879,17249,32459,15801,16658,1669,1078,591,7270,3024,4246,7194,2948,4246,76,76,0,25373,12653,12720,24419,12183,12236,954,470,484,1485,1202,283,846,670,176,639,532,107
37,Suffolk County (Central)--Brookhaven Town (Central) PUMA,33590,17946,15644,32134,17134,15000,1456,812,644,14484,7222,7262,13985,6998,6987,499,224,275,18401,10019,8382,17444,9431,8013,957,588,369,705,705,0,705,705,0,0,0,0
38,"NYC-Bronx Community District 7--Bedford Park, Fordham North & Norwood PUMA",2042,1128,914,1672,1024,648,370,104,266,1046,701,345,942,597,345,104,104,0,634,234,400,368,234,134,266,0,266,362,193,169,362,193,169,0,0,0
39,NYC-Queens Community District 4--Elmhurst & South Corona PUMA,2433,1312,1121,2357,1312,1045,76,0,76,878,449,429,802,449,353,76,0,76,980,288,692,980,288,692,0,0,0,575,575,0,575,575,0,0,0,0
40,"NYC-Brooklyn Community District 6--Park Slope, Carroll Gardens & Red Hook PUMA",44122,22458,21664,43033,21860,21173,1089,598,491,39870,19683,20187,39028,19243,19785,842,440,402,3816,2587,1229,3658,2429,1229,158,158,0,436,188,248,347,188,159,89,0,89
41,Suffolk County (Central)--Islip Town (East) PUMA,37229,17911,19318,34908,16496,18412,2321,1415,906,17090,7395,9695,16464,7152,9312,626,243,383,19683,10060,9623,18164,9064,9100,1519,996,523,456,456,0,280,280,0,176,176,0
42,"NYC-Brooklyn Community District 9--Crown Heights South, Prospect Lefferts & Wingate PUMA",7875,3904,3971,7641,3786,3855,234,118,116,6255,3074,3181,6021,2956,3065,234,118,116,1403,700,703,1403,700,703,0,0,0,217,130,87,217,130,87,0,0,0
43,"NYC-Queens Community District 7--Flushing, Murray Hill & Whitestone PUMA",16589,9025,7564,16036,8898,7138,553,127,426,8410,4223,4187,8320,4133,4187,90,90,0,7843,4575,3268,7380,4538,2842,463,37,426,336,227,109,336,227,109,0,0,0
44,NYC-Queens Community District 3--Jackson Heights & North Corona PUMA,6132,4298,1834,6052,4218,1834,80,80,0,4237,3166,1071,4237,3166,1071,0,0,0,1067,620,447,987,540,447,80,80,0,828,512,316,828,512,316,0,0,0
45,Saratoga County (Outer) PUMA,48062,25228,22834,46363,24680,21683,1699,548,1151,17396,8237,9159,16976,8099,8877,420,138,282,29756,16213,13543,28477,15803,12674,1279,410,869,910,778,132,910,778,132,0,0,0
46,"NYC-Bronx Community District 12--Wakefield, Williamsbridge & Woodlawn PUMA",2471,1107,1364,2327,1107,1220,144,0,144,1100,469,631,1100,469,631,0,0,0,1227,638,589,1227,638,589,0,0,0,144,0,144,0,0,0,144,0,144
47,"NYC-Brooklyn Community District 15--Sheepshead Bay, Gerritsen Beach & Homecrest PUMA",13662,7666,5996,12739,7267,5472,923,399,524,6925,3152,3773,6293,2928,3365,632,224,408,6402,4352,2050,6158,4224,1934,244,128,116,335,162,173,288,115,173,47,47,0
48,Wayne & Seneca Counties PUMA,46556,24765,21791,44385,22991,21394,2171,1774,397,11009,4962,6047,10777,4730,6047,232,232,0,32840,17896,14944,31095,16548,14547,1745,1348,397,2707,1907,800,2513,1713,800,194,194,0
49,Schenectady County--Schenectady City PUMA,45279,23673,21606,44039,23175,20864,1240,498,742,20056,9932,10124,19692,9902,9790,364,30,334,23962,13008,10954,23164,12618,10546,798,390,408,1261,733,528,1183,655,528,78,78,0
50,NYC-Brooklyn Community District 10--Bay Ridge & Dyker Heights PUMA,20252,10912,9340,19023,10051,8972,1229,861,368,13666,6515,7151,13341,6190,7151,325,325,0,6276,4345,1931,5425,3809,1616,851,536,315,310,52,258,257,52,205,53,0,53
51,Nassau County (Northwest)--North Hempstead Town (North) PUMA,23367,13029,10338,22577,12446,10131,790,583,207,18137,10055,8082,17530,9570,7960,607,485,122,5072,2830,2242,4889,2732,2157,183,98,85,158,144,14,158,144,14,0,0,0
52,Suffolk County (West Central)--Babylon Town (Northwest) PUMA,20581,11801,8780,19005,10631,8374,1576,1170,406,9136,4876,4260,7938,3915,4023,1198,961,237,11207,6740,4467,10829,6531,4298,378,209,169,238,185,53,238,185,53,0,0,0
53,"NYC-Manhattan Community District 4 & 5--Chelsea, Clinton & Midtown Business District PUMA",51956,30209,21747,50592,29441,21151,1364,768,596,47197,27332,19865,46460,26985,19475,737,347,390,4566,2821,1745,3939,2400,1539,627,421,206,193,56,137,193,56,137,0,0,0
54,Columbia & Greene Counties PUMA,36467,19202,17265,35638,18670,16968,829,532,297,12332,5686,6646,12178,5686,6492,154,0,154,22445,12253,10192,22184,12135,10049,261,118,143,1690,1263,427,1276,849,427,414,414,0
55,Rensselaer County--Troy City PUMA,60224,31848,28376,57118,29676,27442,3106,2172,934,20374,9208,11166,19593,8833,10760,781,375,406,37013,20157,16856,34920,18592,16328,2093,1565,528,2837,2483,354,2605,2251,354,232,232,0
56,Erie County (West Central)--Buffalo City (West) PUMA,24969,12478,12491,23690,11588,12102,1279,890,389,15113,7598,7515,14430,7092,7338,683,506,177,9107,4554,4553,8511,4170,4341,596,384,212,749,326,423,749,326,423,0,0,0
57,Erie County (South) PUMA,71873,37603,34270,69305,35932,33373,2568,1671,897,27489,12351,15138,26503,11516,14987,986,835,151,42173,23601,18572,40665,22839,17826,1508,762,746,2211,1651,560,2137,1577,560,74,74,0
58,Oneida County (Central)--Greater Utica & Rome Cities PUMA,43838,22471,21367,41291,20690,20601,2547,1781,766,14776,7448,7328,14405,7122,7283,371,326,45,26884,13676,13208,25257,12444,12813,1627,1232,395,2178,1347,831,1629,1124,505,549,223,326
59,"NYC-Manhattan Community District 12--Washington Heights, Inwood & Marble Hill PUMA",24439,11446,12993,24298,11446,12852,141,0,141,20214,9248,10966,20073,9248,10825,141,0,141,3951,1924,2027,3951,1924,2027,0,0,0,274,274,0,274,274,0,0,0,0
60,NYC-Brooklyn Community District 13--Brighton Beach & Coney Island PUMA,4583,2649,1934,4046,2233,1813,537,416,121,2172,1008,1164,1853,810,1043,319,198,121,1860,1213,647,1642,995,647,218,218,0,551,428,123,551,428,123,0,0,0
61,NYC-Manhattan Community District 10--Central Harlem PUMA,10178,5225,4953,10114,5161,4953,64,64,0,8943,4361,4582,8943,4361,4582,0,0,0,975,604,371,911,540,371,64,64,0,260,260,0,260,260,0,0,0,0
62,Nassau County (West Central)--North Hempstead Town (South) PUMA,22431,11243,11188,22160,11103,11057,271,140,131,14583,7046,7537,14527,7046,7481,56,0,56,7533,4088,3445,7393,3948,3445,140,140,0,315,109,206,240,109,131,75,0,75
63,NYC-Brooklyn Community District 16--Brownsville & Ocean Hill PUMA,728,392,336,728,392,336,0,0,0,255,81,174,255,81,174,0,0,0,422,311,111,422,311,111,0,0,0,51,0,51,51,0,51,0,0,0
64,Albany County (East Central)--Albany City PUMA,21904,11053,10851,21214,10767,10447,690,286,404,11991,6023,5968,11886,6023,5863,105,0,105,9240,4527,4713,8788,4374,4414,452,153,299,673,503,170,540,370,170,133,133,0
65,Nassau County (West Central)--Hempstead Town (West Central) PUMA,19370,10294,9076,18606,9596,9010,764,698,66,10104,5332,4772,9781,5075,4706,323,257,66,8932,4865,4067,8491,4424,4067,441,441,0,334,97,237,334,97,237,0,0,0
66,Chemung (South) & Steuben (East) Counties--Greater Elmira & Greater Corning Cities PUMA,35742,18296,17446,34147,17216,16931,1595,1080,515,11783,4764,7019,11298,4470,6828,485,294,191,22919,12687,10232,22204,12296,9908,715,391,324,1040,845,195,645,450,195,395,395,0
67,"NYC-Bronx Community District 3 & 6--Belmont, Crotona Park East & East Tremont PUMA",521,193,328,521,193,328,0,0,0,339,91,248,339,91,248,0,0,0,182,102,80,182,102,80,0,0,0,0,0,0,0,0,0,0,0,0
68,"NYC-Bronx Community District 5--Morris Heights, Fordham South & Mount Hope PUMA",81,81,0,81,81,0,0,0,0,0,0,0,0,0,0,0,0,0,81,81,0,81,81,0,0,0,0,0,0,0,0,0,0,0,0,0
69,"NYC-Bronx Community District 8--Riverdale, Fieldston & Kingsbridge PUMA",9754,4397,5357,9255,4257,4998,499,140,359,7272,3690,3582,6938,3550,3388,334,140,194,2427,707,1720,2262,707,1555,165,0,165,55,0,55,55,0,55,0,0,0
70,Erie County (Northeast) PUMA,44999,23839,21160,44560,23495,21065,439,344,95,20543,9678,10865,20421,9556,10865,122,122,0,23455,13160,10295,23138,12938,10200,317,222,95,1001,1001,0,1001,1001,0,0,0,0
71,NYC-Manhattan Community District 11--East Harlem PUMA,7286,4074,3212,6929,4074,2855,357,0,357,5942,3570,2372,5942,3570,2372,0,0,0,1268,428,840,911,428,483,357,0,357,76,76,0,76,76,0,0,0,0
72,Orange County (Southeast) PUMA,31418,17387,14031,30401,16796,13605,1017,591,426,14286,7256,7030,14180,7207,6973,106,49,57,15688,8915,6773,14777,8373,6404,911,542,369,1444,1216,228,1444,1216,228,0,0,0
73,Westchester County (Southeast) PUMA,23745,13409,10336,22307,12537,9770,1438,872,566,17382,9366,8016,16605,9155,7450,777,211,566,5612,3292,2320,5350,3030,2320,262,262,0,751,751,0,352,352,0,399,399,0
74,NYC-Queens Community District 1--Astoria & Long Island City PUMA,35147,19658,15489,33482,18440,15042,1665,1218,447,26418,14695,11723,25376,13866,11510,1042,829,213,8103,4607,3496,7540,4278,3262,563,329,234,626,356,270,566,296,270,60,60,0
75,Livingston & Wyoming Counties PUMA,37226,19127,18099,35720,18287,17433,1506,840,666,8118,3266,4852,7967,3209,4758,151,57,94,26441,14527,11914,25122,13780,11342,1319,747,572,2667,1334,1333,2631,1298,1333,36,36,0
76,Suffolk County (Central)--Brookhaven Town (West Central) PUMA,42723,21290,21433,40831,19876,20955,1892,1414,478,13852,5833,8019,13697,5741,7956,155,92,63,28281,15146,13135,26544,13824,12720,1737,1322,415,590,311,279,590,311,279,0,0,0
77,Westchester County (Southwest)--Yonkers City PUMA,23456,11115,12341,22434,10447,11987,1022,668,354,12664,4893,7771,12195,4708,7487,469,185,284,10160,5917,4243,9830,5587,4243,330,330,0,632,305,327,409,152,257,223,153,70
78,Erie County (North Central) PUMA,37954,18745,19209,37407,18544,18863,547,201,346,25500,13127,12373,24953,12926,12027,547,201,346,12218,5533,6685,12218,5533,6685,0,0,0,236,85,151,236,85,151,0,0,0
79,Saratoga County (South & Central) PUMA,42291,22662,19629,40637,21891,18746,1654,771,883,21606,10248,11358,21293,10182,11111,313,66,247,19673,11923,7750,18500,11386,7114,1173,537,636,1012,491,521,844,323,521,168,168,0
80,Suffolk County (South Central)--Brookhaven Town (South) PUMA,39559,19163,20396,38145,18338,19807,1414,825,589,12893,5276,7617,12893,5276,7617,0,0,0,24434,12571,11863,23751,12277,11474,683,294,389,2232,1316,916,1501,785,716,731,531,200
81,"NYC-Staten Island Community District 3--Tottenville, Great Kills & Annadale PUMA",51042,25032,26010,48105,23359,24746,2937,1673,1264,19998,10015,9983,19264,9437,9827,734,578,156,30320,14347,15973,28185,13320,14865,2135,1027,1108,724,670,54,656,602,54,68,68,0
82,Herkimer (North & Central) & Oneida (Outer) Counties PUMA,43881,22803,21078,42346,21783,20563,1535,1020,515,11708,5267,6441,11562,5164,6398,146,103,43,29433,15650,13783,28517,15206,13311,916,444,472,2740,1886,854,2267,1413,854,473,473,0
83,Niagara County (North & East) PUMA,41339,21452,19887,39464,20158,19306,1875,1294,581,12066,5285,6781,12066,5285,6781,0,0,0,27060,14936,12124,25445,13790,11655,1615,1146,469,2213,1231,982,1953,1083,870,260,148,112
84,Monroe County (Central)--Rochester City (East) PUMA,22041,12057,9984,20743,11296,9447,1298,761,537,10162,4948,5214,9733,4880,4853,429,68,361,11174,6491,4683,10478,5971,4507,696,520,176,705,618,87,532,445,87,173,173,0
85,Warren & Washington Counties PUMA,47812,25003,22809,45855,24001,21854,1957,1002,955,13263,4477,8786,13134,4430,8704,129,47,82,32032,18623,13409,30477,17941,12536,1555,682,873,2517,1903,614,2244,1630,614,273,273,0
86,Nassau County (Southwest)--Hempstead Town (Southwest) & Long Beach City PUMA,29272,14944,14328,27555,14187,13368,1717,757,960,18514,9096,9418,17143,8563,8580,1371,533,838,10365,5584,4781,10019,5360,4659,346,224,122,393,264,129,393,264,129,0,0,0
87,NYC-Brooklyn Community District 8--Crown Heights North & Prospect Heights PUMA,16461,8591,7870,16210,8388,7822,251,203,48,14159,6731,7428,14028,6600,7428,131,131,0,2144,1702,442,2024,1630,394,120,72,48,158,158,0,158,158,0,0,0,0
88,Onondaga County (Central)--Syracuse City PUMA,26786,13815,12971,25857,13421,12436,929,394,535,13064,6224,6840,13064,6224,6840,0,0,0,11511,6367,5144,10866,6110,4756,645,257,388,2211,1224,987,1927,1087,840,284,137,147
89,Westchester County (Central)--White Plains City PUMA,36837,18527,18310,36005,18080,17925,832,447,385,29817,14803,15014,29216,14439,14777,601,364,237,6761,3570,3191,6530,3487,3043,231,83,148,259,154,105,259,154,105,0,0,0
90,NYC-Brooklyn Community District 3--Bedford-Stuyvesant PUMA,14622,8485,6137,14024,8277,5747,598,208,390,8461,4969,3492,8307,4815,3492,154,154,0,5453,3119,2334,5009,3065,1944,444,54,390,708,397,311,708,397,311,0,0,0
91,"NYC-Bronx Community District 1 & 2--Hunts Point, Longwood & Melrose PUMA",1073,587,486,1001,515,486,72,72,0,308,139,169,308,139,169,0,0,0,374,57,317,374,57,317,0,0,0,391,391,0,319,319,0,72,72,0
92,Cattaraugus & Allegany Counties PUMA,42601,22828,19773,39765,20815,18950,2836,2013,823,8913,4104,4809,8685,3961,4724,228,143,85,30872,16654,14218,28667,15187,13480,2205,1467,738,2816,2070,746,2413,1667,746,403,403,0
93,Oswego County PUMA,43185,22131,21054,39744,19823,19921,3441,2308,1133,7631,3998,3633,7325,3715,3610,306,283,23,31230,15723,15507,29204,14412,14792,2026,1311,715,4324,2410,1914,3215,1696,1519,1109,714,395
94,"NYC-Queens Community District 5--Ridgewood, Glendale & Middle Village PUMA",25206,13157,12049,23828,12676,11152,1378,481,897,9290,3955,5335,8998,3864,5134,292,91,201,15085,8835,6250,14131,8445,5686,954,390,564,831,367,464,699,367,332,132,0,132
95,Monroe County (East) PUMA,47012,23613,23399,46204,23044,23160,808,569,239,22667,10964,11703,22340,10637,11703,327,327,0,22984,11608,11376,22503,11366,11137,481,242,239,1361,1041,320,1361,1041,320,0,0,0
96,Westchester County (South Central)--New Rochelle & Mount Vernon Cities PUMA,28696,14752,13944,27670,14172,13498,1026,580,446,19660,9651,10009,19062,9499,9563,598,152,446,8530,4595,3935,8265,4330,3935,265,265,0,506,506,0,343,343,0,163,163,0
97,"NYC-Queens Community District 14--Far Rockaway, Breezy Point & Broad Channel PUMA",12463,6845,5618,11253,5982,5271,1210,863,347,7542,4335,3207,7051,3927,3124,491,408,83,4601,2358,2243,3928,1903,2025,673,455,218,320,152,168,274,152,122,46,0,46
98,"NYC-Brooklyn Community District 12--Borough Park, Kensington & Ocean Parkway PUMA",22735,13022,9713,21929,12657,9272,806,365,441,7034,4137,2897,6639,3977,2662,395,160,235,12705,6561,6144,12294,6356,5938,411,205,206,2996,2324,672,2996,2324,672,0,0,0
99,"NYC-Bronx Community District 10--Co-op City, Pelham Bay & Schuylerville PUMA",11624,6556,5068,11067,6289,4778,557,267,290,4673,2126,2547,4612,2065,2547,61,61,0,6089,3918,2171,5883,3712,2171,206,206,0,862,512,350,572,512,60,290,0,290
100,"NYC-Queens Community District 11--Bayside, Douglaston & Little Neck PUMA",16007,8087,7920,15159,7877,7282,848,210,638,8968,4264,4704,8758,4054,4704,210,210,0,6692,3476,3216,6054,3476,2578,638,0,638,347,347,0,347,347,0,0,0,0
101,"NYC-Manhattan Community District 6--Murray Hill, Gramercy & Stuyvesant Town PUMA",49096,23910,25186,47332,22723,24609,1764,1187,577,46594,21861,24733,44914,20758,24156,1680,1103,577,2502,2049,453,2418,1965,453,84,84,0,0,0,0,0,0,0,0,0,0
102,Chautauqua County PUMA,46012,23297,22715,43433,22105,21328,2579,1192,1387,11702,5514,6188,11310,5275,6035,392,239,153,30408,15329,15079,28668,14376,14292,1740,953,787,3902,2454,1448,3455,2454,1001,447,0,447
103,NYC-Brooklyn Community District 18--Canarsie & Flatlands PUMA,11812,6492,5320,11301,6057,5244,511,435,76,5262,2659,2603,5071,2468,2603,191,191,0,6217,3624,2593,6065,3508,2557,152,116,36,333,209,124,165,81,84,168,128,40
104,Erie County (West Central)--Buffalo City (East) PUMA,21085,10932,10153,19248,10136,9112,1837,796,1041,4736,2069,2667,4479,2069,2410,257,0,257,14787,7998,6789,14052,7620,6432,735,378,357,1562,865,697,717,447,270,845,418,427
105,Genesee & Orleans Counties PUMA,36682,18571,18111,35463,18139,17324,1219,432,787,9465,3859,5606,9427,3859,5568,38,0,38,25646,13567,12079,24508,13158,11350,1138,409,729,1571,1145,426,1528,1122,406,43,23,20
106,"NYC-Staten Island Community District 1--Port Richmond, Stapleton & Mariner's Harbor PUMA",18738,9357,9381,18180,9179,9001,558,178,380,10147,3643,6504,9951,3643,6308,196,0,196,8375,5589,2786,8013,5411,2602,362,178,184,216,125,91,216,125,91,0,0,0
107,"Steuben (North & West), Schuyler & Chemung (North) Counties PUMA",35938,18967,16971,33666,17591,16075,2272,1376,896,9876,3849,6027,9323,3732,5591,553,117,436,23506,13734,9772,22062,12694,9368,1444,1040,404,2556,1384,1172,2281,1165,1116,275,219,56
108,Nassau County (South Central)--Hempstead Town (Southeast) PUMA,25644,13243,12401,24530,12522,12008,1114,721,393,14527,6276,8251,14065,5985,8080,462,291,171,10996,6967,4029,10401,6537,3864,595,430,165,121,0,121,64,0,64,57,0,57
109,"NYC-Bronx Community District 9--Castle Hill, Clason Point & Parkchester PUMA",2185,1109,1076,1984,908,1076,201,201,0,564,240,324,363,39,324,201,201,0,1304,739,565,1304,739,565,0,0,0,317,130,187,317,130,187,0,0,0
110,Suffolk County (East) PUMA,35874,19011,16863,34474,18053,16421,1400,958,442,16327,7514,8813,16103,7442,8661,224,72,152,19010,10999,8011,18205,10484,7721,805,515,290,537,498,39,166,127,39,371,371,0
111,Orange County (Northwest) PUMA,30356,16313,14043,29547,15937,13610,809,376,433,10952,5070,5882,10753,5003,5750,199,67,132,18638,10550,8088,18130,10343,7787,508,207,301,766,693,73,664,591,73,102,102,0
112,Broome County (West Central)--Greater Binghamton City & Greater Johnson City Village PUMA,34222,17129,17093,32714,16253,16461,1508,876,632,11638,5539,6099,11273,5203,6070,365,336,29,20896,10529,10367,19876,10112,9764,1020,417,603,1688,1061,627,1565,938,627,123,123,0
113,"NYC-Bronx Community District 11--Pelham Parkway, Morris Park & Laconia PUMA",6747,3008,3739,6250,3008,3242,497,0,497,2246,892,1354,2085,892,1193,161,0,161,4248,2063,2185,3912,2063,1849,336,0,336,253,53,200,253,53,200,0,0,0
114,Suffolk County (Northwest)--Smithtown Town PUMA,41183,22321,18862,39779,21209,18570,1404,1112,292,22158,11305,10853,21526,10777,10749,632,528,104,19025,11016,8009,18253,10432,7821,772,584,188,0,0,0,0,0,0,0,0,0
115,Ulster County (East) PUMA,50261,25611,24650,48692,24828,23864,1569,783,786,17975,8073,9902,17639,7807,9832,336,266,70,30266,16137,14129,29164,15682,13482,1102,455,647,2020,1401,619,1889,1339,550,131,62,69
116,Westchester County (Northeast) PUMA,41937,22504,19433,40860,21958,18902,1077,546,531,28355,15590,12765,27723,15412,12311,632,178,454,13582,6914,6668,13137,6546,6591,445,368,77,0,0,0,0,0,0,0,0,0
117,NYC-Brooklyn Community District 4--Bushwick PUMA,13403,8867,4536,13001,8541,4460,402,326,76,9425,5853,3572,9124,5628,3496,301,225,76,3978,3014,964,3877,2913,964,101,101,0,0,0,0,0,0,0,0,0,0
118,NYC-Manhattan Community District 3--Chinatown & Lower East Side PUMA,28067,16115,11952,26970,15381,11589,1097,734,363,23728,13627,10101,22765,13027,9738,963,600,363,4260,2409,1851,4126,2275,1851,134,134,0,79,79,0,79,79,0,0,0,0
119,Dutchess County (North & East) PUMA,42076,22578,19498,39521,20904,18617,2555,1674,881,19022,9000,10022,18627,8673,9954,395,327,68,21325,12096,9229,19773,11284,8489,1552,812,740,1729,1482,247,1121,947,174,608,535,73
120,Nassau County (Central)--Hempstead Town (North Central)--Meadowbrook Corridor PUMA,6094,3211,2883,5654,2771,2883,440,440,0,3546,1521,2025,3546,1521,2025,0,0,0,2445,1587,858,2005,1147,858,440,440,0,103,103,0,103,103,0,0,0,0
121,Broome (Outer West) & Tioga Counties PUMA,40809,22474,18335,38549,21065,17484,2260,1409,851,11700,5546,6154,11576,5438,6138,124,108,16,27124,15553,11571,25011,14275,10736,2113,1278,835,1985,1375,610,1962,1352,610,23,23,0
122,"Rockland County (South)--Orangetown, Clarkstown (South) & Ramapo (Southeast) Towns PUMA",25798,13443,12355,25391,13084,12307,407,359,48,13750,6753,6997,13703,6748,6955,47,5,42,11762,6556,5206,11402,6202,5200,360,354,6,286,134,152,286,134,152,0,0,0
123,"NYC-Brooklyn Community District 17--East Flatbush, Farragut & Rugby PUMA",1489,842,647,1241,594,647,248,248,0,590,175,415,590,175,415,0,0,0,651,419,232,651,419,232,0,0,0,248,248,0,0,0,0,248,248,0
124,Orange County (Northeast)--Greater Newburgh City PUMA,31360,15934,15426,29861,15221,14640,1499,713,786,10196,5016,5180,9676,4583,5093,520,433,87,20585,10377,10208,19606,10097,9509,979,280,699,579,541,38,579,541,38,0,0,0
125,"NYC-Manhattan Community District 1 & 2--Battery Park City, Greenwich Village & Soho PUMA",54020,28535,25485,52230,27911,24319,1790,624,1166,48941,24835,24106,47585,24505,23080,1356,330,1026,4961,3582,1379,4527,3288,1239,434,294,140,118,118,0,118,118,0,0,0,0
126,NYC-Queens Community District 6--Forest Hills & Rego Park PUMA,14926,8380,6546,14597,8104,6493,329,276,53,11891,6395,5496,11615,6119,5496,276,276,0,2605,1890,715,2552,1890,662,53,0,53,430,95,335,430,95,335,0,0,0
127,Onondaga County (North) PUMA,49128,24155,24973,47401,23193,24208,1727,962,765,21461,9811,11650,21388,9738,11650,73,73,0,26992,13818,13174,25599,13041,12558,1393,777,616,675,526,149,414,414,0,261,112,149
128,Nassau County (Northeast)--Oyster Bay Town (North) & Glen Cove City PUMA,30142,16800,13342,29502,16487,13015,640,313,327,20709,11503,9206,20493,11441,9052,216,62,154,8907,4909,3998,8483,4658,3825,424,251,173,526,388,138,526,388,138,0,0,0
129,Monroe County (North & West) PUMA,39983,20345,19638,38795,19742,19053,1188,603,585,16386,7773,8613,15974,7652,8322,412,121,291,22105,11511,10594,21447,11147,10300,658,364,294,1492,1061,431,1374,943,431,118,118,0
130,Sullivan & Ulster (West) Counties PUMA,31342,16094,15248,30034,15403,14631,1308,691,617,10774,4292,6482,10584,4292,6292,190,0,190,18568,10479,8089,17790,10128,7662,778,351,427,2000,1323,677,1660,983,677,340,340,0
131,Suffolk County (Southwest)--Babylon Town (Southeast) PUMA,30799,15248,15551,29431,14429,15002,1368,819,549,12570,5133,7437,12153,5076,7077,417,57,360,17135,9216,7919,16673,8863,7810,462,353,109,1094,899,195,605,490,115,489,409,80
132,Suffolk County (Northwest)--Huntington Town (North) PUMA,31155,16518,14637,30738,16279,14459,417,239,178,19832,10343,9489,19485,10104,9381,347,239,108,11097,5949,5148,11027,5949,5078,70,0,70,226,226,0,226,226,0,0,0,0
133,"NYC-Queens Community District 12--Jamaica, Hollis & St. Albans PUMA",552,131,421,421,0,421,131,131,0,60,0,60,60,0,60,0,0,0,386,131,255,255,0,255,131,131,0,106,0,106,106,0,106,0,0,0
134,"NYC-Queens Community District 13--Queens Village, Cambria Heights & Rosedale PUMA",8005,3826,4179,7783,3742,4041,222,84,138,3458,1342,2116,3374,1258,2116,84,84,0,4358,2484,1874,4286,2484,1802,72,0,72,189,0,189,123,0,123,66,0,66
135,Monroe County (Central)--Rochester City (West) PUMA,11967,6126,5841,11512,5770,5742,455,356,99,4733,2834,1899,4583,2684,1899,150,150,0,5822,2659,3163,5576,2512,3064,246,147,99,1412,633,779,1353,574,779,59,59,0
136,NYC-Queens Community District 10--Howard Beach & Ozone Park PUMA,11463,5416,6047,10509,4934,5575,954,482,472,4850,1617,3233,4850,1617,3233,0,0,0,6289,3589,2700,5449,3107,2342,840,482,358,324,210,114,210,210,0,114,0,114
137,Suffolk County (Central)--Islip Town (Northwest) PUMA,10417,5113,5304,9789,4485,5304,628,628,0,1736,652,1084,1736,652,1084,0,0,0,8012,3844,4168,7384,3216,4168,628,628,0,669,617,52,669,617,52,0,0,0
138,Putnam County PUMA,34865,17386,17479,34502,17074,17428,363,312,51,15567,6511,9056,15516,6511,9005,51,0,51,18546,10274,8272,18234,9962,8272,312,312,0,752,601,151,752,601,151,0,0,0
139,NYC-Queens Community District 2--Sunnyside & Woodside PUMA,16199,7772,8427,15258,7092,8166,941,680,261,10730,5233,5497,10075,4807,5268,655,426,229,5152,2414,2738,4866,2160,2706,286,254,32,317,125,192,317,125,192,0,0,0
140,Nassau County (Central)--Hempstead Town (East Central) PUMA,36990,19250,17740,35403,18948,16455,1587,302,1285,23160,10841,12319,21930,10599,11331,1230,242,988,13805,8389,5416,13448,8329,5119,357,60,297,25,20,5,25,20,5,0,0,0
141,Suffolk County (Northwest)--Huntington Town (South) PUMA,34783,17970,16813,34128,17602,16526,655,368,287,19325,10058,9267,19098,10058,9040,227,0,227,14646,7646,7000,14218,7278,6940,428,368,60,812,266,546,812,266,546,0,0,0
142,"NYC-Bronx Community District 4--Concourse, Highbridge & Mount Eden PUMA",1368,564,804,1368,564,804,0,0,0,1198,564,634,1198,564,634,0,0,0,170,0,170,170,0,170,0,0,0,0,0,0,0,0,0,0,0,0
143,Nassau County (Central)--Hempstead Town (Northeast) PUMA,34145,17415,16730,33207,16834,16373,938,581,357,14505,7180,7325,14350,7084,7266,155,96,59,19072,9767,9305,18289,9282,9007,783,485,298,568,468,100,568,468,100,0,0,0
144,NYC-Brooklyn Community District 14--Flatbush & Midwood PUMA,16229,9141,7088,15210,8543,6667,1019,598,421,11063,5401,5662,10590,5200,5390,473,201,272,4847,3534,1313,4453,3213,1240,394,321,73,319,206,113,167,130,37,152,76,76
145,"Rockland County (West)--Spring Valley, Suffern Villages & Monsey PUMA",19906,11915,7991,18398,10759,7639,1508,1156,352,7467,4113,3354,7288,3934,3354,179,179,0,9757,5953,3804,9064,5375,3689,693,578,115,2682,1849,833,2046,1450,596,636,399,237
146,Capital Region,374165,196048,178117,360671,188621,172050,13494,7427,6067,147717,69958,77759,144989,68932,76057,2728,1026,1702,213285,116025,97260,204281,111343,92938,9004,4682,4322,13163,10065,3098,11401,8346,3055,1762,1719,43
147,Central NY,268062,136092,131970,255695,128614,127081,12367,7478,4889,98875,47100,51775,97146,46005,51141,1729,1095,634,157380,81716,75664,149275,76726,72549,8105,4990,3115,11807,7276,4531,9274,5883,3391,2533,1393,1140
148,Finger Lakes,396710,206258,190452,383686,198915,184771,13024,7343,5681,154694,73419,81275,151741,72213,79528,2953,1206,1747,224144,120623,103521,215015,115272,99743,9129,5351,3778,17872,12216,5656,16930,11430,5500,942,786,156
149,Long Island,749176,389688,359488,720285,372177,348108,28891,17511,11380,380950,185070,195880,369800,179550,190250,11150,5520,5630,355523,195629,159894,339866,185207,154659,15657,10422,5235,12703,8989,3714,10619,7420,3199,2084,1569,515
150,Mid-Hudson,552306,290406,261900,531382,278114,253268,20924,12292,8632,278856,136303,142553,271858,132851,139007,6998,3452,3546,255647,141523,114124,244453,134836,109617,11194,6687,4507,17803,12580,5223,15071,10427,4644,2732,2153,579
151,Mohawk Valley,165147,85806,79341,156717,80428,76289,8430,5378,3052,45044,20327,24717,44076,19546,24530,968,781,187,109331,58895,50436,103379,55097,48282,5952,3798,2154,10772,6584,4188,9262,5785,3477,1510,799,711
152,New York City,975845,509569,466276,936747,487367,449380,39098,22202,16896,695206,345123,350083,673568,332142,341426,21638,12981,8657,259939,150891,109048,244501,142557,101944,15438,8334,7104,20700,13555,7145,18678,12668,6010,2022,887,1135
153,North Country,139006,72062,66944,131952,68409,63543,7054,3653,3401,33890,15961,17929,33176,15700,17476,714,261,453,97525,50481,47044,92423,48039,44384,5102,2442,2660,7591,5620,1971,6353,4670,1683,1238,950,288
154,Southern Tier,212115,109032,103083,202297,103005,99292,9818,6027,3791,69335,30673,38662,67296,29484,37812,2039,1189,850,133135,72109,61026,126504,68339,58165,6631,3770,2861,9645,6250,3395,8497,5182,3315,1148,1068,80
155,Western NY,462279,235581,226698,443354,224401,218953,18925,11180,7745,166868,78067,88801,162664,75772,86892,4204,2295,1909,277129,145186,131943,265308,138025,127283,11821,7161,4660,18282,12328,5954,15382,10604,4778,2900,1724,1176
