,puma,Total_geo,Total_geo_m,Total_geo_f,Total_NP_mf_t,Total_NP_m,Total_NP_f,Total_P_mf_t,Total_P_m,Total_P_f,Total_BABS,Total_BABS_m,Total_BABS_f,BABS_NP_mf_t,BABS_NP_m,BABS_NP_f,BABS_P_mf_t,BABS_P_m,BABS_P_f,Total_HS,Total_HS_m,Total_HS_f,HS_NP_mf_t,HS_NP_m,HS_NP_f,HS_P_mf_t,HS_P_m,HS_P_f,Total_HSINC,Total_HSINC_m,Total_HSINC_f,HSINC_NP_mf_t,HSINC_NP_m,HSINC_NP_f,HSINC_P_mf_t,HSINC_P_m,HSINC_P_f
0,Total Geo,3650183,2028953,1621230,3485367,1938407,1546960,164816,90546,74270,1822631,928665,893966,1789848,911361,878487,32783,17304,15479,1724980,1024421,700559,1612933,963655,649278,112047,60766,51281,102572,75867,26705,82586,63391,19195,19986,12476,7510
1,NYC-Manhattan Community District 7--Upper West Side & West Side PUMA,65457,29618,35839,61213,27701,33512,4244,1917,2327,58695,25758,32937,56349,24225,32124,2346,1533,813,6498,3682,2816,4686,3298,1388,1812,384,1428,264,178,86,178,178,0,86,0,86
2,Nassau County (West Central)--Hempstead Town (Northwest) PUMA,35256,17444,17812,33397,17024,16373,1859,420,1439,19186,9071,10115,18462,8714,9748,724,357,367,14223,7370,6853,13401,7327,6074,822,43,779,1847,1003,844,1534,983,551,313,20,293
3,NYC-Brooklyn Community District 2--Brooklyn Heights & Fort Greene PUMA,37538,19269,18269,33497,16751,16746,4041,2518,1523,32594,15680,16914,30570,14586,15984,2024,1094,930,4592,3369,1223,2784,2082,702,1808,1287,521,352,220,132,143,83,60,209,137,72
4,Madison & Cortland Counties PUMA,55611,27809,27802,45207,23428,21779,10404,4381,6023,14921,7112,7809,14123,6528,7595,798,584,214,37602,18709,18893,29258,15917,13341,8344,2792,5552,3088,1988,1100,1826,983,843,1262,1005,257
5,Ontario & Yates Counties PUMA,62050,30464,31586,52993,27081,25912,9057,3383,5674,21919,9732,12187,21098,9540,11558,821,192,629,35582,17859,17723,29000,15375,13625,6582,2484,4098,4549,2873,1676,2895,2166,729,1654,707,947
6,Monroe County (Central)--Greece & Gates Towns PUMA,53522,26165,27357,47853,23513,24340,5669,2652,3017,16872,7529,9343,16217,7296,8921,655,233,422,34508,17298,17210,30170,15308,14862,4338,1990,2348,2142,1338,804,1466,909,557,676,429,247
7,Nassau County (East Central)--Oyster Bay Town (Central) PUMA,31417,14807,16610,29892,13989,15903,1525,818,707,17168,7370,9798,16440,7140,9300,728,230,498,13537,7168,6369,12740,6580,6160,797,588,209,712,269,443,712,269,443,0,0,0
8,"Clinton, Franklin, Essex & Hamilton Counties PUMA",77561,38899,38662,60548,31104,29444,17013,7795,9218,15047,6426,8621,14353,6338,8015,694,88,606,55641,28294,27347,43008,22569,20439,12633,5725,6908,6873,4179,2694,3187,2197,990,3686,1982,1704
9,NYC-Manhattan Community District 8--Upper East Side PUMA,75005,33772,41233,71327,32123,39204,3678,1649,2029,64719,27917,36802,62237,27148,35089,2482,769,1713,10286,5855,4431,9090,4975,4115,1196,880,316,0,0,0,0,0,0,0,0,0
10,Suffolk County (Southwest)--Islip Town (South) PUMA,40766,20257,20509,37555,18763,18792,3211,1494,1717,16762,7511,9251,16762,7511,9251,0,0,0,23271,12453,10818,20560,11195,9365,2711,1258,1453,733,293,440,233,57,176,500,236,264
11,Erie County (Northwest) PUMA,47827,22628,25199,42335,20829,21506,5492,1799,3693,18607,8418,10189,18244,8320,9924,363,98,265,27785,13374,14411,23088,11895,11193,4697,1479,3218,1435,836,599,1003,614,389,432,222,210
12,"NYC-Queens Community District 8--Briarwood, Fresh Meadows & Hillcrest PUMA",14766,6554,8212,13482,5725,7757,1284,829,455,9344,4224,5120,8594,3675,4919,750,549,201,4952,1994,2958,4440,1736,2704,512,258,254,470,336,134,448,314,134,22,22,0
13,NYC-Brooklyn Community District 5--East New York & Starrett City PUMA,914,559,355,687,557,130,227,2,225,302,302,0,302,302,0,0,0,0,521,166,355,296,166,130,225,0,225,91,91,0,89,89,0,2,2,0
14,Rockland County (North)--New City & Congers PUMA,28603,13269,15334,27076,12808,14268,1527,461,1066,14640,6999,7641,14195,6712,7483,445,287,158,12284,5346,6938,11369,5203,6166,915,143,772,1679,924,755,1512,893,619,167,31,136
15,"Otsego, Schoharie, Oneida (South) & Herkimer (South) Counties PUMA",51947,25709,26238,43165,21322,21843,8782,4387,4395,12330,5047,7283,10825,4334,6491,1505,713,792,36126,19030,17096,30202,15866,14336,5924,3164,2760,3491,1632,1859,2138,1122,1016,1353,510,843
16,NYC-Brooklyn Community District 7--Sunset Park & Windsor Terrace PUMA,16181,7807,8374,14415,6907,7508,1766,900,866,11895,5345,6550,11467,4995,6472,428,350,78,3757,2203,1554,2608,1729,879,1149,474,675,529,259,270,340,183,157,189,76,113
17,NYC-Brooklyn Community District 11--Bensonhurst & Bath Beach PUMA,18604,8428,10176,16069,7150,8919,2535,1278,1257,6373,2429,3944,5735,2018,3717,638,411,227,11184,5565,5619,9544,4859,4685,1640,706,934,1047,434,613,790,273,517,257,161,96
18,Tompkins County PUMA,35632,16549,19083,29938,14422,15516,5694,2127,3567,19170,8918,10252,17471,8568,8903,1699,350,1349,15432,6872,8560,11688,5309,6379,3744,1563,2181,1030,759,271,779,545,234,251,214,37
19,Dutchess County (Southwest) PUMA,53234,26838,26396,48441,24530,23911,4793,2308,2485,19498,8995,10503,18875,8739,10136,623,256,367,32350,17097,15253,28495,15247,13248,3855,1850,2005,1386,746,640,1071,544,527,315,202,113
20,NYC-Queens Community District 9--Richmond Hill & Woodhaven PUMA,8761,4519,4242,7803,4108,3695,958,411,547,3770,1777,1993,3425,1606,1819,345,171,174,4505,2520,1985,4140,2410,1730,365,110,255,486,222,264,238,92,146,248,130,118
21,Westchester County (Northwest) PUMA,39083,20243,18840,37038,19411,17627,2045,832,1213,23942,11441,12501,23342,11269,12073,600,172,428,13994,8138,5856,13097,7712,5385,897,426,471,1147,664,483,599,430,169,548,234,314
22,Albany County (Outside Albany City) PUMA,86197,42283,43914,79475,38980,40495,6722,3303,3419,34995,18055,16940,33329,17260,16069,1666,795,871,48134,22227,25907,44234,20200,24034,3900,2027,1873,3068,2001,1067,1912,1520,392,1156,481,675
23,Monroe County (South) PUMA,71215,35467,35748,66497,33097,33400,4718,2370,2348,41132,19450,21682,40220,18907,21313,912,543,369,27633,14228,13405,24834,13284,11550,2799,944,1855,2450,1789,661,1443,906,537,1007,883,124
24,Jefferson & Lewis Counties PUMA,61000,30871,30129,50045,26273,23772,10955,4598,6357,12815,5454,7361,11939,5182,6757,876,272,604,43298,22206,21092,35126,19002,16124,8172,3204,4968,4887,3211,1676,2980,2089,891,1907,1122,785
25,"Chenango, Delaware & Broome (East) Counties PUMA",51233,25512,25721,38357,19894,18463,12876,5618,7258,10076,3729,6347,8767,3372,5395,1309,357,952,36625,18996,17629,27116,14961,12155,9509,4035,5474,4532,2787,1745,2474,1561,913,2058,1226,832
26,Erie County (Central) PUMA,69463,33146,36317,60023,29213,30810,9440,3933,5507,18618,7637,10981,17406,7222,10184,1212,415,797,48306,24048,24258,40726,20872,19854,7580,3176,4404,2539,1461,1078,1891,1119,772,648,342,306
27,St. Lawrence County PUMA,48319,24112,24207,37382,19474,17908,10937,4638,6299,11946,6174,5772,11081,5951,5130,865,223,642,32543,15785,16758,24325,12369,11956,8218,3416,4802,3830,2153,1677,1976,1154,822,1854,999,855
28,"NYC-Manhattan Community District 9--Hamilton Heights, Manhattanville & West Harlem PUMA",18509,9272,9237,16002,7876,8126,2507,1396,1111,16129,8043,8086,14127,7011,7116,2002,1032,970,2372,1229,1143,1875,865,1010,497,364,133,8,0,8,0,0,0,8,0,8
29,Suffolk County (North Central)--Brookhaven Town (North) PUMA,43584,21868,21716,40396,20513,19883,3188,1355,1833,21051,9909,11142,20682,9747,10935,369,162,207,21342,11321,10021,19195,10247,8948,2147,1074,1073,1191,638,553,519,519,0,672,119,553
30,NYC-Brooklyn Community District 1--Greenpoint & Williamsburg PUMA,50002,26921,23081,38963,21731,17232,11039,5190,5849,29919,15813,14106,28055,15234,12821,1864,579,1285,17530,9749,7781,9804,5702,4102,7726,4047,3679,2553,1359,1194,1104,795,309,1449,564,885
31,Cayuga & Onondaga (South) Counties PUMA,53777,26851,26926,47146,24308,22838,6631,2543,4088,16669,6875,9794,15604,6732,8872,1065,143,922,33812,18095,15717,29513,16187,13326,4299,1908,2391,3296,1881,1415,2029,1389,640,1267,492,775
32,Nassau County (Southeast)--Oyster Bay Town (South) PUMA,47844,24775,23069,46022,24120,21902,1822,655,1167,21821,9723,12098,21209,9359,11850,612,364,248,25790,14945,10845,24737,14761,9976,1053,184,869,233,107,126,76,0,76,157,107,50
33,Fulton & Montgomery Counties PUMA,47199,23664,23535,36881,19037,17844,10318,4627,5691,8451,3568,4883,7568,3035,4533,883,533,350,33347,17613,15734,26500,14461,12039,6847,3152,3695,5401,2483,2918,2813,1541,1272,2588,942,1646
34,Onondaga County (Central)--Syracuse City (Outer) PUMA,73384,35049,38335,65953,31745,34208,7431,3304,4127,32141,15442,16699,30708,14656,16052,1433,786,647,39640,18668,20972,34320,16634,17686,5320,2034,3286,1603,939,664,925,455,470,678,484,194
35,NYC-Staten Island Community District 2--New Springville & South Beach PUMA,36124,17512,18612,32874,16041,16833,3250,1471,1779,13163,5458,7705,12837,5458,7379,326,0,326,20120,10576,9544,18137,9560,8577,1983,1016,967,2841,1478,1363,1900,1023,877,941,455,486
36,Niagara County (Southwest)--Greater Niagara Falls & North Tonawanda Area PUMA,44135,22076,22059,35148,18358,16790,8987,3718,5269,8158,3285,4873,7463,3140,4323,695,145,550,33141,16964,16177,26541,14485,12056,6600,2479,4121,2836,1827,1009,1144,733,411,1692,1094,598
37,Suffolk County (Central)--Brookhaven Town (Central) PUMA,42268,21731,20537,39403,20724,18679,2865,1007,1858,15890,7922,7968,15375,7680,7695,515,242,273,24573,12274,12299,22669,11863,10806,1904,411,1493,1805,1535,270,1359,1181,178,446,354,92
38,"NYC-Bronx Community District 7--Bedford Park, Fordham North & Norwood PUMA",3297,1648,1649,1309,935,374,1988,713,1275,1046,701,345,941,701,240,105,0,105,1633,706,927,368,234,134,1265,472,793,618,241,377,0,0,0,618,241,377
39,NYC-Queens Community District 4--Elmhurst & South Corona PUMA,2883,1312,1571,2235,1232,1003,648,80,568,878,449,429,787,449,338,91,0,91,1280,288,992,796,208,588,484,80,404,725,575,150,652,575,77,73,0,73
40,"NYC-Brooklyn Community District 6--Park Slope, Carroll Gardens & Red Hook PUMA",47646,23292,24354,45612,22623,22989,2034,669,1365,42362,20359,22003,41215,19986,21229,1147,373,774,4630,2745,1885,3961,2449,1512,669,296,373,654,188,466,436,188,248,218,0,218
41,Suffolk County (Central)--Islip Town (East) PUMA,44557,21605,22952,43368,20963,22405,1189,642,547,18762,8125,10637,18525,8125,10400,237,0,237,24968,12842,12126,24053,12237,11816,915,605,310,827,638,189,790,601,189,37,37,0
42,"NYC-Brooklyn Community District 9--Crown Heights South, Prospect Lefferts & Wingate PUMA",9224,4453,4771,7560,3510,4050,1664,943,721,7085,3376,3709,6004,2664,3340,1081,712,369,1821,846,975,1469,846,623,352,0,352,318,231,87,87,0,87,231,231,0
43,"NYC-Queens Community District 7--Flushing, Murray Hill & Whitestone PUMA",22457,11539,10918,19328,10315,9013,3129,1224,1905,10720,5153,5567,9572,5037,4535,1148,116,1032,10845,5787,5058,9394,5062,4332,1451,725,726,892,599,293,362,216,146,530,383,147
44,NYC-Queens Community District 3--Jackson Heights & North Corona PUMA,7816,5193,2623,6724,4655,2069,1092,538,554,4592,3315,1277,4386,3109,1277,206,206,0,2112,1366,746,1715,1034,681,397,332,65,1112,512,600,623,512,111,489,0,489
45,Saratoga County (Outer) PUMA,58664,28791,29873,53683,26499,27184,4981,2292,2689,20869,9222,11647,19521,9034,10487,1348,188,1160,35905,18096,17809,32939,16572,16367,2966,1524,1442,1890,1473,417,1223,893,330,667,580,87
46,"NYC-Bronx Community District 12--Wakefield, Williamsbridge & Woodlawn PUMA",3130,1170,1960,2869,1170,1699,261,0,261,1146,469,677,1146,469,677,0,0,0,1806,701,1105,1723,701,1022,83,0,83,178,0,178,0,0,0,178,0,178
47,"NYC-Brooklyn Community District 15--Sheepshead Bay, Gerritsen Beach & Homecrest PUMA",18649,9169,9480,15791,7977,7814,2858,1192,1666,7958,3516,4442,7583,3217,4366,375,299,76,9886,5252,4634,7833,4448,3385,2053,804,1249,805,401,404,375,312,63,430,89,341
48,Wayne & Seneca Counties PUMA,58816,28799,30017,48757,24553,24204,10059,4246,5813,12300,5390,6910,11352,4872,6480,948,518,430,41917,21064,20853,35463,18324,17139,6454,2740,3714,4599,2345,2254,1942,1357,585,2657,988,1669
49,Schenectady County--Schenectady City PUMA,59138,28823,30315,50320,25219,25101,8818,3604,5214,23408,10934,12474,22434,10573,11861,974,361,613,33177,16129,17048,26791,13677,13114,6386,2452,3934,2553,1760,793,1095,969,126,1458,791,667
50,NYC-Brooklyn Community District 10--Bay Ridge & Dyker Heights PUMA,24537,12694,11843,22233,11365,10868,2304,1329,975,15396,7083,8313,14839,6822,8017,557,261,296,8505,5379,3126,7044,4363,2681,1461,1016,445,636,232,404,350,180,170,286,52,234
51,Nassau County (Northwest)--North Hempstead Town (North) PUMA,28810,14086,14724,27358,13404,13954,1452,682,770,22754,10821,11933,21634,10313,11321,1120,508,612,5880,3103,2777,5566,2947,2619,314,156,158,176,162,14,158,144,14,18,18,0
52,Suffolk County (West Central)--Babylon Town (Northwest) PUMA,24891,13392,11499,22263,12641,9622,2628,751,1877,10051,5254,4797,8786,4925,3861,1265,329,936,14215,7953,6262,13013,7531,5482,1202,422,780,625,185,440,464,185,279,161,0,161
53,"NYC-Manhattan Community District 4 & 5--Chelsea, Clinton & Midtown Business District PUMA",58595,34932,23663,53481,31763,21718,5114,3169,1945,52659,31252,21407,49074,28614,20460,3585,2638,947,5575,3456,2119,4214,3093,1121,1361,363,998,361,224,137,193,56,137,168,168,0
54,Columbia & Greene Counties PUMA,48175,24068,24107,37198,18892,18306,10977,5176,5801,14669,6246,8423,13183,5966,7217,1486,280,1206,30989,16226,14763,22800,12222,10578,8189,4004,4185,2517,1596,921,1215,704,511,1302,892,410
55,Rensselaer County--Troy City PUMA,72047,35438,36609,65051,31661,33390,6996,3777,3219,22704,9843,12861,21507,9240,12267,1197,603,594,45638,22554,23084,40659,20019,20640,4979,2535,2444,3705,3041,664,2885,2402,483,820,639,181
56,Erie County (West Central)--Buffalo City (West) PUMA,32725,16404,16321,25173,12740,12433,7552,3664,3888,16303,8177,8126,14232,6986,7246,2071,1191,880,14423,6815,7608,9970,5172,4798,4453,1643,2810,1999,1412,587,971,582,389,1028,830,198
57,Erie County (South) PUMA,86097,43381,42716,79402,39462,39940,6695,3919,2776,29840,13282,16558,29443,13028,16415,397,254,143,52750,27985,24765,47242,24786,22456,5508,3199,2309,3507,2114,1393,2717,1648,1069,790,466,324
58,Oneida County (Central)--Greater Utica & Rome Cities PUMA,57201,27876,29325,46705,23669,23036,10496,4207,6289,17519,8430,9089,15911,7470,8441,1608,960,648,35808,17525,18283,28969,14839,14130,6839,2686,4153,3874,1921,1953,1825,1360,465,2049,561,1488
59,"NYC-Manhattan Community District 12--Washington Heights, Inwood & Marble Hill PUMA",28318,13116,15202,24853,11572,13281,3465,1544,1921,22795,10329,12466,20318,9117,11201,2477,1212,1265,4921,2384,2537,4143,2063,2080,778,321,457,602,403,199,392,392,0,210,11,199
60,NYC-Brooklyn Community District 13--Brighton Beach & Coney Island PUMA,8199,3810,4389,5724,2715,3009,2475,1095,1380,2845,1081,1764,2531,883,1648,314,198,116,3614,1692,1922,2580,1288,1292,1034,404,630,1740,1037,703,613,544,69,1127,493,634
61,NYC-Manhattan Community District 10--Central Harlem PUMA,11730,6038,5692,9567,4596,4971,2163,1442,721,9785,4853,4932,9028,4181,4847,757,672,85,1426,846,580,415,415,0,1011,431,580,519,339,180,124,0,124,395,339,56
62,Nassau County (West Central)--North Hempstead Town (South) PUMA,26641,12879,13762,25549,12603,12946,1092,276,816,16064,7439,8625,15823,7364,8459,241,75,166,10204,5331,4873,9559,5130,4429,645,201,444,373,109,264,167,109,58,206,0,206
63,NYC-Brooklyn Community District 16--Brownsville & Ocean Hill PUMA,1380,706,674,536,392,144,844,314,530,255,81,174,134,81,53,121,0,121,905,516,389,351,311,40,554,205,349,220,109,111,51,0,51,169,109,60
64,Albany County (East Central)--Albany City PUMA,26253,13482,12771,21355,10720,10635,4898,2762,2136,13406,6557,6849,11949,5557,6392,1457,1000,457,11291,5718,5573,8895,4712,4183,2396,1006,1390,1556,1207,349,511,451,60,1045,756,289
65,Nassau County (West Central)--Hempstead Town (West Central) PUMA,22905,11792,11113,21309,11277,10032,1596,515,1081,11790,6245,5545,11444,6128,5316,346,117,229,10550,5336,5214,9768,5052,4716,782,284,498,565,211,354,97,97,0,468,114,354
66,Chemung (South) & Steuben (East) Counties--Greater Elmira & Greater Corning Cities PUMA,45354,22094,23260,37954,18872,19082,7400,3222,4178,13332,5231,8101,12776,5068,7708,556,163,393,30062,15298,14764,24035,12837,11198,6027,2461,3566,1960,1565,395,1143,967,176,817,598,219
67,"NYC-Bronx Community District 3 & 6--Belmont, Crotona Park East & East Tremont PUMA",881,479,402,223,102,121,658,377,281,339,91,248,121,0,121,218,91,127,342,262,80,102,102,0,240,160,80,200,126,74,0,0,0,200,126,74
68,"NYC-Bronx Community District 5--Morris Heights, Fordham South & Mount Hope PUMA",179,135,44,81,81,0,98,54,44,0,0,0,0,0,0,0,0,0,179,135,44,81,81,0,98,54,44,0,0,0,0,0,0,0,0,0
69,"NYC-Bronx Community District 8--Riverdale, Fieldston & Kingsbridge PUMA",11483,5299,6184,10967,5145,5822,516,154,362,8050,4015,4035,7792,3933,3859,258,82,176,3208,1284,1924,2950,1212,1738,258,72,186,225,0,225,225,0,225,0,0,0
70,Erie County (Northeast) PUMA,53174,26540,26634,48965,24797,24168,4209,1743,2466,22992,10319,12673,21609,9633,11976,1383,686,697,28549,14915,13634,26068,13995,12073,2481,920,1561,1633,1306,327,1288,1169,119,345,137,208
71,NYC-Manhattan Community District 11--East Harlem PUMA,9051,4905,4146,7059,3889,3170,1992,1016,976,6953,3881,3072,6257,3570,2687,696,311,385,1913,943,970,802,319,483,1111,624,487,185,81,104,0,0,0,185,81,104
72,Orange County (Southeast) PUMA,40976,21023,19953,35626,18040,17586,5350,2983,2367,15759,7521,8238,15425,7283,8142,334,238,96,22406,12202,10204,19334,10324,9010,3072,1878,1194,2811,1300,1511,867,433,434,1944,867,1077
73,Westchester County (Southeast) PUMA,30622,15200,15422,28099,14221,13878,2523,979,1544,21546,10242,11304,20184,9900,10284,1362,342,1020,8135,4155,3980,7164,3570,3594,971,585,386,941,803,138,751,751,0,190,52,138
74,NYC-Queens Community District 1--Astoria & Long Island City PUMA,38827,21053,17774,35224,19501,15723,3603,1552,2051,27592,15254,12338,26011,14622,11389,1581,632,949,10487,5357,5130,8674,4533,4141,1813,824,989,748,442,306,539,346,193,209,96,113
75,Livingston & Wyoming Counties PUMA,47357,23493,23864,38954,19558,19396,8403,3935,4468,9678,3873,5805,9019,3633,5386,659,240,419,33700,17446,16254,27384,14310,13074,6316,3136,3180,3979,2174,1805,2551,1615,936,1428,559,869
76,Suffolk County (Central)--Brookhaven Town (West Central) PUMA,51413,25365,26048,47163,23026,24137,4250,2339,1911,15181,6131,9050,14552,5610,8942,629,521,108,34682,18392,16290,31704,17012,14692,2978,1380,1598,1550,842,708,907,404,503,643,438,205
77,Westchester County (Southwest)--Yonkers City PUMA,31773,14885,16888,26054,12402,13652,5719,2483,3236,15294,5943,9351,13389,5169,8220,1905,774,1131,15376,8368,7008,12187,7001,5186,3189,1367,1822,1103,574,529,478,232,246,625,342,283
78,Erie County (North Central) PUMA,45285,21380,23905,41866,20411,21455,3419,969,2450,28588,13619,14969,27566,13349,14217,1022,270,752,16240,7625,8615,14081,6994,7087,2159,631,1528,457,136,321,219,68,151,238,68,170
79,Saratoga County (South & Central) PUMA,51241,25210,26031,44870,23102,21768,6371,2108,4263,23911,10779,13132,22894,10695,12199,1017,84,933,25162,13411,11751,21250,12089,9161,3912,1322,2590,2168,1020,1148,726,318,408,1442,702,740
80,Suffolk County (South Central)--Brookhaven Town (South) PUMA,47615,22198,25417,44089,20614,23475,3526,1584,1942,14600,5521,9079,14430,5422,9008,170,99,71,29750,14871,14879,27055,13835,13220,2695,1036,1659,3265,1806,1459,2604,1357,1247,661,449,212
81,"NYC-Staten Island Community District 3--Tottenville, Great Kills & Annadale PUMA",63379,29039,34340,57808,26990,30818,5571,2049,3522,22098,10386,11712,21552,10221,11331,546,165,381,40096,17906,22190,35599,16336,19263,4497,1570,2927,1185,747,438,657,433,224,528,314,214
82,Herkimer (North & Central) & Oneida (Outer) Counties PUMA,56837,28662,28175,47788,24823,22965,9049,3839,5210,13305,5608,7697,12770,5334,7436,535,274,261,38630,20198,18432,31861,17523,14338,6769,2675,4094,4902,2856,2046,3157,1966,1191,1745,890,855
83,Niagara County (North & East) PUMA,52462,25640,26822,43656,21571,22085,8806,4069,4737,13771,5689,8082,13365,5376,7989,406,313,93,35103,18295,16808,27453,14968,12485,7650,3327,4323,3588,1656,1932,2838,1227,1611,750,429,321
84,Monroe County (Central)--Rochester City (East) PUMA,26570,14183,12387,21309,12064,9245,5261,2119,3142,11034,5220,5814,10234,5053,5181,800,167,633,14023,7834,6189,10506,6529,3977,3517,1305,2212,1513,1129,384,569,482,87,944,647,297
85,Warren & Washington Counties PUMA,61382,30508,30874,48923,24885,24038,12459,5623,6836,14566,4889,9677,13496,4485,9011,1070,404,666,41447,21685,19762,33236,18676,14560,8211,3009,5202,5369,3934,1435,2191,1724,467,3178,2210,968
86,Nassau County (Southwest)--Hempstead Town (Southwest) & Long Beach City PUMA,34114,16451,17663,32004,15776,16228,2110,675,1435,21652,9870,11782,20269,9347,10922,1383,523,860,11890,6317,5573,11285,6165,5120,605,152,453,572,264,308,450,264,186,122,0,122
87,NYC-Brooklyn Community District 8--Crown Heights North & Prospect Heights PUMA,17869,8765,9104,16436,8312,8124,1433,453,980,14957,6805,8152,14042,6596,7446,915,209,706,2679,1802,877,2311,1633,678,368,169,199,233,158,75,83,83,0,150,75,75
88,Onondaga County (Central)--Syracuse City PUMA,35947,18017,17930,26761,14043,12718,9186,3974,5212,15296,7508,7788,13442,6561,6881,1854,947,907,16880,8658,8222,11387,6091,5296,5493,2567,2926,3771,1851,1920,1932,1391,541,1839,460,1379
89,Westchester County (Central)--White Plains City PUMA,42984,20367,22617,40774,19213,21561,2210,1154,1056,34434,16115,18319,32970,15210,17760,1464,905,559,8058,4000,4058,7545,3849,3696,513,151,362,492,252,240,259,154,105,233,98,135
90,NYC-Brooklyn Community District 3--Bedford-Stuyvesant PUMA,17121,9116,8005,11325,6388,4937,5796,2728,3068,8864,4969,3895,7348,4068,3280,1516,901,615,7141,3654,3487,3516,2161,1355,3625,1493,2132,1116,493,623,461,159,302,655,334,321
91,"NYC-Bronx Community District 1 & 2--Hunts Point, Longwood & Melrose PUMA",1529,821,708,859,407,452,670,414,256,308,139,169,274,139,135,34,0,34,627,180,447,317,0,317,310,180,130,594,502,92,268,268,0,326,234,92
92,Cattaraugus & Allegany Counties PUMA,57232,28676,28556,42077,20947,21130,15155,7729,7426,10575,4596,5979,9728,4208,5520,847,388,459,40254,20806,19448,30099,15552,14547,10155,5254,4901,6403,3274,3129,2250,1187,1063,4153,2087,2066
93,Oswego County PUMA,59487,29947,29540,48230,24279,23951,11257,5668,5589,8712,4094,4618,8038,3903,4135,674,191,483,43941,21806,22135,36452,17935,18517,7489,3871,3618,6834,4047,2787,3740,2441,1299,3094,1606,1488
94,"NYC-Queens Community District 5--Ridgewood, Glendale & Middle Village PUMA",31085,15268,15817,26696,13438,13258,4389,1830,2559,10639,4540,6099,9783,4036,5747,856,504,352,18859,10076,8783,16003,8871,7132,2856,1205,1651,1587,652,935,910,531,379,677,121,556
95,Monroe County (East) PUMA,55738,26904,28834,51798,25412,26386,3940,1492,2448,26910,12524,14386,25992,12113,13879,918,411,507,26818,13193,13625,24051,12326,11725,2767,867,1900,2010,1187,823,1755,973,782,255,214,41
96,Westchester County (South Central)--New Rochelle & Mount Vernon Cities PUMA,34398,16950,17448,32368,15914,16454,2030,1036,994,22590,10369,12221,22075,10278,11797,515,91,424,10729,5762,4967,9326,4894,4432,1403,868,535,1079,819,260,967,742,225,112,77,35
97,"NYC-Queens Community District 14--Far Rockaway, Breezy Point & Broad Channel PUMA",14289,7790,6499,12919,6992,5927,1370,798,572,8122,4613,3509,7693,4343,3350,429,270,159,5395,2720,2675,4773,2405,2368,622,315,307,772,457,315,453,244,209,319,213,106
98,"NYC-Brooklyn Community District 12--Borough Park, Kensington & Ocean Parkway PUMA",32586,16814,15772,19495,10389,9106,13091,6425,6666,8551,4913,3638,6593,3839,2754,1958,1074,884,18866,8650,10216,10649,4950,5699,8217,3700,4517,5169,3251,1918,2253,1600,653,2916,1651,1265
99,"NYC-Bronx Community District 10--Co-op City, Pelham Bay & Schuylerville PUMA",15109,7968,7141,12893,6750,6143,2216,1218,998,5660,2486,3174,5575,2401,3174,85,85,0,8188,4898,3290,6456,3837,2619,1732,1061,671,1261,584,677,862,512,350,399,72,327
100,"NYC-Queens Community District 11--Bayside, Douglaston & Little Neck PUMA",19057,9500,9557,17379,8879,8500,1678,621,1057,10547,5100,5447,10014,4726,5288,533,374,159,8131,4021,4110,7068,3856,3212,1063,165,898,379,379,0,297,297,0,82,82,0
101,"NYC-Manhattan Community District 6--Murray Hill, Gramercy & Stuyvesant Town PUMA",52677,25472,27205,49924,24244,25680,2753,1228,1525,49341,23155,26186,47286,22191,25095,2055,964,1091,3336,2317,1019,2638,2053,585,698,264,434,0,0,0,0,0,0,0,0,0
102,Chautauqua County PUMA,58329,28870,29459,44539,22469,22070,13790,6401,7389,13146,5788,7358,12007,5354,6653,1139,434,705,39671,19777,19894,29528,15037,14491,10143,4740,5403,5512,3305,2207,3004,2078,926,2508,1227,1281
103,NYC-Brooklyn Community District 18--Canarsie & Flatlands PUMA,16430,8525,7905,15098,7799,7299,1332,726,606,6568,3395,3173,5924,2873,3051,644,522,122,9236,4774,4462,8626,4602,4024,610,172,438,626,356,270,548,324,224,78,32,46
104,Erie County (West Central)--Buffalo City (East) PUMA,27745,14170,13575,20852,10951,9901,6893,3219,3674,5805,2724,3081,5462,2471,2991,343,253,90,18888,10002,8886,13654,7559,6095,5234,2443,2791,3052,1444,1608,1736,921,815,1316,523,793
105,Genesee & Orleans Counties PUMA,46429,23180,23249,39046,19949,19097,7383,3231,4152,10401,4380,6021,9846,4276,5570,555,104,451,32782,16870,15912,27641,14716,12925,5141,2154,2987,3246,1930,1316,1559,957,602,1687,973,714
106,"NYC-Staten Island Community District 1--Port Richmond, Stapleton & Mariner's Harbor PUMA",26345,12752,13593,23708,11192,12516,2637,1560,1077,12628,4394,8234,12360,4327,8033,268,67,201,12332,7416,4916,10868,6740,4128,1464,676,788,1385,942,443,480,125,355,905,817,88
107,"Steuben (North & West), Schuyler & Chemung (North) Counties PUMA",50252,24851,25401,37325,19040,18285,12927,5811,7116,11676,4631,7045,10398,4074,6324,1278,557,721,34737,18389,16348,24923,13800,11123,9814,4589,5225,3839,1831,2008,2004,1166,838,1835,665,1170
108,Nassau County (South Central)--Hempstead Town (Southeast) PUMA,31998,15495,16503,29881,14588,15293,2117,907,1210,16903,7086,9817,15874,6583,9291,1029,503,526,14618,8271,6347,13594,7867,5727,1024,404,620,477,138,339,413,138,275,64,0,64
109,"NYC-Bronx Community District 9--Castle Hill, Clason Point & Parkchester PUMA",2737,1359,1378,1741,770,971,996,589,407,564,240,324,363,39,324,201,201,0,1811,989,822,1198,633,565,613,356,257,362,130,232,180,98,82,182,32,150
110,Suffolk County (East) PUMA,46923,23372,23551,42017,21058,20959,4906,2314,2592,19589,8655,10934,18672,8308,10364,917,347,570,26459,13911,12548,22884,12328,10556,3575,1583,1992,875,806,69,461,422,39,414,384,30
111,Orange County (Northwest) PUMA,39194,19559,19635,34467,17382,17085,4727,2177,2550,12370,5339,7031,11586,5056,6530,784,283,501,24075,12722,11353,21503,11369,10134,2572,1353,1219,2749,1498,1251,1378,957,421,1371,541,830
112,Broome County (West Central)--Greater Binghamton City & Greater Johnson City Village PUMA,44053,21652,22401,33087,16342,16745,10966,5310,5656,13521,6666,6855,12072,5690,6382,1449,976,473,27296,13310,13986,19749,9893,9856,7547,3417,4130,3236,1676,1560,1266,759,507,1970,917,1053
113,"NYC-Bronx Community District 11--Pelham Parkway, Morris Park & Laconia PUMA",9032,4081,4951,6785,3331,3454,2247,750,1497,2815,1267,1548,2631,1083,1548,184,184,0,5758,2633,3125,3973,2067,1906,1785,566,1219,459,181,278,181,181,0,278,0,278
114,Suffolk County (Northwest)--Smithtown Town PUMA,49789,24442,25347,47891,23816,24075,1898,626,1272,25743,11906,13837,24717,11621,13096,1026,285,741,23773,12458,11315,22981,12117,10864,792,341,451,273,78,195,193,78,115,80,0,80
115,Ulster County (East) PUMA,63575,31136,32439,54746,26572,28174,8829,4564,4265,22051,9664,12387,19597,8551,11046,2454,1113,1341,38913,19785,19128,32828,16491,16337,6085,3294,2791,2611,1687,924,2321,1530,791,290,157,133
116,Westchester County (Northeast) PUMA,51510,25173,26337,49374,24220,25154,2136,953,1183,35370,16978,18392,34637,16578,18059,733,400,333,15670,7891,7779,14657,7562,7095,1013,329,684,470,304,166,80,80,0,390,224,166
117,NYC-Brooklyn Community District 4--Bushwick PUMA,14029,9200,4829,12393,8270,4123,1636,930,706,9714,6008,3706,8497,5417,3080,1217,591,626,4315,3192,1123,3896,2853,1043,419,339,80,0,0,0,0,0,0,0,0,0
118,NYC-Manhattan Community District 3--Chinatown & Lower East Side PUMA,31072,17654,13418,26238,14905,11333,4834,2749,2085,24933,14312,10621,22759,13081,9678,2174,1231,943,5720,3263,2457,3479,1824,1655,2241,1439,802,419,79,340,0,0,0,419,79,340
119,Dutchess County (North & East) PUMA,52875,26380,26495,48934,24571,24363,3941,1809,2132,21923,10099,11824,21585,10020,11565,338,79,259,27755,14497,13258,25363,13500,11863,2392,997,1395,3197,1784,1413,1986,1051,935,1211,733,478
120,Nassau County (Central)--Hempstead Town (North Central)--Meadowbrook Corridor PUMA,7892,3788,4104,6840,3280,3560,1052,508,544,4555,1737,2818,4122,1660,2462,433,77,356,3152,1948,1204,2615,1517,1098,537,431,106,185,103,82,103,103,0,82,0,82
121,Broome (Outer West) & Tioga Counties PUMA,51537,26260,25277,44420,23256,21164,7117,3004,4113,13354,6212,7142,12944,5938,7006,410,274,136,34141,17937,16204,29244,16108,13136,4897,1829,3068,4042,2111,1931,2232,1210,1022,1810,901,909
122,"Rockland County (South)--Orangetown, Clarkstown (South) & Ramapo (Southeast) Towns PUMA",29625,15088,14537,27992,14010,13982,1633,1078,555,14894,7196,7698,14487,6940,7547,407,256,151,14297,7672,6625,13342,7005,6337,955,667,288,434,220,214,163,65,98,271,155,116
123,"NYC-Brooklyn Community District 17--East Flatbush, Farragut & Rugby PUMA",1711,948,763,1009,594,415,702,354,348,590,175,415,590,175,415,0,0,0,860,512,348,419,419,0,441,93,348,261,261,0,0,0,0,261,261,0
124,Orange County (Northeast)--Greater Newburgh City PUMA,39169,19149,20020,37344,18443,18901,1825,706,1119,11843,5337,6506,11505,5229,6276,338,108,230,25706,12687,13019,24255,12125,12130,1451,562,889,1620,1125,495,1584,1089,495,36,36,0
125,"NYC-Manhattan Community District 1 & 2--Battery Park City, Greenwich Village & Soho PUMA",59644,29878,29766,56240,28776,27464,3404,1102,2302,53196,25680,27516,50667,24964,25703,2529,716,1813,6308,4080,2228,5455,3694,1761,853,386,467,140,118,22,118,118,0,22,0,22
126,NYC-Queens Community District 6--Forest Hills & Rego Park PUMA,18747,10170,8577,16921,9559,7362,1826,611,1215,13641,7285,6356,13122,6925,6197,519,360,159,4548,2696,1852,3501,2539,962,1047,157,890,558,189,369,298,95,203,260,94,166
127,Onondaga County (North) PUMA,58710,28641,30069,52741,25798,26943,5969,2843,3126,23585,10861,12724,23021,10520,12501,564,341,223,33082,16346,16736,28675,14593,14082,4407,1753,2654,2043,1434,609,1045,685,360,998,749,249
128,Nassau County (Northeast)--Oyster Bay Town (North) & Glen Cove City PUMA,38391,18651,19740,36205,17684,18521,2186,967,1219,26553,12601,13952,25171,12168,13003,1382,433,949,10915,5535,5380,10219,5027,5192,696,508,188,923,515,408,815,489,326,108,26,82
129,Monroe County (North & West) PUMA,48517,23668,24849,44881,22370,22511,3636,1298,2338,17993,8387,9606,17122,8099,9023,871,288,583,28586,13951,14635,25936,13056,12880,2650,895,1755,1938,1330,608,1823,1215,608,115,115,0
130,Sullivan & Ulster (West) Counties PUMA,40888,20475,20413,33655,16856,16799,7233,3619,3614,12982,4986,7996,11864,4244,7620,1118,742,376,24827,13847,10980,20102,11692,8410,4725,2155,2570,3079,1642,1437,1689,920,769,1390,722,668
131,Suffolk County (Southwest)--Babylon Town (Southeast) PUMA,37263,17845,19418,33541,16107,17434,3722,1738,1984,13815,5528,8287,13111,5391,7720,704,137,567,21464,11079,10385,18894,9713,9181,2570,1366,1204,1984,1238,746,1536,1003,533,448,235,213
132,Suffolk County (Northwest)--Huntington Town (North) PUMA,36974,18080,18894,34797,17545,17252,2177,535,1642,23336,10825,12511,22375,10731,11644,961,94,867,13127,6893,6234,11928,6452,5476,1199,441,758,511,362,149,494,362,132,17,0,17
133,"NYC-Queens Community District 12--Jamaica, Hollis & St. Albans PUMA",1091,416,675,595,85,510,496,331,165,305,128,177,234,85,149,71,43,28,499,131,368,255,0,255,244,131,113,287,157,130,106,0,106,181,157,24
134,"NYC-Queens Community District 13--Queens Village, Cambria Heights & Rosedale PUMA",9797,4892,4905,8427,4325,4102,1370,567,803,3691,1407,2284,3617,1407,2210,74,0,74,5600,3242,2358,4568,2865,1703,1032,377,655,506,243,263,242,53,189,264,190,74
135,Monroe County (Central)--Rochester City (West) PUMA,17411,8851,8560,11720,6291,5429,5691,2560,3131,5474,3038,2436,4485,2550,1935,989,488,501,9607,4699,4908,6519,3247,3272,3088,1452,1636,2330,1114,1216,716,494,222,1614,620,994
136,NYC-Queens Community District 10--Howard Beach & Ozone Park PUMA,15486,7918,7568,13988,7040,6948,1498,878,620,5346,2079,3267,5346,2079,3267,0,0,0,9284,5257,4027,8105,4538,3567,1179,719,460,856,582,274,537,423,114,319,159,160
137,Suffolk County (Central)--Islip Town (Northwest) PUMA,15003,7326,7677,13574,7108,6466,1429,218,1211,2378,846,1532,2378,846,1532,0,0,0,10719,5218,5501,9734,5023,4711,985,195,790,1906,1262,644,1462,1239,223,444,23,421
138,Putnam County PUMA,42032,20660,21372,38541,19782,18759,3491,878,2613,17573,7245,10328,17148,6977,10171,425,268,157,22829,12200,10629,20282,12005,8277,2547,195,2352,1630,1215,415,1111,800,311,519,415,104
139,NYC-Queens Community District 2--Sunnyside & Woodside PUMA,18370,8878,9492,16418,7825,8593,1952,1053,899,11220,5505,5715,10715,5300,5415,505,205,300,6444,3093,3351,5345,2400,2945,1099,693,406,706,280,426,358,125,233,348,155,193
140,Nassau County (Central)--Hempstead Town (East Central) PUMA,44097,21980,22117,42989,21741,21248,1108,239,869,26117,11755,14362,25824,11640,14184,293,115,178,17682,10128,7554,16892,10024,6868,790,104,686,298,97,201,273,77,196,25,20,5
141,Suffolk County (Northwest)--Huntington Town (South) PUMA,41265,19546,21719,39121,18749,20372,2144,797,1347,21466,10447,11019,20822,10447,10375,644,0,644,18690,8774,9916,17326,8062,9264,1364,712,652,1109,325,784,973,240,733,136,85,51
142,"NYC-Bronx Community District 4--Concourse, Highbridge & Mount Eden PUMA",1539,656,883,1328,564,764,211,92,119,1198,564,634,1091,564,527,107,0,107,341,92,249,237,0,237,104,92,12,0,0,0,0,0,0,0,0,0
143,Nassau County (Central)--Hempstead Town (Northeast) PUMA,40726,20407,20319,38593,19117,19476,2133,1290,843,15783,7772,8011,15361,7581,7780,422,191,231,23624,11609,12015,22006,10603,11403,1618,1006,612,1319,1026,293,1226,933,293,93,93,0
144,NYC-Brooklyn Community District 14--Flatbush & Midwood PUMA,20980,10768,10212,17587,9138,8449,3393,1630,1763,12404,5689,6715,10903,5029,5874,1501,660,841,7847,4676,3171,5976,3727,2249,1871,949,922,729,403,326,708,382,326,21,21,0
145,"Rockland County (West)--Spring Valley, Suffern Villages & Monsey PUMA",25027,12513,12514,16337,7877,8460,8690,4636,4054,8372,4290,4082,7576,3861,3715,796,429,367,13242,6088,7154,7423,3047,4376,5819,3041,2778,3413,2135,1278,1338,969,369,2075,1166,909
146,Capital Region,463097,228603,234494,400875,199958,200917,62222,28645,33577,168528,76525,92003,158313,72810,85503,10215,3715,6500,271743,136046,135697,230804,118167,112637,40939,17879,23060,22826,16032,6794,11758,8981,2777,11068,7051,4017
147,Central NY,336916,166314,170602,286038,143601,142437,50878,22713,28165,111324,51892,59432,104936,48900,56036,6388,2992,3396,204957,102282,102675,169605,87357,82248,35352,14925,20427,20635,12140,8495,11497,7344,4153,9138,4796,4342
148,Finger Lakes,487625,241174,246451,423808,213888,209920,63817,27286,36531,173713,79523,94190,165585,76339,89246,8128,3184,4944,285156,144442,140714,241504,126475,115029,43652,17967,25685,28756,17209,11547,16719,11074,5645,12037,6135,5902
149,Long Island,912402,449582,462820,855217,426230,428987,57185,23352,33833,438970,200070,238900,422820,194361,228459,16150,5709,10441,449098,235500,213598,414378,220615,193763,34720,14885,19835,24334,14012,10322,18019,11254,6765,6315,2758,3557
150,Mid-Hudson,685568,338908,346660,616866,306252,310614,68702,32656,36046,325081,148759,176322,310440,142016,168424,14641,6743,7898,330646,172457,158189,288272,152596,135676,42374,19861,22513,29841,17692,12149,18154,11640,6514,11687,6052,5635
151,Mohawk Valley,213184,105911,107273,174539,88851,85688,38645,17060,21585,51605,22653,28952,47074,20173,26901,4531,2480,2051,143911,74366,69545,117532,62689,54843,26379,11677,14702,17668,8892,8776,9933,5989,3944,7735,2903,4832
152,New York City,1161854,583822,578032,1021918,517170,504748,139936,66652,73284,767259,373238,394021,720416,349621,370795,46843,23617,23226,355626,189123,166503,281250,155147,126103,74376,33976,40400,38969,21461,17508,20252,12402,7850,18717,9059,9658
153,North Country,186880,93882,92998,147975,76851,71124,38905,17031,21874,39808,18054,21754,37373,17471,19902,2435,583,1852,131482,66285,65197,102459,53940,48519,29023,12345,16678,15590,9543,6047,8143,5440,2703,7447,4103,3344
154,Southern Tier,278061,136918,141143,221081,111826,109255,56980,25092,31888,81129,35387,45742,74428,32710,41718,6701,2677,4024,178293,90802,87491,136755,72908,63847,41538,17894,23644,18639,10729,7910,9898,6208,3690,8741,4521,4220
155,Western NY,574474,282911,291563,484036,241748,242288,90438,41163,49275,186403,83534,102869,176525,79087,97438,9878,4447,5431,355110,180606,174504,288450,151315,137135,66660,29291,37369,32961,18771,14190,19061,11346,7715,13900,7425,6475
