,puma,Total_geo,Total_geo_m,Total_geo_f,Total_FT_mf_t,Total_FT_m,Total_FT_f,Total_PT_mf_t,Total_PT_m,Total_PT_f,Total_BABS,Total_BABS_m,Total_BABS_f,BABS_FT_mf_t,BABS_FT_m,BABS_FT_f,BABS_PT_mf_t,BABS_PT_m,BABS_PT_f,Total_HS,Total_HS_m,Total_HS_f,HS_FT_mf_t,HS_FT_m,HS_FT_f,HS_PT_mf_t,HS_PT_m,HS_PT_f,Total_HSINC,Total_HSINC_m,Total_HSINC_f,HSINC_FT_mf_t,HSINC_FT_m,HSINC_FT_f,HSINC_PT_mf_t,HSINC_PT_m,HSINC_PT_f
0,Total Geo,321804,175811,145993,271870,158626,113244,49934,17185,32749,172247,85223,87024,147596,76706,70890,24651,8517,16134,128235,75928,52307,107156,69082,38074,21079,6846,14233,21322,14660,6662,17118,12838,4280,4204,1822,2382
1,Nassau County (Central)--Hempstead Town (Northeast) PUMA,1408,627,781,1348,627,721,60,0,60,344,168,176,344,168,176,0,0,0,997,392,605,937,392,545,60,0,60,67,67,0,67,67,0,0,0,0
2,"Chenango, Delaware & Broome (East) Counties PUMA",1010,541,469,884,516,368,126,25,101,209,163,46,209,163,46,0,0,0,801,378,423,675,353,322,126,25,101,0,0,0,0,0,0,0,0,0
3,Cayuga & Onondaga (South) Counties PUMA,166,0,166,166,0,166,0,0,0,166,0,166,166,0,166,0,0,0,0,0,0,0,0,0,0,0,0,0,0,0,0,0,0,0,0,0
4,NYC-Brooklyn Community District 5--East New York & Starrett City PUMA,305,93,212,198,93,105,107,0,107,107,0,107,0,0,0,107,0,107,198,93,105,198,93,105,0,0,0,0,0,0,0,0,0,0,0,0
5,"NYC-Staten Island Community District 1--Port Richmond, Stapleton & Mariner's Harbor PUMA",3046,1610,1436,2884,1610,1274,162,0,162,1212,368,844,1050,368,682,162,0,162,1834,1242,592,1834,1242,592,0,0,0,0,0,0,0,0,0,0,0,0
6,"NYC-Queens Community District 5--Ridgewood, Glendale & Middle Village PUMA",15284,7522,7762,13053,6781,6272,2231,741,1490,5263,2067,3196,4269,1831,2438,994,236,758,9295,5071,4224,8096,4566,3530,1199,505,694,726,384,342,688,384,304,38,0,38
7,"Otsego, Schoharie, Oneida (South) & Herkimer (South) Counties PUMA",164,30,134,115,30,85,49,0,49,85,0,85,85,0,85,0,0,0,79,30,49,30,30,0,49,0,49,0,0,0,0,0,0,0,0,0
8,Erie County (Northwest) PUMA,257,257,0,257,257,0,0,0,0,257,257,0,257,257,0,0,0,0,0,0,0,0,0,0,0,0,0,0,0,0,0,0,0,0,0,0
9,NYC-Manhattan Community District 7--Upper West Side & West Side PUMA,6651,3731,2920,6123,3392,2731,528,339,189,5807,2887,2920,5279,2548,2731,528,339,189,844,844,0,844,844,0,0,0,0,0,0,0,0,0,0,0,0,0
10,"NYC-Manhattan Community District 6--Murray Hill, Gramercy & Stuyvesant Town PUMA",5413,1952,3461,4281,1621,2660,1132,331,801,4299,1652,2647,3167,1321,1846,1132,331,801,658,84,574,658,84,574,0,0,0,456,216,240,456,216,240,0,0,0
11,Saratoga County (South & Central) PUMA,744,241,503,694,241,453,50,0,50,519,139,380,469,139,330,50,0,50,225,102,123,225,102,123,0,0,0,0,0,0,0,0,0,0,0,0
12,Nassau County (South Central)--Hempstead Town (Southeast) PUMA,889,543,346,814,543,271,75,0,75,596,312,284,521,312,209,75,0,75,231,231,0,231,231,0,0,0,0,62,0,62,62,0,62,0,0,0
13,Columbia & Greene Counties PUMA,619,420,199,449,315,134,170,105,65,534,363,171,421,315,106,113,48,65,85,57,28,28,0,28,57,57,0,0,0,0,0,0,0,0,0,0
14,NYC-Staten Island Community District 2--New Springville & South Beach PUMA,10942,6930,4012,9991,6447,3544,951,483,468,5138,2683,2455,5138,2683,2455,0,0,0,4941,3731,1210,4500,3411,1089,441,320,121,863,516,347,353,353,0,510,163,347
15,Nassau County (Northeast)--Oyster Bay Town (North) & Glen Cove City PUMA,2195,743,1452,1664,743,921,531,0,531,1062,425,637,938,425,513,124,0,124,1133,318,815,726,318,408,407,0,407,0,0,0,0,0,0,0,0,0
16,NYC-Brooklyn Community District 18--Canarsie & Flatlands PUMA,3246,2141,1105,2770,1943,827,476,198,278,1701,1108,593,1602,1063,539,99,45,54,1234,722,512,960,672,288,274,50,224,311,311,0,208,208,0,103,103,0
17,Putnam County PUMA,2261,1029,1232,1830,844,986,431,185,246,880,415,465,880,415,465,0,0,0,1224,457,767,793,272,521,431,185,246,157,157,0,157,157,0,0,0,0
18,Nassau County (Northwest)--North Hempstead Town (North) PUMA,4539,2736,1803,3863,2599,1264,676,137,539,1776,935,841,1608,864,744,168,71,97,2355,1482,873,1936,1416,520,419,66,353,408,319,89,319,319,0,89,0,89
19,NYC-Queens Community District 3--Jackson Heights & North Corona PUMA,1914,1179,735,1367,865,502,547,314,233,936,318,618,820,318,502,116,0,116,920,803,117,489,489,0,431,314,117,58,58,0,58,58,0,0,0,0
20,Rockland County (North)--New City & Congers PUMA,967,405,562,648,311,337,319,94,225,351,285,66,257,191,66,94,94,0,616,120,496,391,120,271,225,0,225,0,0,0,0,0,0,0,0,0
21,"NYC-Bronx Community District 3 & 6--Belmont, Crotona Park East & East Tremont PUMA",623,345,278,425,345,80,198,0,198,278,0,278,80,0,80,198,0,198,345,345,0,345,345,0,0,0,0,0,0,0,0,0,0,0,0,0
22,Orange County (Northwest) PUMA,395,395,0,395,395,0,0,0,0,0,0,0,0,0,0,0,0,0,326,326,0,326,326,0,0,0,0,69,69,0,69,69,0,0,0,0
23,NYC-Brooklyn Community District 2--Brooklyn Heights & Fort Greene PUMA,2979,1336,1643,2464,1237,1227,515,99,416,2708,1158,1550,2286,1059,1227,422,99,323,271,178,93,178,178,0,93,0,93,0,0,0,0,0,0,0,0,0
24,Dutchess County (Southwest) PUMA,1621,827,794,1263,594,669,358,233,125,1195,593,602,962,360,602,233,233,0,206,71,135,138,71,67,68,0,68,220,163,57,163,163,0,57,0,57
25,Westchester County (Northwest) PUMA,1980,1057,923,1608,1014,594,372,43,329,1147,658,489,1075,658,417,72,0,72,696,399,297,533,356,177,163,43,120,137,0,137,0,0,0,137,0,137
26,Nassau County (Southeast)--Oyster Bay Town (South) PUMA,1158,789,369,1094,789,305,64,0,64,313,224,89,313,224,89,0,0,0,632,565,67,632,565,67,0,0,0,213,0,213,149,0,149,64,0,64
27,Westchester County (South Central)--New Rochelle & Mount Vernon Cities PUMA,4547,2963,1584,4156,2800,1356,391,163,228,2028,1081,947,1714,918,796,314,163,151,2258,1621,637,2181,1621,560,77,0,77,261,261,0,261,261,0,0,0,0
28,Saratoga County (Outer) PUMA,853,544,309,765,544,221,88,0,88,424,115,309,336,115,221,88,0,88,197,197,0,197,197,0,0,0,0,232,232,0,232,232,0,0,0,0
29,NYC-Queens Community District 9--Richmond Hill & Woodhaven PUMA,3223,1805,1418,2628,1484,1144,595,321,274,1234,667,567,833,444,389,401,223,178,1841,990,851,1647,892,755,194,98,96,148,148,0,148,148,0,0,0,0
30,Erie County (South) PUMA,791,548,243,659,416,243,132,132,0,343,343,0,343,343,0,0,0,0,448,205,243,316,73,243,132,132,0,0,0,0,0,0,0,0,0,0
31,"NYC-Queens Community District 12--Jamaica, Hollis & St. Albans PUMA",410,208,202,410,208,202,0,0,0,60,60,0,60,60,0,0,0,0,305,103,202,305,103,202,0,0,0,45,45,0,45,45,0,0,0,0
32,NYC-Brooklyn Community District 1--Greenpoint & Williamsburg PUMA,4271,2361,1910,3437,2084,1353,834,277,557,2113,1316,797,1950,1238,712,163,78,85,1935,894,1041,1415,846,569,520,48,472,223,151,72,72,0,72,151,151,0
33,Suffolk County (Central)--Brookhaven Town (Central) PUMA,1134,844,290,776,679,97,358,165,193,294,165,129,0,0,0,294,165,129,382,318,64,318,318,0,64,0,64,458,361,97,458,361,97,0,0,0
34,St. Lawrence County PUMA,813,440,373,759,421,338,54,19,35,139,22,117,139,22,117,0,0,0,346,248,98,311,248,63,35,0,35,328,170,158,309,151,158,19,19,0
35,Genesee & Orleans Counties PUMA,32,32,0,32,32,0,0,0,0,0,0,0,0,0,0,0,0,0,32,32,0,32,32,0,0,0,0,0,0,0,0,0,0,0,0,0
36,Monroe County (Central)--Rochester City (West) PUMA,199,0,199,199,0,199,0,0,0,0,0,0,0,0,0,0,0,0,199,0,199,199,0,199,0,0,0,0,0,0,0,0,0,0,0,0
37,Wayne & Seneca Counties PUMA,134,61,73,134,61,73,0,0,0,61,61,0,61,61,0,0,0,0,73,0,73,73,0,73,0,0,0,0,0,0,0,0,0,0,0,0
38,Warren & Washington Counties PUMA,338,189,149,260,189,71,78,0,78,338,189,149,260,189,71,78,0,78,0,0,0,0,0,0,0,0,0,0,0,0,0,0,0,0,0,0
39,Erie County (North Central) PUMA,638,351,287,638,351,287,0,0,0,487,273,214,487,273,214,0,0,0,151,78,73,151,78,73,0,0,0,0,0,0,0,0,0,0,0,0
40,"Clinton, Franklin, Essex & Hamilton Counties PUMA",836,447,389,684,390,294,152,57,95,533,176,357,438,176,262,95,0,95,246,214,32,246,214,32,0,0,0,57,57,0,0,0,0,57,57,0
41,Dutchess County (North & East) PUMA,636,541,95,576,481,95,60,60,0,288,193,95,288,193,95,0,0,0,279,279,0,219,219,0,60,60,0,69,69,0,69,69,0,0,0,0
42,Tompkins County PUMA,518,290,228,404,290,114,114,0,114,404,290,114,404,290,114,0,0,0,114,0,114,0,0,0,114,0,114,0,0,0,0,0,0,0,0,0
43,"NYC-Manhattan Community District 4 & 5--Chelsea, Clinton & Midtown Business District PUMA",5916,3459,2457,5874,3417,2457,42,42,0,5436,3459,1977,5394,3417,1977,42,42,0,480,0,480,480,0,480,0,0,0,0,0,0,0,0,0,0,0,0
44,Onondaga County (Central)--Syracuse City PUMA,504,237,267,504,237,267,0,0,0,333,66,267,333,66,267,0,0,0,171,171,0,171,171,0,0,0,0,0,0,0,0,0,0,0,0,0
45,Suffolk County (South Central)--Brookhaven Town (South) PUMA,628,411,217,351,134,217,277,277,0,477,411,66,200,134,66,277,277,0,151,0,151,151,0,151,0,0,0,0,0,0,0,0,0,0,0,0
46,Suffolk County (Northwest)--Smithtown Town PUMA,2189,1229,960,1683,1155,528,506,74,432,1521,718,803,1089,644,445,432,74,358,668,511,157,594,511,83,74,0,74,0,0,0,0,0,0,0,0,0
47,Herkimer (North & Central) & Oneida (Outer) Counties PUMA,152,92,60,102,42,60,50,50,0,102,42,60,102,42,60,0,0,0,50,50,0,0,0,0,50,50,0,0,0,0,0,0,0,0,0,0
48,NYC-Queens Community District 2--Sunnyside & Woodside PUMA,4391,1916,2475,4125,1862,2263,266,54,212,2743,986,1757,2612,986,1626,131,0,131,1516,864,652,1381,810,571,135,54,81,132,66,66,132,66,66,0,0,0
49,Onondaga County (Central)--Syracuse City (Outer) PUMA,2194,891,1303,1587,673,914,607,218,389,969,181,788,580,181,399,389,0,389,991,590,401,773,372,401,218,218,0,234,120,114,234,120,114,0,0,0
50,Broome County (West Central)--Greater Binghamton City & Greater Johnson City Village PUMA,855,633,222,855,633,222,0,0,0,526,352,174,526,352,174,0,0,0,329,281,48,329,281,48,0,0,0,0,0,0,0,0,0,0,0,0
51,Erie County (West Central)--Buffalo City (West) PUMA,494,230,264,494,230,264,0,0,0,211,0,211,211,0,211,0,0,0,283,230,53,283,230,53,0,0,0,0,0,0,0,0,0,0,0,0
52,"Steuben (North & West), Schuyler & Chemung (North) Counties PUMA",277,126,151,277,126,151,0,0,0,173,90,83,173,90,83,0,0,0,62,36,26,62,36,26,0,0,0,42,0,42,42,0,42,0,0,0
53,Monroe County (North & West) PUMA,1069,569,500,886,503,383,183,66,117,125,125,0,59,59,0,66,66,0,596,96,500,479,96,383,117,0,117,348,348,0,348,348,0,0,0,0
54,NYC-Brooklyn Community District 8--Crown Heights North & Prospect Heights PUMA,865,565,300,821,521,300,44,44,0,699,399,300,699,399,300,0,0,0,166,166,0,122,122,0,44,44,0,0,0,0,0,0,0,0,0,0
55,Cattaraugus & Allegany Counties PUMA,529,213,316,501,213,288,28,0,28,337,29,308,317,29,288,20,0,20,151,143,8,143,143,0,8,0,8,41,41,0,41,41,0,0,0,0
56,"NYC-Queens Community District 11--Bayside, Douglaston & Little Neck PUMA",3159,1863,1296,2419,1747,672,740,116,624,809,581,228,809,581,228,0,0,0,1724,914,810,1286,914,372,438,0,438,626,368,258,324,252,72,302,116,186
57,Chemung (South) & Steuben (East) Counties--Greater Elmira & Greater Corning Cities PUMA,292,128,164,168,128,40,124,0,124,245,81,164,121,81,40,124,0,124,47,47,0,47,47,0,0,0,0,0,0,0,0,0,0,0,0,0
58,Suffolk County (Southwest)--Babylon Town (Southeast) PUMA,2879,1934,945,2437,1884,553,442,50,392,977,506,471,849,506,343,128,0,128,1801,1327,474,1537,1327,210,264,0,264,101,101,0,51,51,0,50,50,0
59,Jefferson & Lewis Counties PUMA,501,160,341,419,160,259,82,0,82,251,144,107,169,144,25,82,0,82,250,16,234,250,16,234,0,0,0,0,0,0,0,0,0,0,0,0
60,NYC-Brooklyn Community District 3--Bedford-Stuyvesant PUMA,1194,731,463,867,646,221,327,85,242,927,573,354,709,488,221,218,85,133,267,158,109,158,158,0,109,0,109,0,0,0,0,0,0,0,0,0
61,Schenectady County--Schenectady City PUMA,0,0,0,0,0,0,0,0,0,0,0,0,0,0,0,0,0,0,0,0,0,0,0,0,0,0,0,0,0,0,0,0,0,0,0,0
62,NYC-Queens Community District 1--Astoria & Long Island City PUMA,10715,5581,5134,8719,5196,3523,1996,385,1611,3620,1474,2146,2893,1474,1419,727,0,727,6474,3546,2928,5205,3161,2044,1269,385,884,621,561,60,621,561,60,0,0,0
63,Suffolk County (North Central)--Brookhaven Town (North) PUMA,1526,836,690,1234,693,541,292,143,149,1455,765,690,1163,622,541,292,143,149,71,71,0,71,71,0,0,0,0,0,0,0,0,0,0,0,0,0
64,Fulton & Montgomery Counties PUMA,870,464,406,686,331,355,184,133,51,167,167,0,34,34,0,133,133,0,538,183,355,538,183,355,0,0,0,165,114,51,114,114,0,51,0,51
65,NYC-Brooklyn Community District 16--Brownsville & Ocean Hill PUMA,146,146,0,146,146,0,0,0,0,0,0,0,0,0,0,0,0,0,0,0,0,0,0,0,0,0,0,146,146,0,146,146,0,0,0,0
66,"Rockland County (South)--Orangetown, Clarkstown (South) & Ramapo (Southeast) Towns PUMA",1292,491,801,1127,491,636,165,0,165,870,405,465,705,405,300,165,0,165,336,0,336,336,0,336,0,0,0,86,86,0,86,86,0,0,0,0
67,Oswego County PUMA,444,196,248,444,196,248,0,0,0,253,71,182,253,71,182,0,0,0,143,77,66,143,77,66,0,0,0,48,48,0,48,48,0,0,0,0
68,"NYC-Manhattan Community District 12--Washington Heights, Inwood & Marble Hill PUMA",4866,2919,1947,3910,2566,1344,956,353,603,2371,1555,816,2018,1202,816,353,353,0,2495,1364,1131,1892,1364,528,603,0,603,0,0,0,0,0,0,0,0,0
69,Monroe County (Central)--Rochester City (East) PUMA,542,542,0,441,441,0,101,101,0,74,74,0,74,74,0,0,0,0,415,415,0,314,314,0,101,101,0,53,53,0,53,53,0,0,0,0
70,Westchester County (Northeast) PUMA,1692,803,889,1352,803,549,340,0,340,1018,526,492,678,526,152,340,0,340,522,200,322,522,200,322,0,0,0,152,77,75,152,77,75,0,0,0
71,"NYC-Bronx Community District 1 & 2--Hunts Point, Longwood & Melrose PUMA",1126,967,159,573,490,83,553,477,76,0,0,0,0,0,0,0,0,0,1126,967,159,573,490,83,553,477,76,0,0,0,0,0,0,0,0,0
72,"NYC-Queens Community District 7--Flushing, Murray Hill & Whitestone PUMA",3240,1427,1813,2505,1160,1345,735,267,468,1405,525,880,931,428,503,474,97,377,1270,532,738,1076,429,647,194,103,91,565,370,195,498,303,195,67,67,0
73,Onondaga County (North) PUMA,956,251,705,752,251,501,204,0,204,454,176,278,250,176,74,204,0,204,502,75,427,502,75,427,0,0,0,0,0,0,0,0,0,0,0,0
74,Suffolk County (Central)--Brookhaven Town (West Central) PUMA,2184,1479,705,1926,1440,486,258,39,219,497,359,138,458,320,138,39,39,0,1360,962,398,1141,962,179,219,0,219,327,158,169,327,158,169,0,0,0
75,Monroe County (South) PUMA,2041,1021,1020,1868,1021,847,173,0,173,1282,639,643,1210,639,571,72,0,72,536,260,276,536,260,276,0,0,0,223,122,101,122,122,0,101,0,101
76,"NYC-Brooklyn Community District 15--Sheepshead Bay, Gerritsen Beach & Homecrest PUMA",15606,8712,6894,13581,7904,5677,2025,808,1217,8984,4506,4478,8372,4119,4253,612,387,225,5987,3676,2311,4681,3317,1364,1306,359,947,635,530,105,528,468,60,107,62,45
77,Rensselaer County--Troy City PUMA,1074,579,495,1048,553,495,26,26,0,422,162,260,422,162,260,0,0,0,480,245,235,454,219,235,26,26,0,172,172,0,172,172,0,0,0,0
78,Suffolk County (Central)--Islip Town (East) PUMA,1235,875,360,1126,766,360,109,109,0,239,239,0,130,130,0,109,109,0,996,636,360,996,636,360,0,0,0,0,0,0,0,0,0,0,0,0
79,Nassau County (West Central)--Hempstead Town (Northwest) PUMA,1068,662,406,1017,662,355,51,0,51,582,314,268,531,314,217,51,0,51,486,348,138,486,348,138,0,0,0,0,0,0,0,0,0,0,0,0
80,Ontario & Yates Counties PUMA,523,300,223,497,274,223,26,26,0,463,240,223,437,214,223,26,26,0,60,60,0,60,60,0,0,0,0,0,0,0,0,0,0,0,0,0
81,Suffolk County (West Central)--Babylon Town (Northwest) PUMA,1786,896,890,1492,896,596,294,0,294,519,366,153,484,366,118,35,0,35,504,142,362,338,142,196,166,0,166,763,388,375,670,388,282,93,0,93
82,Nassau County (Southwest)--Hempstead Town (Southwest) & Long Beach City PUMA,1078,354,724,646,354,292,432,0,432,504,250,254,327,250,77,177,0,177,574,104,470,319,104,215,255,0,255,0,0,0,0,0,0,0,0,0
83,"NYC-Bronx Community District 8--Riverdale, Fieldston & Kingsbridge PUMA",2853,1402,1451,2805,1402,1403,48,0,48,2366,975,1391,2318,975,1343,48,0,48,487,427,60,487,427,60,0,0,0,0,0,0,0,0,0,0,0,0
84,"Rockland County (West)--Spring Valley, Suffern Villages & Monsey PUMA",2930,2179,751,2030,1794,236,900,385,515,770,523,247,588,523,65,182,0,182,1195,857,338,902,731,171,293,126,167,965,799,166,540,540,0,425,259,166
85,Chautauqua County PUMA,298,222,76,204,128,76,94,94,0,222,222,0,128,128,0,94,94,0,76,0,76,76,0,76,0,0,0,0,0,0,0,0,0,0,0,0
86,Orange County (Southeast) PUMA,1452,931,521,1380,894,486,72,37,35,567,162,405,567,162,405,0,0,0,805,732,73,770,732,38,35,0,35,80,37,43,43,0,43,37,37,0
87,Monroe County (East) PUMA,1471,663,808,1069,577,492,402,86,316,448,348,100,448,348,100,0,0,0,948,315,633,546,229,317,402,86,316,75,0,75,75,0,75,0,0,0
88,Broome (Outer West) & Tioga Counties PUMA,327,151,176,227,151,76,100,0,100,171,56,115,71,56,15,100,0,100,156,95,61,156,95,61,0,0,0,0,0,0,0,0,0,0,0,0
89,Suffolk County (East) PUMA,3993,1798,2195,2747,1156,1591,1246,642,604,1698,1078,620,955,436,519,743,642,101,2266,720,1546,1763,720,1043,503,0,503,29,0,29,29,0,29,0,0,0
90,"NYC-Queens Community District 14--Far Rockaway, Breezy Point & Broad Channel PUMA",1414,872,542,1283,741,542,131,131,0,824,407,417,693,276,417,131,131,0,590,465,125,590,465,125,0,0,0,0,0,0,0,0,0,0,0,0
91,NYC-Brooklyn Community District 14--Flatbush & Midwood PUMA,6182,3168,3014,4844,2327,2517,1338,841,497,2116,1067,1049,1904,965,939,212,102,110,2686,1475,1211,2005,1121,884,681,354,327,1380,626,754,935,241,694,445,385,60
92,Albany County (Outside Albany City) PUMA,1663,780,883,1325,780,545,338,0,338,762,448,314,762,448,314,0,0,0,471,332,139,404,332,72,67,0,67,430,0,430,159,0,159,271,0,271
93,"NYC-Bronx Community District 5--Morris Heights, Fordham South & Mount Hope PUMA",125,125,0,125,125,0,0,0,0,0,0,0,0,0,0,0,0,0,125,125,0,125,125,0,0,0,0,0,0,0,0,0,0,0,0,0
94,"NYC-Manhattan Community District 9--Hamilton Heights, Manhattanville & West Harlem PUMA",1778,698,1080,1649,698,951,129,0,129,1649,698,951,1649,698,951,0,0,0,129,0,129,0,0,0,129,0,129,0,0,0,0,0,0,0,0,0
95,Nassau County (West Central)--Hempstead Town (West Central) PUMA,913,576,337,856,519,337,57,57,0,567,359,208,510,302,208,57,57,0,346,217,129,346,217,129,0,0,0,0,0,0,0,0,0,0,0,0
96,Erie County (West Central)--Buffalo City (East) PUMA,159,106,53,53,0,53,106,106,0,53,0,53,53,0,53,0,0,0,106,106,0,0,0,0,106,106,0,0,0,0,0,0,0,0,0,0
97,NYC-Queens Community District 6--Forest Hills & Rego Park PUMA,8752,3698,5054,6837,2941,3896,1915,757,1158,6207,2060,4147,4872,1549,3323,1335,511,824,2181,1315,866,1601,1069,532,580,246,334,364,323,41,364,323,41,0,0,0
98,"NYC-Queens Community District 13--Queens Village, Cambria Heights & Rosedale PUMA",103,0,103,103,0,103,0,0,0,65,0,65,65,0,65,0,0,0,38,0,38,38,0,38,0,0,0,0,0,0,0,0,0,0,0,0
99,"NYC-Bronx Community District 11--Pelham Parkway, Morris Park & Laconia PUMA",2047,1673,374,1905,1607,298,142,66,76,369,329,40,263,263,0,106,66,40,1559,1225,334,1523,1225,298,36,0,36,119,119,0,119,119,0,0,0,0
100,Madison & Cortland Counties PUMA,523,167,356,523,167,356,0,0,0,467,111,356,467,111,356,0,0,0,56,56,0,56,56,0,0,0,0,0,0,0,0,0,0,0,0,0
101,Nassau County (Central)--Hempstead Town (East Central) PUMA,1554,787,767,1258,628,630,296,159,137,1007,450,557,1007,450,557,0,0,0,472,337,135,251,178,73,221,159,62,75,0,75,0,0,0,75,0,75
102,Nassau County (West Central)--North Hempstead Town (South) PUMA,1955,1130,825,1896,1071,825,59,59,0,1000,483,517,941,424,517,59,59,0,848,587,261,848,587,261,0,0,0,107,60,47,107,60,47,0,0,0
103,Westchester County (Central)--White Plains City PUMA,3833,1719,2114,3434,1525,1909,399,194,205,2643,1150,1493,2458,1028,1430,185,122,63,1190,569,621,976,497,479,214,72,142,0,0,0,0,0,0,0,0,0
104,"NYC-Staten Island Community District 3--Tottenville, Great Kills & Annadale PUMA",8184,3491,4693,6357,3389,2968,1827,102,1725,3927,1214,2713,2846,1214,1632,1081,0,1081,4184,2204,1980,3438,2102,1336,746,102,644,73,73,0,73,73,0,0,0,0
105,Suffolk County (Northwest)--Huntington Town (South) PUMA,1125,686,439,1058,686,372,67,0,67,606,167,439,539,167,372,67,0,67,519,519,0,519,519,0,0,0,0,0,0,0,0,0,0,0,0,0
106,NYC-Manhattan Community District 3--Chinatown & Lower East Side PUMA,3671,2575,1096,3409,2575,834,262,0,262,3451,2355,1096,3189,2355,834,262,0,262,220,220,0,220,220,0,0,0,0,0,0,0,0,0,0,0,0,0
107,NYC-Brooklyn Community District 13--Brighton Beach & Coney Island PUMA,12895,6449,6446,11442,6038,5404,1453,411,1042,8555,3820,4735,7749,3630,4119,806,190,616,4259,2548,1711,3612,2327,1285,647,221,426,81,81,0,81,81,0,0,0,0
108,NYC-Brooklyn Community District 7--Sunset Park & Windsor Terrace PUMA,2193,1093,1100,1935,915,1020,258,178,80,907,294,613,907,294,613,0,0,0,1005,599,406,747,421,326,258,178,80,281,200,81,281,200,81,0,0,0
109,Suffolk County (Northwest)--Huntington Town (North) PUMA,1359,144,1215,998,144,854,361,0,361,589,0,589,392,0,392,197,0,197,532,144,388,532,144,388,0,0,0,238,0,238,74,0,74,164,0,164
110,Suffolk County (Southwest)--Islip Town (South) PUMA,174,134,40,40,0,40,134,134,0,0,0,0,0,0,0,0,0,0,0,0,0,0,0,0,0,0,0,174,134,40,40,0,40,134,134,0
111,"NYC-Brooklyn Community District 17--East Flatbush, Farragut & Rugby PUMA",414,252,162,414,252,162,0,0,0,162,0,162,162,0,162,0,0,0,252,252,0,252,252,0,0,0,0,0,0,0,0,0,0,0,0,0
112,Ulster County (East) PUMA,750,640,110,555,555,0,195,85,110,274,242,32,242,242,0,32,0,32,327,249,78,164,164,0,163,85,78,149,149,0,149,149,0,0,0,0
113,NYC-Manhattan Community District 10--Central Harlem PUMA,2647,1586,1061,1812,1018,794,835,568,267,1915,981,934,1080,413,667,835,568,267,422,295,127,422,295,127,0,0,0,310,310,0,310,310,0,0,0,0
114,NYC-Brooklyn Community District 4--Bushwick PUMA,1560,648,912,1102,536,566,458,112,346,1044,565,479,861,453,408,183,112,71,433,0,433,158,0,158,275,0,275,83,83,0,83,83,0,0,0,0
115,"NYC-Brooklyn Community District 9--Crown Heights South, Prospect Lefferts & Wingate PUMA",951,598,353,677,509,168,274,89,185,642,319,323,487,319,168,155,0,155,309,279,30,190,190,0,119,89,30,0,0,0,0,0,0,0,0,0
116,Oneida County (Central)--Greater Utica & Rome Cities PUMA,2034,1144,890,1875,1071,804,159,73,86,183,108,75,183,108,75,0,0,0,1591,776,815,1432,703,729,159,73,86,260,260,0,260,260,0,0,0,0
117,"NYC-Bronx Community District 9--Castle Hill, Clason Point & Parkchester PUMA",488,335,153,376,223,153,112,112,0,112,112,0,0,0,0,112,112,0,148,148,0,148,148,0,0,0,0,228,75,153,228,75,153,0,0,0
118,Erie County (Central) PUMA,1355,828,527,1245,718,527,110,110,0,99,0,99,99,0,99,0,0,0,1027,599,428,1027,599,428,0,0,0,229,229,0,119,119,0,110,110,0
119,Livingston & Wyoming Counties PUMA,312,231,81,312,231,81,0,0,0,142,142,0,142,142,0,0,0,0,170,89,81,170,89,81,0,0,0,0,0,0,0,0,0,0,0,0
120,Nassau County (East Central)--Oyster Bay Town (Central) PUMA,1928,1102,826,1586,1102,484,342,0,342,396,224,172,396,224,172,0,0,0,1439,785,654,1097,785,312,342,0,342,93,93,0,93,93,0,0,0,0
121,Niagara County (North & East) PUMA,260,75,185,217,75,142,43,0,43,118,75,43,75,75,0,43,0,43,142,0,142,142,0,142,0,0,0,0,0,0,0,0,0,0,0,0
122,Westchester County (Southwest)--Yonkers City PUMA,2913,1668,1245,2598,1668,930,315,0,315,987,383,604,987,383,604,0,0,0,1537,1011,526,1222,1011,211,315,0,315,389,274,115,389,274,115,0,0,0
123,Sullivan & Ulster (West) Counties PUMA,836,426,410,521,252,269,315,174,141,245,180,65,110,45,65,135,135,0,591,246,345,411,207,204,180,39,141,0,0,0,0,0,0,0,0,0
124,"NYC-Brooklyn Community District 12--Borough Park, Kensington & Ocean Parkway PUMA",4017,2610,1407,2903,2127,776,1114,483,631,1557,893,664,1142,770,372,415,123,292,1670,1097,573,1250,846,404,420,251,169,790,620,170,511,511,0,279,109,170
125,NYC-Brooklyn Community District 11--Bensonhurst & Bath Beach PUMA,12297,6323,5974,10129,5294,4835,2168,1029,1139,6410,3401,3009,5225,2651,2574,1185,750,435,5484,2765,2719,4606,2486,2120,878,279,599,403,157,246,298,157,141,105,0,105
126,"NYC-Bronx Community District 7--Bedford Park, Fordham North & Norwood PUMA",1263,999,264,1263,999,264,0,0,0,131,131,0,131,131,0,0,0,0,252,252,0,252,252,0,0,0,0,880,616,264,880,616,264,0,0,0
127,NYC-Manhattan Community District 11--East Harlem PUMA,2589,1296,1293,2248,1080,1168,341,216,125,2048,755,1293,1923,755,1168,125,0,125,216,216,0,0,0,0,216,216,0,325,325,0,325,325,0,0,0,0
128,Westchester County (Southeast) PUMA,1323,595,728,871,595,276,452,0,452,857,303,554,470,303,167,387,0,387,466,292,174,401,292,109,65,0,65,0,0,0,0,0,0,0,0,0
129,Niagara County (Southwest)--Greater Niagara Falls & North Tonawanda Area PUMA,173,133,40,173,133,40,0,0,0,86,46,40,86,46,40,0,0,0,0,0,0,0,0,0,0,0,0,87,87,0,87,87,0,0,0,0
130,Erie County (Northeast) PUMA,340,340,0,219,219,0,121,121,0,160,160,0,78,78,0,82,82,0,180,180,0,141,141,0,39,39,0,0,0,0,0,0,0,0,0,0
131,Monroe County (Central)--Greece & Gates Towns PUMA,1431,982,449,1366,982,384,65,0,65,642,494,148,642,494,148,0,0,0,789,488,301,724,488,236,65,0,65,0,0,0,0,0,0,0,0,0
132,NYC-Brooklyn Community District 10--Bay Ridge & Dyker Heights PUMA,6810,4012,2798,6024,3784,2240,786,228,558,3834,1568,2266,3324,1487,1837,510,81,429,2808,2276,532,2532,2129,403,276,147,129,168,168,0,168,168,0,0,0,0
133,"NYC-Bronx Community District 10--Co-op City, Pelham Bay & Schuylerville PUMA",444,444,0,444,444,0,0,0,0,145,145,0,145,145,0,0,0,0,299,299,0,299,299,0,0,0,0,0,0,0,0,0,0,0,0,0
134,"NYC-Manhattan Community District 1 & 2--Battery Park City, Greenwich Village & Soho PUMA",6399,3310,3089,5990,3220,2770,409,90,319,6054,3134,2920,5645,3044,2601,409,90,319,209,40,169,209,40,169,0,0,0,136,136,0,136,136,0,0,0,0
135,Albany County (East Central)--Albany City PUMA,835,514,321,768,447,321,67,67,0,614,293,321,614,293,321,0,0,0,145,145,0,78,78,0,67,67,0,76,76,0,76,76,0,0,0,0
136,"NYC-Queens Community District 8--Briarwood, Fresh Meadows & Hillcrest PUMA",4493,2175,2318,3227,1984,1243,1266,191,1075,2840,1179,1661,2199,1179,1020,641,0,641,1431,881,550,806,690,116,625,191,434,222,115,107,222,115,107,0,0,0
137,NYC-Queens Community District 4--Elmhurst & South Corona PUMA,1205,594,611,731,594,137,474,0,474,743,264,479,401,264,137,342,0,342,55,55,0,55,55,0,0,0,0,407,275,132,275,275,0,132,0,132
138,Nassau County (Central)--Hempstead Town (North Central)--Meadowbrook Corridor PUMA,913,519,394,744,519,225,169,0,169,281,169,112,169,169,0,112,0,112,498,216,282,441,216,225,57,0,57,134,134,0,134,134,0,0,0,0
139,"NYC-Brooklyn Community District 6--Park Slope, Carroll Gardens & Red Hook PUMA",2091,1557,534,1930,1478,452,161,79,82,1782,1248,534,1621,1169,452,161,79,82,264,264,0,264,264,0,0,0,0,45,45,0,45,45,0,0,0,0
140,"NYC-Bronx Community District 4--Concourse, Highbridge & Mount Eden PUMA",469,343,126,469,343,126,0,0,0,126,0,126,126,0,126,0,0,0,343,343,0,343,343,0,0,0,0,0,0,0,0,0,0,0,0,0
141,NYC-Manhattan Community District 8--Upper East Side PUMA,8556,5571,2985,7272,5116,2156,1284,455,829,7066,4711,2355,5782,4256,1526,1284,455,829,1490,860,630,1490,860,630,0,0,0,0,0,0,0,0,0,0,0,0
142,Orange County (Northeast)--Greater Newburgh City PUMA,1038,611,427,1007,611,396,31,0,31,444,164,280,444,164,280,0,0,0,400,284,116,400,284,116,0,0,0,194,163,31,163,163,0,31,0,31
143,"NYC-Bronx Community District 12--Wakefield, Williamsbridge & Woodlawn PUMA",136,136,0,136,136,0,0,0,0,58,58,0,58,58,0,0,0,0,78,78,0,78,78,0,0,0,0,0,0,0,0,0,0,0,0,0
144,NYC-Queens Community District 10--Howard Beach & Ozone Park PUMA,1444,1182,262,1332,1182,150,112,0,112,375,315,60,375,315,60,0,0,0,874,672,202,762,672,90,112,0,112,195,195,0,195,195,0,0,0,0
145,Suffolk County (Central)--Islip Town (Northwest) PUMA,917,624,293,917,624,293,0,0,0,0,0,0,0,0,0,0,0,0,917,624,293,917,624,293,0,0,0,0,0,0,0,0,0,0,0,0
146,Capital Region,6126,3267,2859,5309,3069,2240,817,198,619,3613,1709,1904,3284,1661,1623,329,48,281,1603,1078,525,1386,928,458,217,150,67,910,480,430,639,480,159,271,0,271
147,Central NY,4787,1742,3045,3976,1524,2452,811,218,593,2642,605,2037,2049,605,1444,593,0,593,1863,969,894,1645,751,894,218,218,0,282,168,114,282,168,114,0,0,0
148,Finger Lakes,7754,4401,3353,6804,4122,2682,950,279,671,3237,2123,1114,3073,2031,1042,164,92,72,3818,1755,2063,3133,1568,1565,685,187,498,699,523,176,598,523,75,101,0,101
149,Long Island,40727,22458,18269,33571,20413,13158,7156,2045,5111,17300,9087,8213,13864,7451,6413,3436,1636,1800,20178,11556,8622,17127,11331,5796,3051,225,2826,3249,1815,1434,2580,1631,949,669,184,485
150,Mid-Hudson,30466,17280,13186,25351,15627,9724,5115,1653,3462,14564,7263,7301,12425,6516,5909,2139,747,1392,12974,7713,5261,10685,7103,3582,2289,610,1679,2928,2304,624,2241,2008,233,687,296,391
151,Mohawk Valley,3220,1730,1490,2778,1474,1304,442,256,186,537,317,220,404,184,220,133,133,0,2258,1039,1219,2000,916,1084,258,123,135,425,374,51,374,374,0,51,0,51
152,New York City,218001,118714,99287,184744,106842,77902,33257,11872,21385,125330,61340,63990,108113,55655,52458,17217,5685,11532,80626,48962,31664,66825,43931,22894,13801,5031,8770,12045,8412,3633,9806,7256,2550,2239,1156,1083
153,North Country,2150,1047,1103,1862,971,891,288,76,212,923,342,581,746,342,404,177,0,177,842,478,364,807,478,329,35,0,35,385,227,158,309,151,158,76,76,0
154,Southern Tier,3279,1869,1410,2815,1844,971,464,25,439,1728,1032,696,1504,1032,472,224,0,224,1509,837,672,1269,812,457,240,25,215,42,0,42,42,0,42,0,0,0
155,Western NY,5294,3303,1991,4660,2740,1920,634,563,71,2373,1405,968,2134,1229,905,239,176,63,2564,1541,1023,2279,1264,1015,285,277,8,357,357,0,247,247,0,110,110,0
