,puma,Total_geo,Total_geo_m,Total_geo_f,Total_FT_mf_t,Total_FT_m,Total_FT_f,Total_PT_mf_t,Total_PT_m,Total_PT_f,Total_BABS,Total_BABS_m,Total_BABS_f,BABS_FT_mf_t,BABS_FT_m,BABS_FT_f,BABS_PT_mf_t,BABS_PT_m,BABS_PT_f,Total_HS,Total_HS_m,Total_HS_f,HS_FT_mf_t,HS_FT_m,HS_FT_f,HS_PT_mf_t,HS_PT_m,HS_PT_f,Total_HSINC,Total_HSINC_m,Total_HSINC_f,HSINC_FT_mf_t,HSINC_FT_m,HSINC_FT_f,HSINC_PT_mf_t,HSINC_PT_m,HSINC_PT_f
0,Total Geo,284459,140177,144282,237377,119995,117382,47082,20182,26900,68708,26277,42431,58878,22908,35970,9830,3369,6461,187285,98663,88622,157246,84580,72666,30039,14083,15956,28466,15237,13229,21253,12507,8746,7213,2730,4483
1,NYC-Manhattan Community District 7--Upper West Side & West Side PUMA,2195,899,1296,1633,337,1296,562,562,0,657,108,549,657,108,549,0,0,0,1017,791,226,455,229,226,562,562,0,521,0,521,521,0,521,0,0,0
2,Nassau County (West Central)--Hempstead Town (Northwest) PUMA,1469,610,859,1171,555,616,298,55,243,713,518,195,713,518,195,0,0,0,513,92,421,215,37,178,298,55,243,243,0,243,243,0,243,0,0,0
3,NYC-Brooklyn Community District 2--Brooklyn Heights & Fort Greene PUMA,2949,1967,982,2801,1888,913,148,79,69,1260,717,543,1191,717,474,69,0,69,1254,989,265,1175,910,265,79,79,0,435,261,174,435,261,174,0,0,0
4,Madison & Cortland Counties PUMA,415,93,322,151,93,58,264,0,264,292,0,292,28,0,28,264,0,264,123,93,30,123,93,30,0,0,0,0,0,0,0,0,0,0,0,0
5,Ontario & Yates Counties PUMA,798,532,266,760,494,266,38,38,0,185,145,40,185,145,40,0,0,0,613,387,226,575,349,226,38,38,0,0,0,0,0,0,0,0,0,0
6,Monroe County (Central)--Greece & Gates Towns PUMA,2077,1821,256,2077,1821,256,0,0,0,0,0,0,0,0,0,0,0,0,1932,1676,256,1932,1676,256,0,0,0,145,145,0,145,145,0,0,0,0
7,Nassau County (East Central)--Oyster Bay Town (Central) PUMA,804,615,189,681,615,66,123,0,123,285,162,123,162,162,0,123,0,123,519,453,66,519,453,66,0,0,0,0,0,0,0,0,0,0,0,0
8,"Clinton, Franklin, Essex & Hamilton Counties PUMA",730,340,390,624,234,390,106,106,0,0,0,0,0,0,0,0,0,0,730,340,390,624,234,390,106,106,0,0,0,0,0,0,0,0,0,0
9,NYC-Manhattan Community District 8--Upper East Side PUMA,1807,700,1107,952,406,546,855,294,561,698,280,418,698,280,418,0,0,0,1109,420,689,254,126,128,855,294,561,0,0,0,0,0,0,0,0,0
10,Suffolk County (Southwest)--Islip Town (South) PUMA,522,423,99,522,423,99,0,0,0,200,101,99,200,101,99,0,0,0,322,322,0,322,322,0,0,0,0,0,0,0,0,0,0,0,0,0
11,Erie County (Northwest) PUMA,738,280,458,506,177,329,232,103,129,128,0,128,69,0,69,59,0,59,363,103,260,260,0,260,103,103,0,247,177,70,177,177,0,70,0,70
12,"NYC-Queens Community District 8--Briarwood, Fresh Meadows & Hillcrest PUMA",2551,1422,1129,2341,1422,919,210,0,210,1096,630,466,1096,630,466,0,0,0,1205,792,413,995,792,203,210,0,210,250,0,250,250,0,250,0,0,0
13,NYC-Brooklyn Community District 5--East New York & Starrett City PUMA,3268,1538,1730,2918,1368,1550,350,170,180,439,115,324,336,115,221,103,0,103,2658,1423,1235,2411,1253,1158,247,170,77,171,0,171,171,0,171,0,0,0
14,Rockland County (North)--New City & Congers PUMA,2035,1331,704,1804,1331,473,231,0,231,712,245,467,603,245,358,109,0,109,1225,988,237,1103,988,115,122,0,122,98,98,0,98,98,0,0,0,0
15,"Otsego, Schoharie, Oneida (South) & Herkimer (South) Counties PUMA",237,120,117,219,120,99,18,0,18,117,0,117,99,0,99,18,0,18,120,120,0,120,120,0,0,0,0,0,0,0,0,0,0,0,0,0
16,NYC-Brooklyn Community District 7--Sunset Park & Windsor Terrace PUMA,1932,756,1176,1459,587,872,473,169,304,489,0,489,489,0,489,0,0,0,989,537,452,680,368,312,309,169,140,454,219,235,290,219,71,164,0,164
17,NYC-Brooklyn Community District 11--Bensonhurst & Bath Beach PUMA,2082,609,1473,1838,609,1229,244,0,244,646,0,646,545,0,545,101,0,101,1436,609,827,1293,609,684,143,0,143,0,0,0,0,0,0,0,0,0
18,Tompkins County PUMA,947,457,490,858,457,401,89,0,89,587,329,258,498,329,169,89,0,89,360,128,232,360,128,232,0,0,0,0,0,0,0,0,0,0,0,0
19,Dutchess County (Southwest) PUMA,4247,1710,2537,3496,1483,2013,751,227,524,1134,116,1018,820,83,737,314,33,281,2504,1210,1294,2185,1134,1051,319,76,243,609,384,225,491,266,225,118,118,0
20,NYC-Queens Community District 9--Richmond Hill & Woodhaven PUMA,4987,2926,2061,4016,2391,1625,971,535,436,1068,382,686,731,228,503,337,154,183,3740,2416,1324,3106,2035,1071,634,381,253,179,128,51,179,128,51,0,0,0
21,Westchester County (Northwest) PUMA,2906,1101,1805,2405,1101,1304,501,0,501,821,133,688,821,133,688,0,0,0,1833,716,1117,1332,716,616,501,0,501,252,252,0,252,252,0,0,0,0
22,Albany County (Outside Albany City) PUMA,1015,450,565,644,190,454,371,260,111,343,0,343,343,0,343,0,0,0,672,450,222,301,190,111,371,260,111,0,0,0,0,0,0,0,0,0
23,Monroe County (South) PUMA,276,134,142,276,134,142,0,0,0,241,134,107,241,134,107,0,0,0,35,0,35,35,0,35,0,0,0,0,0,0,0,0,0,0,0,0
24,Jefferson & Lewis Counties PUMA,64,64,0,64,64,0,0,0,0,64,64,0,64,64,0,0,0,0,0,0,0,0,0,0,0,0,0,0,0,0,0,0,0,0,0,0
25,"Chenango, Delaware & Broome (East) Counties PUMA",244,205,39,86,47,39,158,158,0,21,0,21,21,0,21,0,0,0,203,185,18,45,27,18,158,158,0,20,20,0,20,20,0,0,0,0
26,Erie County (Central) PUMA,783,440,343,580,237,343,203,203,0,187,133,54,123,69,54,64,64,0,596,307,289,457,168,289,139,139,0,0,0,0,0,0,0,0,0,0
27,St. Lawrence County PUMA,217,217,0,217,217,0,0,0,0,0,0,0,0,0,0,0,0,0,0,0,0,0,0,0,0,0,0,217,217,0,217,217,0,0,0,0
28,"NYC-Manhattan Community District 9--Hamilton Heights, Manhattanville & West Harlem PUMA",1033,569,464,351,161,190,682,408,274,408,408,0,0,0,0,408,408,0,625,161,464,351,161,190,274,0,274,0,0,0,0,0,0,0,0,0
29,Suffolk County (North Central)--Brookhaven Town (North) PUMA,900,289,611,900,289,611,0,0,0,516,105,411,516,105,411,0,0,0,384,184,200,384,184,200,0,0,0,0,0,0,0,0,0,0,0,0
30,NYC-Brooklyn Community District 1--Greenpoint & Williamsburg PUMA,3371,1181,2190,2772,1181,1591,599,0,599,1346,466,880,1125,466,659,221,0,221,1831,521,1310,1453,521,932,378,0,378,194,194,0,194,194,0,0,0,0
31,Cayuga & Onondaga (South) Counties PUMA,250,197,53,66,45,21,184,152,32,0,0,0,0,0,0,0,0,0,250,197,53,66,45,21,184,152,32,0,0,0,0,0,0,0,0,0
32,Nassau County (Southeast)--Oyster Bay Town (South) PUMA,1293,601,692,1096,601,495,197,0,197,745,318,427,654,318,336,91,0,91,452,283,169,346,283,63,106,0,106,96,0,96,96,0,96,0,0,0
33,Fulton & Montgomery Counties PUMA,990,175,815,851,36,815,139,139,0,0,0,0,0,0,0,0,0,0,990,175,815,851,36,815,139,139,0,0,0,0,0,0,0,0,0,0
34,Onondaga County (Central)--Syracuse City (Outer) PUMA,531,145,386,531,145,386,0,0,0,0,0,0,0,0,0,0,0,0,189,145,44,189,145,44,0,0,0,342,0,342,342,0,342,0,0,0
35,NYC-Staten Island Community District 2--New Springville & South Beach PUMA,3655,1925,1730,2802,1157,1645,853,768,85,391,52,339,306,52,254,85,0,85,3073,1682,1391,2305,914,1391,768,768,0,191,191,0,191,191,0,0,0,0
36,Niagara County (Southwest)--Greater Niagara Falls & North Tonawanda Area PUMA,276,177,99,276,177,99,0,0,0,99,0,99,99,0,99,0,0,0,177,177,0,177,177,0,0,0,0,0,0,0,0,0,0,0,0,0
37,Suffolk County (Central)--Brookhaven Town (Central) PUMA,3847,2368,1479,3847,2368,1479,0,0,0,689,465,224,689,465,224,0,0,0,2860,1605,1255,2860,1605,1255,0,0,0,298,298,0,298,298,0,0,0,0
38,"NYC-Bronx Community District 7--Bedford Park, Fordham North & Norwood PUMA",4967,2016,2951,4632,1924,2708,335,92,243,809,134,675,809,134,675,0,0,0,3564,1512,2052,3229,1420,1809,335,92,243,594,370,224,594,370,224,0,0,0
39,NYC-Queens Community District 4--Elmhurst & South Corona PUMA,350,200,150,350,200,150,0,0,0,0,0,0,0,0,0,0,0,0,350,200,150,350,200,150,0,0,0,0,0,0,0,0,0,0,0,0
40,"NYC-Brooklyn Community District 6--Park Slope, Carroll Gardens & Red Hook PUMA",1499,1101,398,1386,1085,301,113,16,97,221,221,0,221,221,0,0,0,0,1136,738,398,1023,722,301,113,16,97,142,142,0,142,142,0,0,0,0
41,Suffolk County (Central)--Islip Town (East) PUMA,1777,766,1011,1609,766,843,168,0,168,379,241,138,379,241,138,0,0,0,1223,350,873,1055,350,705,168,0,168,175,175,0,175,175,0,0,0,0
42,"NYC-Brooklyn Community District 9--Crown Heights South, Prospect Lefferts & Wingate PUMA",988,912,76,912,912,0,76,0,76,312,312,0,312,312,0,0,0,0,600,600,0,600,600,0,0,0,0,76,0,76,0,0,0,76,0,76
43,"NYC-Queens Community District 7--Flushing, Murray Hill & Whitestone PUMA",1360,545,815,1217,402,815,143,143,0,665,193,472,628,156,472,37,37,0,621,278,343,515,172,343,106,106,0,74,74,0,74,74,0,0,0,0
44,NYC-Queens Community District 3--Jackson Heights & North Corona PUMA,847,422,425,708,422,286,139,0,139,379,169,210,379,169,210,0,0,0,346,131,215,207,131,76,139,0,139,122,122,0,122,122,0,0,0,0
45,Saratoga County (Outer) PUMA,315,315,0,315,315,0,0,0,0,41,41,0,41,41,0,0,0,0,274,274,0,274,274,0,0,0,0,0,0,0,0,0,0,0,0,0
46,"NYC-Bronx Community District 12--Wakefield, Williamsbridge & Woodlawn PUMA",2581,1493,1088,2204,1327,877,377,166,211,679,269,410,513,103,410,166,166,0,1610,993,617,1399,993,406,211,0,211,292,231,61,292,231,61,0,0,0
47,"NYC-Brooklyn Community District 15--Sheepshead Bay, Gerritsen Beach & Homecrest PUMA",321,0,321,321,0,321,0,0,0,0,0,0,0,0,0,0,0,0,231,0,231,231,0,231,0,0,0,90,0,90,90,0,90,0,0,0
48,Wayne & Seneca Counties PUMA,690,427,263,487,427,60,203,0,203,0,0,0,0,0,0,0,0,0,422,159,263,219,159,60,203,0,203,268,268,0,268,268,0,0,0,0
49,Schenectady County--Schenectady City PUMA,845,299,546,356,299,57,489,0,489,0,0,0,0,0,0,0,0,0,845,299,546,356,299,57,489,0,489,0,0,0,0,0,0,0,0,0
50,NYC-Brooklyn Community District 10--Bay Ridge & Dyker Heights PUMA,2607,1165,1442,2112,1057,1055,495,108,387,983,482,501,983,482,501,0,0,0,1518,683,835,1129,575,554,389,108,281,106,0,106,0,0,0,106,0,106
51,Nassau County (Northwest)--North Hempstead Town (North) PUMA,307,121,186,269,83,186,38,38,0,83,83,0,83,83,0,0,0,0,224,38,186,186,0,186,38,38,0,0,0,0,0,0,0,0,0,0
52,Suffolk County (West Central)--Babylon Town (Northwest) PUMA,2360,1269,1091,1622,863,759,738,406,332,606,473,133,606,473,133,0,0,0,1661,796,865,1016,390,626,645,406,239,93,0,93,0,0,0,93,0,93
53,"NYC-Manhattan Community District 4 & 5--Chelsea, Clinton & Midtown Business District PUMA",2844,1535,1309,2278,1020,1258,566,515,51,534,0,534,483,0,483,51,0,51,1991,1216,775,1795,1020,775,196,196,0,319,319,0,0,0,0,319,319,0
54,Columbia & Greene Counties PUMA,113,84,29,47,18,29,66,66,0,0,0,0,0,0,0,0,0,0,113,84,29,47,18,29,66,66,0,0,0,0,0,0,0,0,0,0
55,Rensselaer County--Troy City PUMA,507,86,421,260,86,174,247,0,247,118,0,118,118,0,118,0,0,0,56,0,56,56,0,56,0,0,0,333,86,247,86,86,0,247,0,247
56,Erie County (West Central)--Buffalo City (West) PUMA,2724,1820,904,2481,1651,830,243,169,74,111,0,111,111,0,111,0,0,0,2501,1717,784,2267,1548,719,234,169,65,112,103,9,103,103,0,9,0,9
57,Erie County (South) PUMA,46,0,46,0,0,0,46,0,46,0,0,0,0,0,0,0,0,0,0,0,0,0,0,0,0,0,0,46,0,46,0,0,0,46,0,46
58,Oneida County (Central)--Greater Utica & Rome Cities PUMA,803,456,347,306,171,135,497,285,212,115,115,0,115,115,0,0,0,0,688,341,347,191,56,135,497,285,212,0,0,0,0,0,0,0,0,0
59,"NYC-Manhattan Community District 12--Washington Heights, Inwood & Marble Hill PUMA",4092,1253,2839,3257,940,2317,835,313,522,1768,220,1548,1690,142,1548,78,78,0,2101,1033,1068,1344,798,546,757,235,522,223,0,223,223,0,223,0,0,0
60,NYC-Brooklyn Community District 13--Brighton Beach & Coney Island PUMA,1170,728,442,1170,728,442,0,0,0,269,0,269,269,0,269,0,0,0,901,728,173,901,728,173,0,0,0,0,0,0,0,0,0,0,0,0
61,NYC-Manhattan Community District 10--Central Harlem PUMA,4093,1604,2489,2827,479,2348,1266,1125,141,770,321,449,479,171,308,291,150,141,2528,629,1899,2207,308,1899,321,321,0,795,654,141,141,0,141,654,654,0
62,Nassau County (West Central)--North Hempstead Town (South) PUMA,1103,49,1054,874,49,825,229,0,229,374,49,325,230,49,181,144,0,144,622,0,622,537,0,537,85,0,85,107,0,107,107,0,107,0,0,0
63,NYC-Brooklyn Community District 16--Brownsville & Ocean Hill PUMA,2153,980,1173,1913,858,1055,240,122,118,172,0,172,54,0,54,118,0,118,1648,808,840,1526,686,840,122,122,0,333,172,161,333,172,161,0,0,0
64,Albany County (East Central)--Albany City PUMA,1464,621,843,1288,445,843,176,176,0,333,186,147,333,186,147,0,0,0,955,259,696,955,259,696,0,0,0,176,176,0,0,0,0,176,176,0
65,Nassau County (West Central)--Hempstead Town (West Central) PUMA,1095,548,547,1095,548,547,0,0,0,229,0,229,229,0,229,0,0,0,866,548,318,866,548,318,0,0,0,0,0,0,0,0,0,0,0,0
66,Chemung (South) & Steuben (East) Counties--Greater Elmira & Greater Corning Cities PUMA,86,0,86,0,0,0,86,0,86,0,0,0,0,0,0,0,0,0,86,0,86,0,0,0,86,0,86,0,0,0,0,0,0,0,0,0
67,"NYC-Bronx Community District 3 & 6--Belmont, Crotona Park East & East Tremont PUMA",7559,3648,3911,5933,3126,2807,1626,522,1104,960,453,507,700,406,294,260,47,213,5076,2098,2978,4157,1819,2338,919,279,640,1523,1097,426,1076,901,175,447,196,251
68,"NYC-Bronx Community District 5--Morris Heights, Fordham South & Mount Hope PUMA",3807,1456,2351,3034,1156,1878,773,300,473,899,119,780,780,0,780,119,119,0,1816,681,1135,1487,596,891,329,85,244,1092,656,436,767,560,207,325,96,229
69,"NYC-Bronx Community District 8--Riverdale, Fieldston & Kingsbridge PUMA",4804,2214,2590,4111,1687,2424,693,527,166,1440,567,873,1323,450,873,117,117,0,2917,1489,1428,2341,1079,1262,576,410,166,447,158,289,447,158,289,0,0,0
70,Erie County (Northeast) PUMA,155,155,0,80,80,0,75,75,0,80,80,0,80,80,0,0,0,0,75,75,0,0,0,0,75,75,0,0,0,0,0,0,0,0,0,0
71,NYC-Manhattan Community District 11--East Harlem PUMA,5530,1721,3809,4604,1546,3058,926,175,751,1839,338,1501,1427,338,1089,412,0,412,3691,1383,2308,3177,1208,1969,514,175,339,0,0,0,0,0,0,0,0,0
72,Orange County (Southeast) PUMA,5284,2713,2571,4827,2713,2114,457,0,457,1087,305,782,897,305,592,190,0,190,4025,2236,1789,3758,2236,1522,267,0,267,172,172,0,172,172,0,0,0,0
73,Westchester County (Southeast) PUMA,319,69,250,194,69,125,125,0,125,194,69,125,194,69,125,0,0,0,125,0,125,0,0,0,125,0,125,0,0,0,0,0,0,0,0,0
74,NYC-Queens Community District 1--Astoria & Long Island City PUMA,2452,1251,1201,2015,1075,940,437,176,261,1551,655,896,1217,582,635,334,73,261,901,596,305,798,493,305,103,103,0,0,0,0,0,0,0,0,0,0
75,Livingston & Wyoming Counties PUMA,92,72,20,72,72,0,20,0,20,0,0,0,0,0,0,0,0,0,92,72,20,72,72,0,20,0,20,0,0,0,0,0,0,0,0,0
76,Suffolk County (Central)--Brookhaven Town (West Central) PUMA,1249,486,763,1146,383,763,103,103,0,303,54,249,303,54,249,0,0,0,744,432,312,641,329,312,103,103,0,202,0,202,202,0,202,0,0,0
77,Westchester County (Southwest)--Yonkers City PUMA,6540,3273,3267,6095,3273,2822,445,0,445,2326,1230,1096,2326,1230,1096,0,0,0,3639,1669,1970,3284,1669,1615,355,0,355,575,374,201,485,374,111,90,0,90
78,Erie County (North Central) PUMA,0,0,0,0,0,0,0,0,0,0,0,0,0,0,0,0,0,0,0,0,0,0,0,0,0,0,0,0,0,0,0,0,0,0,0,0
79,Saratoga County (South & Central) PUMA,312,312,0,312,312,0,0,0,0,91,91,0,91,91,0,0,0,0,221,221,0,221,221,0,0,0,0,0,0,0,0,0,0,0,0,0
80,Suffolk County (South Central)--Brookhaven Town (South) PUMA,1756,801,955,1720,787,933,36,14,22,371,0,371,371,0,371,0,0,0,1257,801,456,1243,787,456,14,14,0,128,0,128,106,0,106,22,0,22
81,"NYC-Staten Island Community District 3--Tottenville, Great Kills & Annadale PUMA",2822,1484,1338,2736,1484,1252,86,0,86,875,417,458,875,417,458,0,0,0,1663,924,739,1577,924,653,86,0,86,284,143,141,284,143,141,0,0,0
82,Herkimer (North & Central) & Oneida (Outer) Counties PUMA,390,390,0,56,56,0,334,334,0,17,17,0,0,0,0,17,17,0,373,373,0,56,56,0,317,317,0,0,0,0,0,0,0,0,0,0
83,Niagara County (North & East) PUMA,588,552,36,588,552,36,0,0,0,218,218,0,218,218,0,0,0,0,170,134,36,170,134,36,0,0,0,200,200,0,200,200,0,0,0,0
84,Monroe County (Central)--Rochester City (East) PUMA,1893,928,965,1071,414,657,822,514,308,333,75,258,186,75,111,147,0,147,1035,403,632,772,301,471,263,102,161,525,450,75,113,38,75,412,412,0
85,Warren & Washington Counties PUMA,366,305,61,344,283,61,22,22,0,0,0,0,0,0,0,0,0,0,366,305,61,344,283,61,22,22,0,0,0,0,0,0,0,0,0,0
86,Nassau County (Southwest)--Hempstead Town (Southwest) & Long Beach City PUMA,1023,707,316,809,707,102,214,0,214,0,0,0,0,0,0,0,0,0,1023,707,316,809,707,102,214,0,214,0,0,0,0,0,0,0,0,0
87,NYC-Brooklyn Community District 8--Crown Heights North & Prospect Heights PUMA,1033,759,274,942,668,274,91,91,0,435,161,274,350,76,274,85,85,0,598,598,0,592,592,0,6,6,0,0,0,0,0,0,0,0,0,0
88,Onondaga County (Central)--Syracuse City PUMA,835,587,248,643,443,200,192,144,48,73,32,41,73,32,41,0,0,0,539,371,168,440,320,120,99,51,48,223,184,39,130,91,39,93,93,0
89,Westchester County (Central)--White Plains City PUMA,3360,1962,1398,2947,1780,1167,413,182,231,873,0,873,693,0,693,180,0,180,2487,1962,525,2254,1780,474,233,182,51,0,0,0,0,0,0,0,0,0
90,NYC-Brooklyn Community District 3--Bedford-Stuyvesant PUMA,1738,844,894,1547,733,814,191,111,80,587,330,257,587,330,257,0,0,0,983,426,557,960,403,557,23,23,0,168,88,80,0,0,0,168,88,80
91,"NYC-Bronx Community District 1 & 2--Hunts Point, Longwood & Melrose PUMA",7379,2597,4782,5025,1740,3285,2354,857,1497,699,258,441,587,258,329,112,0,112,5112,1807,3305,3261,1019,2242,1851,788,1063,1568,532,1036,1177,463,714,391,69,322
92,Cattaraugus & Allegany Counties PUMA,117,8,109,84,8,76,33,0,33,76,0,76,76,0,76,0,0,0,41,8,33,8,8,0,33,0,33,0,0,0,0,0,0,0,0,0
93,Oswego County PUMA,222,0,222,0,0,0,222,0,222,222,0,222,0,0,0,222,0,222,0,0,0,0,0,0,0,0,0,0,0,0,0,0,0,0,0,0
94,"NYC-Queens Community District 5--Ridgewood, Glendale & Middle Village PUMA",5794,2880,2914,5398,2611,2787,396,269,127,748,510,238,660,510,150,88,0,88,4583,2370,2213,4275,2101,2174,308,269,39,463,0,463,463,0,463,0,0,0
95,Monroe County (East) PUMA,1224,394,830,712,330,382,512,64,448,298,64,234,234,0,234,64,64,0,734,245,489,393,245,148,341,0,341,192,85,107,85,85,0,107,0,107
96,Westchester County (South Central)--New Rochelle & Mount Vernon Cities PUMA,1404,1115,289,1234,945,289,170,170,0,610,492,118,610,492,118,0,0,0,794,623,171,624,453,171,170,170,0,0,0,0,0,0,0,0,0,0
97,"NYC-Queens Community District 14--Far Rockaway, Breezy Point & Broad Channel PUMA",2769,1018,1751,2489,865,1624,280,153,127,310,87,223,260,87,173,50,0,50,2315,859,1456,2157,706,1451,158,153,5,144,72,72,72,72,0,72,0,72
98,"NYC-Brooklyn Community District 12--Borough Park, Kensington & Ocean Parkway PUMA",707,254,453,607,196,411,100,58,42,161,0,161,161,0,161,0,0,0,471,254,217,371,196,175,100,58,42,75,0,75,75,0,75,0,0,0
99,"NYC-Bronx Community District 10--Co-op City, Pelham Bay & Schuylerville PUMA",9383,4355,5028,8027,3683,4344,1356,672,684,2222,792,1430,1467,545,922,755,247,508,6076,2945,3131,5475,2520,2955,601,425,176,1085,618,467,1085,618,467,0,0,0
100,"NYC-Queens Community District 11--Bayside, Douglaston & Little Neck PUMA",1699,1012,687,1412,1012,400,287,0,287,876,454,422,816,454,362,60,0,60,743,516,227,516,516,0,227,0,227,80,42,38,80,42,38,0,0,0
101,"NYC-Manhattan Community District 6--Murray Hill, Gramercy & Stuyvesant Town PUMA",531,395,136,531,395,136,0,0,0,136,0,136,136,0,136,0,0,0,395,395,0,395,395,0,0,0,0,0,0,0,0,0,0,0,0,0
102,Chautauqua County PUMA,1437,917,520,1381,917,464,56,0,56,352,213,139,352,213,139,0,0,0,729,510,219,673,510,163,56,0,56,356,194,162,356,194,162,0,0,0
103,NYC-Brooklyn Community District 18--Canarsie & Flatlands PUMA,2028,1251,777,2028,1251,777,0,0,0,338,0,338,338,0,338,0,0,0,1690,1251,439,1690,1251,439,0,0,0,0,0,0,0,0,0,0,0,0
104,Erie County (West Central)--Buffalo City (East) PUMA,1198,158,1040,916,158,758,282,0,282,0,0,0,0,0,0,0,0,0,1000,158,842,916,158,758,84,0,84,198,0,198,0,0,0,198,0,198
105,Genesee & Orleans Counties PUMA,137,95,42,137,95,42,0,0,0,20,0,20,20,0,20,0,0,0,117,95,22,117,95,22,0,0,0,0,0,0,0,0,0,0,0,0
106,"NYC-Staten Island Community District 1--Port Richmond, Stapleton & Mariner's Harbor PUMA",6203,2254,3949,5399,1980,3419,804,274,530,1146,219,927,1075,219,856,71,0,71,4170,1973,2197,3437,1699,1738,733,274,459,887,62,825,887,62,825,0,0,0
107,"Steuben (North & West), Schuyler & Chemung (North) Counties PUMA",0,0,0,0,0,0,0,0,0,0,0,0,0,0,0,0,0,0,0,0,0,0,0,0,0,0,0,0,0,0,0,0,0,0,0,0
108,Nassau County (South Central)--Hempstead Town (Southeast) PUMA,1323,525,798,1232,525,707,91,0,91,229,0,229,138,0,138,91,0,91,1094,525,569,1094,525,569,0,0,0,0,0,0,0,0,0,0,0,0
109,"NYC-Bronx Community District 9--Castle Hill, Clason Point & Parkchester PUMA",12670,5845,6825,9698,4763,4935,2972,1082,1890,2630,917,1713,1972,751,1221,658,166,492,8433,4341,4092,6418,3425,2993,2015,916,1099,1607,587,1020,1308,587,721,299,0,299
110,Suffolk County (East) PUMA,520,520,0,520,520,0,0,0,0,241,241,0,241,241,0,0,0,0,279,279,0,279,279,0,0,0,0,0,0,0,0,0,0,0,0,0
111,Orange County (Northwest) PUMA,3169,2134,1035,2680,1846,834,489,288,201,790,432,358,790,432,358,0,0,0,1913,1437,476,1625,1149,476,288,288,0,466,265,201,265,265,0,201,0,201
112,Broome County (West Central)--Greater Binghamton City & Greater Johnson City Village PUMA,551,222,329,444,222,222,107,0,107,284,121,163,177,121,56,107,0,107,267,101,166,267,101,166,0,0,0,0,0,0,0,0,0,0,0,0
113,"NYC-Bronx Community District 11--Pelham Parkway, Morris Park & Laconia PUMA",8366,3515,4851,7216,3356,3860,1150,159,991,2095,448,1647,2095,448,1647,0,0,0,5213,2591,2622,4645,2432,2213,568,159,409,1058,476,582,476,476,0,582,0,582
114,Suffolk County (Northwest)--Smithtown Town PUMA,962,409,553,734,409,325,228,0,228,871,409,462,643,409,234,228,0,228,91,0,91,91,0,91,0,0,0,0,0,0,0,0,0,0,0,0
115,Ulster County (East) PUMA,1364,507,857,1281,484,797,83,23,60,181,0,181,181,0,181,0,0,0,1183,507,676,1100,484,616,83,23,60,0,0,0,0,0,0,0,0,0
116,Westchester County (Northeast) PUMA,925,799,126,579,475,104,346,324,22,377,273,104,377,273,104,0,0,0,526,526,0,202,202,0,324,324,0,22,0,22,0,0,0,22,0,22
117,NYC-Brooklyn Community District 4--Bushwick PUMA,7047,4402,2645,6018,3907,2111,1029,495,534,1036,372,664,1036,372,664,0,0,0,4668,3123,1545,4062,2857,1205,606,266,340,1343,907,436,920,678,242,423,229,194
118,NYC-Manhattan Community District 3--Chinatown & Lower East Side PUMA,6645,3599,3046,4888,2348,2540,1757,1251,506,2741,1571,1170,1881,711,1170,860,860,0,3691,1939,1752,2918,1548,1370,773,391,382,213,89,124,89,89,0,124,0,124
119,Dutchess County (North & East) PUMA,1111,826,285,910,646,264,201,180,21,171,121,50,150,121,29,21,0,21,847,612,235,667,432,235,180,180,0,93,93,0,93,93,0,0,0,0
120,Nassau County (Central)--Hempstead Town (North Central)--Meadowbrook Corridor PUMA,1602,852,750,1549,852,697,53,0,53,688,436,252,635,436,199,53,0,53,914,416,498,914,416,498,0,0,0,0,0,0,0,0,0,0,0,0
121,Broome (Outer West) & Tioga Counties PUMA,79,0,79,79,0,79,0,0,0,0,0,0,0,0,0,0,0,0,79,0,79,79,0,79,0,0,0,0,0,0,0,0,0,0,0,0
122,"Rockland County (South)--Orangetown, Clarkstown (South) & Ramapo (Southeast) Towns PUMA",2438,2242,196,1942,1746,196,496,496,0,68,68,0,68,68,0,0,0,0,2279,2096,183,1783,1600,183,496,496,0,91,78,13,91,78,13,0,0,0
123,"NYC-Brooklyn Community District 17--East Flatbush, Farragut & Rugby PUMA",669,306,363,669,306,363,0,0,0,0,0,0,0,0,0,0,0,0,632,306,326,632,306,326,0,0,0,37,0,37,37,0,37,0,0,0
124,Orange County (Northeast)--Greater Newburgh City PUMA,3139,1524,1615,2618,1105,1513,521,419,102,970,562,408,696,288,408,274,274,0,2024,817,1207,1922,817,1105,102,0,102,145,145,0,0,0,0,145,145,0
125,"NYC-Manhattan Community District 1 & 2--Battery Park City, Greenwich Village & Soho PUMA",535,205,330,535,205,330,0,0,0,330,0,330,330,0,330,0,0,0,205,205,0,205,205,0,0,0,0,0,0,0,0,0,0,0,0,0
126,NYC-Queens Community District 6--Forest Hills & Rego Park PUMA,1304,944,360,1304,944,360,0,0,0,477,206,271,477,206,271,0,0,0,636,547,89,636,547,89,0,0,0,191,191,0,191,191,0,0,0,0
127,Onondaga County (North) PUMA,538,495,43,538,495,43,0,0,0,538,495,43,538,495,43,0,0,0,0,0,0,0,0,0,0,0,0,0,0,0,0,0,0,0,0,0
128,Nassau County (Northeast)--Oyster Bay Town (North) & Glen Cove City PUMA,759,249,510,484,249,235,275,0,275,0,0,0,0,0,0,0,0,0,759,249,510,484,249,235,275,0,275,0,0,0,0,0,0,0,0,0
129,Monroe County (North & West) PUMA,651,0,651,248,0,248,403,0,403,391,0,391,142,0,142,249,0,249,260,0,260,106,0,106,154,0,154,0,0,0,0,0,0,0,0,0
130,Sullivan & Ulster (West) Counties PUMA,1008,580,428,939,580,359,69,0,69,0,0,0,0,0,0,0,0,0,767,339,428,698,339,359,69,0,69,241,241,0,241,241,0,0,0,0
131,Suffolk County (Southwest)--Babylon Town (Southeast) PUMA,1516,929,587,1196,759,437,320,170,150,312,0,312,162,0,162,150,0,150,1204,929,275,1034,759,275,170,170,0,0,0,0,0,0,0,0,0,0
132,Suffolk County (Northwest)--Huntington Town (North) PUMA,476,83,393,374,83,291,102,0,102,166,83,83,83,83,0,83,0,83,291,0,291,291,0,291,0,0,0,19,0,19,0,0,0,19,0,19
133,"NYC-Queens Community District 12--Jamaica, Hollis & St. Albans PUMA",2379,1410,969,1857,1280,577,522,130,392,75,75,0,75,75,0,0,0,0,2103,1134,969,1581,1004,577,522,130,392,201,201,0,201,201,0,0,0,0
134,"NYC-Queens Community District 13--Queens Village, Cambria Heights & Rosedale PUMA",3152,960,2192,2646,798,1848,506,162,344,362,96,266,308,96,212,54,0,54,2481,864,1617,2029,702,1327,452,162,290,309,0,309,309,0,309,0,0,0
135,Monroe County (Central)--Rochester City (West) PUMA,1777,488,1289,1251,327,924,526,161,365,164,164,0,164,164,0,0,0,0,1247,324,923,986,163,823,261,161,100,366,0,366,101,0,101,265,0,265
136,NYC-Queens Community District 10--Howard Beach & Ozone Park PUMA,3027,1817,1210,2728,1518,1210,299,299,0,380,220,160,311,151,160,69,69,0,2447,1397,1050,2352,1302,1050,95,95,0,200,200,0,65,65,0,135,135,0
137,Suffolk County (Central)--Islip Town (Northwest) PUMA,2628,1373,1255,2166,1311,855,462,62,400,700,286,414,588,286,302,112,0,112,1644,937,707,1428,875,553,216,62,154,284,150,134,150,150,0,134,0,134
138,Putnam County PUMA,1173,268,905,977,268,709,196,0,196,171,47,124,114,47,67,57,0,57,863,221,642,863,221,642,0,0,0,139,0,139,0,0,0,139,0,139
139,NYC-Queens Community District 2--Sunnyside & Woodside PUMA,3267,2447,820,3083,2263,820,184,184,0,639,276,363,572,209,363,67,67,0,2181,1724,457,2064,1607,457,117,117,0,447,447,0,447,447,0,0,0,0
140,Nassau County (Central)--Hempstead Town (East Central) PUMA,1027,671,356,970,671,299,57,0,57,102,0,102,102,0,102,0,0,0,868,671,197,868,671,197,0,0,0,57,0,57,0,0,0,57,0,57
141,Suffolk County (Northwest)--Huntington Town (South) PUMA,446,227,219,324,227,97,122,0,122,97,0,97,97,0,97,0,0,0,159,159,0,159,159,0,0,0,0,190,68,122,68,68,0,122,0,122
142,"NYC-Bronx Community District 4--Concourse, Highbridge & Mount Eden PUMA",4110,2041,2069,3694,1871,1823,416,170,246,138,0,138,138,0,138,0,0,0,3539,1751,1788,3266,1581,1685,273,170,103,433,290,143,290,290,0,143,0,143
143,Nassau County (Central)--Hempstead Town (Northeast) PUMA,1657,168,1489,1305,168,1137,352,0,352,572,61,511,572,61,511,0,0,0,1002,107,895,650,107,543,352,0,352,83,0,83,83,0,83,0,0,0
144,NYC-Brooklyn Community District 14--Flatbush & Midwood PUMA,1199,804,395,1119,724,395,80,80,0,242,242,0,242,242,0,0,0,0,751,356,395,671,276,395,80,80,0,206,206,0,206,206,0,0,0,0
145,"Rockland County (West)--Spring Valley, Suffern Villages & Monsey PUMA",563,197,366,489,123,366,74,74,0,187,120,67,113,46,67,74,74,0,376,77,299,376,77,299,0,0,0,0,0,0,0,0,0,0,0,0
146,Capital Region,4937,2472,2465,3566,1948,1618,1371,524,847,926,318,608,926,318,608,0,0,0,3502,1892,1610,2554,1544,1010,948,348,600,509,262,247,86,86,0,423,176,247
147,Central NY,2791,1517,1274,1929,1221,708,862,296,566,1125,527,598,639,527,112,486,0,486,1101,806,295,818,603,215,283,203,80,565,184,381,472,91,381,93,93,0
148,Finger Lakes,9615,4891,4724,7091,4114,2977,2524,777,1747,1632,582,1050,1172,518,654,460,64,396,6487,3361,3126,5207,3060,2147,1280,301,979,1496,948,548,712,536,176,784,412,372
149,Long Island,32421,15659,16762,28215,14811,13404,4206,848,3358,9471,4085,5386,8396,4085,4311,1075,0,1075,20975,10883,10092,18291,10035,8256,2684,848,1836,1975,691,1284,1528,691,837,447,0,447
150,Mid-Hudson,40985,22351,18634,35417,19968,15449,5568,2383,3185,10672,4213,6459,9453,3832,5621,1219,381,838,27410,16036,11374,23776,14297,9479,3634,1739,1895,2903,2102,801,2188,1839,349,715,263,452
151,Mohawk Valley,2420,1141,1279,1432,383,1049,988,758,230,249,132,117,214,115,99,35,17,18,2171,1009,1162,1218,268,950,953,741,212,0,0,0,0,0,0,0,0,0
152,New York City,180310,86134,94176,150463,72352,78111,29847,13782,16065,42426,15262,27164,36190,12419,23771,6236,2843,3393,118262,60733,57529,99079,51580,47499,19183,9153,10030,19622,10139,9483,15194,8353,6841,4428,1786,2642
153,North Country,1011,621,390,905,515,390,106,106,0,64,64,0,64,64,0,0,0,0,730,340,390,624,234,390,106,106,0,217,217,0,217,217,0,0,0,0
154,Southern Tier,1907,884,1023,1467,726,741,440,158,282,892,450,442,696,450,246,196,0,196,995,414,581,751,256,495,244,158,86,20,20,0,20,20,0,0,0,0
155,Western NY,8062,4507,3555,6892,3957,2935,1170,550,620,1251,644,607,1128,580,548,123,64,59,5652,3189,2463,4928,2703,2225,724,486,238,1159,674,485,836,674,162,323,0,323
