,puma,Total_geo,Total_geo_m,Total_geo_f,Total_NP_mf_t,Total_NP_m,Total_NP_f,Total_P_mf_t,Total_P_m,Total_P_f,Total_BABS,Total_BABS_m,Total_BABS_f,BABS_NP_mf_t,BABS_NP_m,BABS_NP_f,BABS_P_mf_t,BABS_P_m,BABS_P_f,Total_HS,Total_HS_m,Total_HS_f,HS_NP_mf_t,HS_NP_m,HS_NP_f,HS_P_mf_t,HS_P_m,HS_P_f,Total_HSINC,Total_HSINC_m,Total_HSINC_f,HSINC_NP_mf_t,HSINC_NP_m,HSINC_NP_f,HSINC_P_mf_t,HSINC_P_m,HSINC_P_f
0,Total Geo,236025,118790,117235,211781,109601,102180,24244,9189,15055,58753,22908,35845,57689,22493,35196,1064,415,649,156573,83929,72644,139876,78357,61519,16697,5572,11125,20699,11953,8746,14216,8751,5465,6483,3202,3281
1,NYC-Manhattan Community District 7--Upper West Side & West Side PUMA,2728,1432,1296,1674,899,775,1054,533,521,657,108,549,657,108,549,0,0,0,1211,985,226,1017,791,226,194,194,0,860,339,521,0,0,0,860,339,521
2,Nassau County (West Central)--Hempstead Town (Northwest) PUMA,1834,610,1224,1710,555,1155,124,55,69,829,518,311,760,518,242,69,0,69,762,92,670,707,37,670,55,55,0,243,0,243,243,0,243,0,0,0
3,NYC-Brooklyn Community District 2--Brooklyn Heights & Fort Greene PUMA,3996,2760,1236,2927,1887,1040,1069,873,196,1260,717,543,1260,717,543,0,0,0,2048,1529,519,1232,909,323,816,620,196,688,514,174,435,261,174,253,253,0
4,Madison & Cortland Counties PUMA,593,271,322,494,172,322,99,99,0,292,0,292,292,0,292,0,0,0,222,192,30,123,93,30,99,99,0,79,79,0,79,79,0,0,0,0
5,Ontario & Yates Counties PUMA,1296,929,367,776,510,266,520,419,101,208,168,40,208,168,40,0,0,0,952,691,261,568,342,226,384,349,35,136,70,66,0,0,0,136,70,66
6,Monroe County (Central)--Greece & Gates Towns PUMA,2264,1821,443,2077,1821,256,187,0,187,0,0,0,0,0,0,0,0,0,1932,1676,256,1932,1676,256,0,0,0,332,145,187,145,145,0,187,0,187
7,Nassau County (East Central)--Oyster Bay Town (Central) PUMA,804,615,189,804,615,189,0,0,0,285,162,123,285,162,123,0,0,0,519,453,66,519,453,66,0,0,0,0,0,0,0,0,0,0,0,0
8,"Clinton, Franklin, Essex & Hamilton Counties PUMA",698,234,464,538,234,304,160,0,160,0,0,0,0,0,0,0,0,0,698,234,464,538,234,304,160,0,160,0,0,0,0,0,0,0,0,0
9,NYC-Manhattan Community District 8--Upper East Side PUMA,1849,700,1149,1246,700,546,603,0,603,698,280,418,698,280,418,0,0,0,1109,420,689,548,420,128,561,0,561,42,0,42,0,0,0,42,0,42
10,Suffolk County (Southwest)--Islip Town (South) PUMA,2014,1134,880,916,423,493,1098,711,387,265,101,164,265,101,164,0,0,0,1038,322,716,651,322,329,387,0,387,711,711,0,0,0,0,711,711,0
11,Erie County (Northwest) PUMA,738,280,458,388,0,388,350,280,70,128,0,128,128,0,128,0,0,0,363,103,260,260,0,260,103,103,0,247,177,70,0,0,0,247,177,70
12,"NYC-Queens Community District 8--Briarwood, Fresh Meadows & Hillcrest PUMA",2971,1422,1549,2280,1422,858,691,0,691,1096,630,466,1096,630,466,0,0,0,1269,792,477,1059,792,267,210,0,210,606,0,606,125,0,125,481,0,481
13,NYC-Brooklyn Community District 5--East New York & Starrett City PUMA,5093,2324,2769,2340,1174,1166,2753,1150,1603,603,115,488,444,115,329,159,0,159,3898,1946,1952,1779,1059,720,2119,887,1232,592,263,329,117,0,117,475,263,212
14,Rockland County (North)--New City & Congers PUMA,2556,1496,1060,2475,1496,979,81,0,81,813,245,568,813,245,568,0,0,0,1743,1251,492,1662,1251,411,81,0,81,0,0,0,0,0,0,0,0,0
15,"Otsego, Schoharie, Oneida (South) & Herkimer (South) Counties PUMA",237,120,117,219,120,99,18,0,18,117,0,117,99,0,99,18,0,18,120,120,0,120,120,0,0,0,0,0,0,0,0,0,0,0,0,0
16,NYC-Brooklyn Community District 7--Sunset Park & Windsor Terrace PUMA,3326,1931,1395,1876,997,879,1450,934,516,489,0,489,489,0,489,0,0,0,1469,868,601,1187,868,319,282,0,282,1368,1063,305,200,129,71,1168,934,234
17,NYC-Brooklyn Community District 11--Bensonhurst & Bath Beach PUMA,2188,715,1473,1956,715,1241,232,0,232,646,0,646,646,0,646,0,0,0,1542,715,827,1310,715,595,232,0,232,0,0,0,0,0,0,0,0,0
18,Tompkins County PUMA,947,457,490,858,457,401,89,0,89,587,329,258,498,329,169,89,0,89,360,128,232,360,128,232,0,0,0,0,0,0,0,0,0,0,0,0
19,Dutchess County (Southwest) PUMA,5778,2287,3491,5555,2190,3365,223,97,126,1194,176,1018,1194,176,1018,0,0,0,3104,1532,1572,2959,1435,1524,145,97,48,1480,579,901,1402,579,823,78,0,78
20,NYC-Queens Community District 9--Richmond Hill & Woodhaven PUMA,6860,3677,3183,4573,2701,1872,2287,976,1311,1195,382,813,858,228,630,337,154,183,5309,3097,2212,3359,2275,1084,1950,822,1128,356,198,158,356,198,158,0,0,0
21,Westchester County (Northwest) PUMA,3260,1168,2092,2576,1075,1501,684,93,591,913,133,780,913,133,780,0,0,0,1926,809,1117,1437,716,721,489,93,396,421,226,195,226,226,0,195,0,195
22,Albany County (Outside Albany City) PUMA,1572,1007,565,755,190,565,817,817,0,343,0,343,343,0,343,0,0,0,790,568,222,412,190,222,378,378,0,439,439,0,0,0,0,439,439,0
23,Monroe County (South) PUMA,399,134,265,257,134,123,142,0,142,241,134,107,134,134,0,107,0,107,158,0,158,123,0,123,35,0,35,0,0,0,0,0,0,0,0,0
24,Jefferson & Lewis Counties PUMA,209,209,0,209,209,0,0,0,0,64,64,0,64,64,0,0,0,0,145,145,0,145,145,0,0,0,0,0,0,0,0,0,0,0,0,0
25,"Chenango, Delaware & Broome (East) Counties PUMA",307,268,39,86,47,39,221,221,0,21,0,21,21,0,21,0,0,0,203,185,18,45,27,18,158,158,0,83,83,0,20,20,0,63,63,0
26,Erie County (Central) PUMA,783,440,343,452,272,180,331,168,163,187,133,54,187,133,54,0,0,0,596,307,289,265,139,126,331,168,163,0,0,0,0,0,0,0,0,0
27,St. Lawrence County PUMA,0,0,0,0,0,0,0,0,0,0,0,0,0,0,0,0,0,0,0,0,0,0,0,0,0,0,0,0,0,0,0,0,0,0,0,0
28,"NYC-Manhattan Community District 9--Hamilton Heights, Manhattanville & West Harlem PUMA",1745,1281,464,759,569,190,986,712,274,408,408,0,408,408,0,0,0,0,1337,873,464,351,161,190,986,712,274,0,0,0,0,0,0,0,0,0
29,Suffolk County (North Central)--Brookhaven Town (North) PUMA,1203,510,693,1203,510,693,0,0,0,598,105,493,598,105,493,0,0,0,605,405,200,605,405,200,0,0,0,0,0,0,0,0,0,0,0,0
30,NYC-Brooklyn Community District 1--Greenpoint & Williamsburg PUMA,5451,2013,3438,3152,837,2315,2299,1176,1123,1597,466,1131,1376,466,910,221,0,221,3269,1057,2212,1681,371,1310,1588,686,902,585,490,95,95,0,95,490,490,0
31,Cayuga & Onondaga (South) Counties PUMA,250,197,53,250,197,53,0,0,0,0,0,0,0,0,0,0,0,0,250,197,53,250,197,53,0,0,0,0,0,0,0,0,0,0,0,0
32,Nassau County (Southeast)--Oyster Bay Town (South) PUMA,1851,704,1147,1851,704,1147,0,0,0,745,318,427,745,318,427,0,0,0,1010,386,624,1010,386,624,0,0,0,96,0,96,96,0,96,0,0,0
33,Fulton & Montgomery Counties PUMA,1119,175,944,165,36,129,954,139,815,0,0,0,0,0,0,0,0,0,1119,175,944,165,36,129,954,139,815,0,0,0,0,0,0,0,0,0
34,Onondaga County (Central)--Syracuse City (Outer) PUMA,531,145,386,531,145,386,0,0,0,0,0,0,0,0,0,0,0,0,189,145,44,189,145,44,0,0,0,342,0,342,342,0,342,0,0,0
35,NYC-Staten Island Community District 2--New Springville & South Beach PUMA,5224,2575,2649,4390,2057,2333,834,518,316,481,52,429,396,52,344,85,0,85,4176,2205,1971,3427,1687,1740,749,518,231,567,318,249,567,318,249,0,0,0
36,Niagara County (Southwest)--Greater Niagara Falls & North Tonawanda Area PUMA,597,258,339,276,177,99,321,81,240,99,0,99,99,0,99,0,0,0,498,258,240,177,177,0,321,81,240,0,0,0,0,0,0,0,0,0
37,Suffolk County (Central)--Brookhaven Town (Central) PUMA,4473,2509,1964,4332,2368,1964,141,141,0,689,465,224,689,465,224,0,0,0,3486,1746,1740,3345,1605,1740,141,141,0,298,298,0,298,298,0,0,0,0
38,"NYC-Bronx Community District 7--Bedford Park, Fordham North & Norwood PUMA",8454,3042,5412,5563,2456,3107,2891,586,2305,901,134,767,809,134,675,92,0,92,5737,2178,3559,4322,1952,2370,1415,226,1189,1816,730,1086,432,370,62,1384,360,1024
39,NYC-Queens Community District 4--Elmhurst & South Corona PUMA,476,200,276,350,200,150,126,0,126,0,0,0,0,0,0,0,0,0,350,200,150,350,200,150,0,0,0,126,0,126,0,0,0,126,0,126
40,"NYC-Brooklyn Community District 6--Park Slope, Carroll Gardens & Red Hook PUMA",2588,1285,1303,1687,1190,497,901,95,806,339,221,118,339,221,118,0,0,0,1884,805,1079,1101,722,379,783,83,700,365,259,106,247,247,0,118,12,106
41,Suffolk County (Central)--Islip Town (East) PUMA,1945,891,1054,1945,891,1054,0,0,0,331,241,90,331,241,90,0,0,0,1439,475,964,1439,475,964,0,0,0,175,175,0,175,175,0,0,0,0
42,"NYC-Brooklyn Community District 9--Crown Heights South, Prospect Lefferts & Wingate PUMA",1078,1002,76,1002,1002,0,76,0,76,312,312,0,312,312,0,0,0,0,600,600,0,600,600,0,0,0,0,166,90,76,90,90,0,76,0,76
43,"NYC-Queens Community District 7--Flushing, Murray Hill & Whitestone PUMA",2130,987,1143,1744,601,1143,386,386,0,973,392,581,936,355,581,37,37,0,1083,521,562,734,172,562,349,349,0,74,74,0,74,74,0,0,0,0
44,NYC-Queens Community District 3--Jackson Heights & North Corona PUMA,939,422,517,847,422,425,92,0,92,379,169,210,379,169,210,0,0,0,438,131,307,346,131,215,92,0,92,122,122,0,122,122,0,0,0,0
45,Saratoga County (Outer) PUMA,315,315,0,315,315,0,0,0,0,41,41,0,41,41,0,0,0,0,274,274,0,274,274,0,0,0,0,0,0,0,0,0,0,0,0,0
46,"NYC-Bronx Community District 12--Wakefield, Williamsbridge & Woodlawn PUMA",3724,1493,2231,2664,1493,1171,1060,0,1060,679,269,410,679,269,410,0,0,0,2592,993,1599,1693,993,700,899,0,899,453,231,222,292,231,61,161,0,161
47,"NYC-Brooklyn Community District 15--Sheepshead Bay, Gerritsen Beach & Homecrest PUMA",924,212,712,514,50,464,410,162,248,40,0,40,40,0,40,0,0,0,384,50,334,384,50,334,0,0,0,500,162,338,90,0,90,410,162,248
48,Wayne & Seneca Counties PUMA,730,467,263,228,168,60,502,299,203,0,0,0,0,0,0,0,0,0,582,319,263,171,111,60,411,208,203,148,148,0,57,57,0,91,91,0
49,Schenectady County--Schenectady City PUMA,989,299,690,575,299,276,414,0,414,0,0,0,0,0,0,0,0,0,989,299,690,575,299,276,414,0,414,0,0,0,0,0,0,0,0,0
50,NYC-Brooklyn Community District 10--Bay Ridge & Dyker Heights PUMA,3302,1723,1579,2876,1453,1423,426,270,156,1167,666,501,956,549,407,211,117,94,1686,783,903,1524,683,841,162,100,62,449,274,175,396,221,175,53,53,0
51,Nassau County (Northwest)--North Hempstead Town (North) PUMA,453,121,332,415,83,332,38,38,0,83,83,0,83,83,0,0,0,0,370,38,332,332,0,332,38,38,0,0,0,0,0,0,0,0,0,0
52,Suffolk County (West Central)--Babylon Town (Northwest) PUMA,3420,1932,1488,2518,1403,1115,902,529,373,1279,1013,266,1279,1013,266,0,0,0,2048,919,1129,1160,390,770,888,529,359,93,0,93,79,0,79,14,0,14
53,"NYC-Manhattan Community District 4 & 5--Chelsea, Clinton & Midtown Business District PUMA",3475,1657,1818,2535,1535,1000,940,122,818,534,0,534,483,0,483,51,0,51,2253,1338,915,1733,1216,517,520,122,398,688,319,369,319,319,0,369,0,369
54,Columbia & Greene Counties PUMA,459,134,325,195,84,111,264,50,214,82,0,82,82,0,82,0,0,0,327,84,243,113,84,29,214,0,214,50,50,0,0,0,0,50,50,0
55,Rensselaer County--Troy City PUMA,581,160,421,252,134,118,329,26,303,118,0,118,118,0,118,0,0,0,130,74,56,48,48,0,82,26,56,333,86,247,86,86,0,247,0,247
56,Erie County (West Central)--Buffalo City (West) PUMA,3819,2432,1387,3069,2174,895,750,258,492,111,0,111,111,0,111,0,0,0,3198,1931,1267,2715,1931,784,483,0,483,510,501,9,243,243,0,267,258,9
57,Erie County (South) PUMA,139,0,139,46,0,46,93,0,93,0,0,0,0,0,0,0,0,0,93,0,93,0,0,0,93,0,93,46,0,46,46,0,46,0,0,0
58,Oneida County (Central)--Greater Utica & Rome Cities PUMA,790,443,347,210,171,39,580,272,308,115,115,0,115,115,0,0,0,0,403,56,347,95,56,39,308,0,308,272,272,0,0,0,0,272,272,0
59,"NYC-Manhattan Community District 12--Washington Heights, Inwood & Marble Hill PUMA",4517,1505,3012,3936,1330,2606,581,175,406,1845,297,1548,1845,297,1548,0,0,0,2424,1183,1241,2091,1033,1058,333,150,183,248,25,223,0,0,0,248,25,223
60,NYC-Brooklyn Community District 13--Brighton Beach & Coney Island PUMA,1577,1058,519,1325,806,519,252,252,0,424,78,346,424,78,346,0,0,0,1001,828,173,901,728,173,100,100,0,152,152,0,0,0,0,152,152,0
61,NYC-Manhattan Community District 10--Central Harlem PUMA,4859,1796,3063,4011,1445,2566,848,351,497,847,321,526,847,321,526,0,0,0,2848,629,2219,2369,470,1899,479,159,320,1164,846,318,795,654,141,369,192,177
62,Nassau County (West Central)--North Hempstead Town (South) PUMA,1103,49,1054,1018,49,969,85,0,85,374,49,325,374,49,325,0,0,0,622,0,622,537,0,537,85,0,85,107,0,107,107,0,107,0,0,0
63,NYC-Brooklyn Community District 16--Brownsville & Ocean Hill PUMA,4928,2818,2110,2030,958,1072,2898,1860,1038,400,228,172,172,0,172,228,228,0,2442,1328,1114,1525,786,739,917,542,375,2086,1262,824,333,172,161,1753,1090,663
64,Albany County (East Central)--Albany City PUMA,1724,748,976,898,346,552,826,402,424,333,186,147,333,186,147,0,0,0,1215,386,829,565,160,405,650,226,424,176,176,0,0,0,0,176,176,0
65,Nassau County (West Central)--Hempstead Town (West Central) PUMA,1095,548,547,1049,548,501,46,0,46,229,0,229,229,0,229,0,0,0,866,548,318,820,548,272,46,0,46,0,0,0,0,0,0,0,0,0
66,Chemung (South) & Steuben (East) Counties--Greater Elmira & Greater Corning Cities PUMA,447,0,447,0,0,0,447,0,447,0,0,0,0,0,0,0,0,0,86,0,86,0,0,0,86,0,86,361,0,361,0,0,0,361,0,361
67,"NYC-Bronx Community District 3 & 6--Belmont, Crotona Park East & East Tremont PUMA",12131,5262,6869,5390,2819,2571,6741,2443,4298,993,453,540,773,453,320,220,0,220,7105,2934,4171,3261,1572,1689,3844,1362,2482,4033,1875,2158,1356,794,562,2677,1081,1596
68,"NYC-Bronx Community District 5--Morris Heights, Fordham South & Mount Hope PUMA",5891,2674,3217,3030,1360,1670,2861,1314,1547,899,119,780,899,119,780,0,0,0,2565,1141,1424,1458,681,777,1107,460,647,2427,1414,1013,673,560,113,1754,854,900
69,"NYC-Bronx Community District 8--Riverdale, Fieldston & Kingsbridge PUMA",6197,3008,3189,4586,2634,1952,1611,374,1237,1440,567,873,1323,450,873,117,117,0,4085,2090,1995,2912,1833,1079,1173,257,916,672,351,321,351,351,0,321,0,321
70,Erie County (Northeast) PUMA,155,155,0,155,155,0,0,0,0,80,80,0,80,80,0,0,0,0,75,75,0,75,75,0,0,0,0,0,0,0,0,0,0,0,0,0
71,NYC-Manhattan Community District 11--East Harlem PUMA,9259,3259,6000,4971,1803,3168,4288,1456,2832,2250,749,1501,2096,595,1501,154,154,0,5042,2037,3005,2592,1208,1384,2450,829,1621,1967,473,1494,283,0,283,1684,473,1211
72,Orange County (Southeast) PUMA,6178,2909,3269,5848,2802,3046,330,107,223,1087,305,782,1087,305,782,0,0,0,4860,2373,2487,4530,2266,2264,330,107,223,231,231,0,231,231,0,0,0,0
73,Westchester County (Southeast) PUMA,432,69,363,432,69,363,0,0,0,307,69,238,307,69,238,0,0,0,125,0,125,125,0,125,0,0,0,0,0,0,0,0,0,0,0,0
74,NYC-Queens Community District 1--Astoria & Long Island City PUMA,3167,1251,1916,2483,1210,1273,684,41,643,1604,655,949,1510,614,896,94,41,53,1285,596,689,973,596,377,312,0,312,278,0,278,0,0,0,278,0,278
75,Livingston & Wyoming Counties PUMA,92,72,20,0,0,0,92,72,20,0,0,0,0,0,0,0,0,0,92,72,20,0,0,0,92,72,20,0,0,0,0,0,0,0,0,0
76,Suffolk County (Central)--Brookhaven Town (West Central) PUMA,1717,687,1030,1516,486,1030,201,201,0,303,54,249,303,54,249,0,0,0,1212,633,579,1011,432,579,201,201,0,202,0,202,202,0,202,0,0,0
77,Westchester County (Southwest)--Yonkers City PUMA,7982,3573,4409,6164,3422,2742,1818,151,1667,2523,1230,1293,2177,1230,947,346,0,346,4665,1750,2915,3506,1750,1756,1159,0,1159,794,593,201,481,442,39,313,151,162
78,Erie County (North Central) PUMA,30,0,30,0,0,0,30,0,30,0,0,0,0,0,0,0,0,0,0,0,0,0,0,0,0,0,0,30,0,30,0,0,0,30,0,30
79,Saratoga County (South & Central) PUMA,470,312,158,470,312,158,0,0,0,91,91,0,91,91,0,0,0,0,379,221,158,379,221,158,0,0,0,0,0,0,0,0,0,0,0,0
80,Suffolk County (South Central)--Brookhaven Town (South) PUMA,2223,739,1484,1766,461,1305,457,278,179,628,0,628,628,0,628,0,0,0,1310,739,571,1032,461,571,278,278,0,285,0,285,106,0,106,179,0,179
81,"NYC-Staten Island Community District 3--Tottenville, Great Kills & Annadale PUMA",4029,2281,1748,3194,1914,1280,835,367,468,875,417,458,875,417,458,0,0,0,2870,1721,1149,2176,1354,822,694,367,327,284,143,141,143,143,0,141,0,141
82,Herkimer (North & Central) & Oneida (Outer) Counties PUMA,534,534,0,217,217,0,317,317,0,17,17,0,17,17,0,0,0,0,517,517,0,200,200,0,317,317,0,0,0,0,0,0,0,0,0,0
83,Niagara County (North & East) PUMA,665,561,104,379,343,36,286,218,68,218,218,0,0,0,0,218,218,0,247,143,104,179,143,36,68,0,68,200,200,0,200,200,0,0,0,0
84,Monroe County (Central)--Rochester City (East) PUMA,2701,1319,1382,1042,771,271,1659,548,1111,377,75,302,186,75,111,191,0,191,1263,529,734,461,301,160,802,228,574,1061,715,346,395,395,0,666,320,346
85,Warren & Washington Counties PUMA,344,283,61,289,228,61,55,55,0,0,0,0,0,0,0,0,0,0,344,283,61,289,228,61,55,55,0,0,0,0,0,0,0,0,0,0
86,Nassau County (Southwest)--Hempstead Town (Southwest) & Long Beach City PUMA,1091,707,384,1091,707,384,0,0,0,0,0,0,0,0,0,0,0,0,1091,707,384,1091,707,384,0,0,0,0,0,0,0,0,0,0,0,0
87,NYC-Brooklyn Community District 8--Crown Heights North & Prospect Heights PUMA,2318,1337,981,1057,597,460,1261,740,521,435,161,274,435,161,274,0,0,0,1475,903,572,622,436,186,853,467,386,408,273,135,0,0,0,408,273,135
88,Onondaga County (Central)--Syracuse City PUMA,1216,867,349,739,585,154,477,282,195,73,32,41,73,32,41,0,0,0,700,483,217,506,432,74,194,51,143,443,352,91,160,121,39,283,231,52
89,Westchester County (Central)--White Plains City PUMA,3545,2072,1473,3435,1962,1473,110,110,0,873,0,873,873,0,873,0,0,0,2597,2072,525,2487,1962,525,110,110,0,75,0,75,75,0,75,0,0,0
90,NYC-Brooklyn Community District 3--Bedford-Stuyvesant PUMA,3030,1568,1462,1560,733,827,1470,835,635,587,330,257,587,330,257,0,0,0,1979,969,1010,973,403,570,1006,566,440,464,269,195,0,0,0,464,269,195
91,"NYC-Bronx Community District 1 & 2--Hunts Point, Longwood & Melrose PUMA",12863,5479,7384,6355,2839,3516,6508,2640,3868,776,258,518,699,258,441,77,0,77,8986,3799,5187,4281,2093,2188,4705,1706,2999,3101,1422,1679,1375,488,887,1726,934,792
92,Cattaraugus & Allegany Counties PUMA,117,8,109,117,8,109,0,0,0,76,0,76,76,0,76,0,0,0,41,8,33,41,8,33,0,0,0,0,0,0,0,0,0,0,0,0
93,Oswego County PUMA,373,151,222,222,0,222,151,151,0,222,0,222,222,0,222,0,0,0,49,49,0,0,0,0,49,49,0,102,102,0,0,0,0,102,102,0
94,"NYC-Queens Community District 5--Ridgewood, Glendale & Middle Village PUMA",8129,3867,4262,6226,3131,3095,1903,736,1167,836,598,238,836,598,238,0,0,0,6437,3269,3168,5047,2533,2514,1390,736,654,856,0,856,343,0,343,513,0,513
95,Monroe County (East) PUMA,1354,466,888,877,330,547,477,136,341,298,64,234,234,0,234,64,64,0,864,317,547,451,245,206,413,72,341,192,85,107,192,85,107,0,0,0
96,Westchester County (South Central)--New Rochelle & Mount Vernon Cities PUMA,1515,1115,400,1515,1115,400,0,0,0,610,492,118,610,492,118,0,0,0,905,623,282,905,623,282,0,0,0,0,0,0,0,0,0,0,0,0
97,"NYC-Queens Community District 14--Far Rockaway, Breezy Point & Broad Channel PUMA",4445,1289,3156,2445,581,1864,2000,708,1292,455,114,341,455,114,341,0,0,0,3602,859,2743,1918,467,1451,1684,392,1292,388,316,72,72,0,72,316,316,0
98,"NYC-Brooklyn Community District 12--Borough Park, Kensington & Ocean Parkway PUMA",1386,933,453,1017,606,411,369,327,42,161,0,161,161,0,161,0,0,0,604,387,217,429,254,175,175,133,42,621,546,75,427,352,75,194,194,0
99,"NYC-Bronx Community District 10--Co-op City, Pelham Bay & Schuylerville PUMA",13330,7572,5758,11838,6862,4976,1492,710,782,3515,2085,1430,2936,2085,851,579,0,579,8237,4386,3851,7801,4143,3658,436,243,193,1578,1101,477,1101,634,467,477,467,10
100,"NYC-Queens Community District 11--Bayside, Douglaston & Little Neck PUMA",1699,1012,687,1683,1012,671,16,0,16,876,454,422,876,454,422,0,0,0,743,516,227,727,516,211,16,0,16,80,42,38,80,42,38,0,0,0
101,"NYC-Manhattan Community District 6--Murray Hill, Gramercy & Stuyvesant Town PUMA",738,467,271,653,395,258,85,72,13,136,0,136,136,0,136,0,0,0,467,467,0,395,395,0,72,72,0,135,0,135,122,0,122,13,0,13
102,Chautauqua County PUMA,2576,1585,991,1675,946,729,901,639,262,352,213,139,352,213,139,0,0,0,1680,1075,605,1161,733,428,519,342,177,544,297,247,162,0,162,382,297,85
103,NYC-Brooklyn Community District 18--Canarsie & Flatlands PUMA,3187,2016,1171,2439,1572,867,748,444,304,415,77,338,415,77,338,0,0,0,2431,1598,833,2024,1495,529,407,103,304,341,341,0,0,0,0,341,341,0
104,Erie County (West Central)--Buffalo City (East) PUMA,1627,489,1138,837,295,542,790,194,596,26,0,26,26,0,26,0,0,0,1130,288,842,674,158,516,456,130,326,471,201,270,137,137,0,334,64,270
105,Genesee & Orleans Counties PUMA,266,95,171,136,95,41,130,0,130,41,0,41,41,0,41,0,0,0,147,95,52,95,95,0,52,0,52,78,0,78,0,0,0,78,0,78
106,"NYC-Staten Island Community District 1--Port Richmond, Stapleton & Mariner's Harbor PUMA",8487,3422,5065,6055,2116,3939,2432,1306,1126,1367,219,1148,1123,219,904,244,0,244,5637,2901,2736,4028,1595,2433,1609,1306,303,1483,302,1181,904,302,602,579,0,579
107,"Steuben (North & West), Schuyler & Chemung (North) Counties PUMA",59,59,0,0,0,0,59,59,0,0,0,0,0,0,0,0,0,0,59,59,0,0,0,0,59,59,0,0,0,0,0,0,0,0,0,0
108,Nassau County (South Central)--Hempstead Town (Southeast) PUMA,1561,602,959,1561,602,959,0,0,0,311,0,311,311,0,311,0,0,0,1173,525,648,1173,525,648,0,0,0,77,77,0,77,77,0,0,0,0
109,"NYC-Bronx Community District 9--Castle Hill, Clason Point & Parkchester PUMA",17601,7865,9736,12581,6351,6230,5020,1514,3506,2912,1122,1790,2835,1122,1713,77,0,77,10525,5391,5134,8066,4506,3560,2459,885,1574,4164,1352,2812,1680,723,957,2484,629,1855
110,Suffolk County (East) PUMA,353,353,0,353,353,0,0,0,0,241,241,0,241,241,0,0,0,0,112,112,0,112,112,0,0,0,0,0,0,0,0,0,0,0,0,0
111,Orange County (Northwest) PUMA,4190,2131,2059,3450,2046,1404,740,85,655,1365,432,933,1080,432,648,285,0,285,2175,1434,741,1904,1349,555,271,85,186,650,265,385,466,265,201,184,0,184
112,Broome County (West Central)--Greater Binghamton City & Greater Johnson City Village PUMA,877,308,569,551,222,329,326,86,240,284,121,163,284,121,163,0,0,0,507,101,406,267,101,166,240,0,240,86,86,0,0,0,0,86,86,0
113,"NYC-Bronx Community District 11--Pelham Parkway, Morris Park & Laconia PUMA",10813,4593,6220,8609,3520,5089,2204,1073,1131,2588,756,1832,2215,552,1663,373,204,169,6347,2992,3355,5477,2618,2859,870,374,496,1878,845,1033,917,350,567,961,495,466
114,Suffolk County (Northwest)--Smithtown Town PUMA,1098,622,476,1098,622,476,0,0,0,863,478,385,863,478,385,0,0,0,91,0,91,91,0,91,0,0,0,144,144,0,144,144,0,0,0,0
115,Ulster County (East) PUMA,1370,513,857,1281,484,797,89,29,60,181,0,181,181,0,181,0,0,0,1183,507,676,1100,484,616,83,23,60,6,6,0,0,0,0,6,6,0
116,Westchester County (Northeast) PUMA,1061,799,262,469,365,104,592,434,158,377,273,104,267,163,104,110,110,0,684,526,158,202,202,0,482,324,158,0,0,0,0,0,0,0,0,0
117,NYC-Brooklyn Community District 4--Bushwick PUMA,9818,6056,3762,7085,4474,2611,2733,1582,1151,1036,372,664,1036,372,664,0,0,0,6545,4200,2345,4864,3111,1753,1681,1089,592,2237,1484,753,1185,991,194,1052,493,559
118,NYC-Manhattan Community District 3--Chinatown & Lower East Side PUMA,9758,5200,4558,6896,3922,2974,2862,1278,1584,2858,1571,1287,2741,1571,1170,117,0,117,6477,3540,2937,4076,2351,1725,2401,1189,1212,423,89,334,79,0,79,344,89,255
119,Dutchess County (North & East) PUMA,1093,534,559,1093,534,559,0,0,0,445,121,324,445,121,324,0,0,0,648,413,235,648,413,235,0,0,0,0,0,0,0,0,0,0,0,0
120,Nassau County (Central)--Hempstead Town (North Central)--Meadowbrook Corridor PUMA,2181,1422,759,1549,852,697,632,570,62,688,436,252,635,436,199,53,0,53,1484,986,498,914,416,498,570,570,0,9,0,9,0,0,0,9,0,9
121,Broome (Outer West) & Tioga Counties PUMA,79,0,79,79,0,79,0,0,0,0,0,0,0,0,0,0,0,0,79,0,79,79,0,79,0,0,0,0,0,0,0,0,0,0,0,0
122,"Rockland County (South)--Orangetown, Clarkstown (South) & Ramapo (Southeast) Towns PUMA",2438,2242,196,2438,2242,196,0,0,0,68,68,0,68,68,0,0,0,0,2279,2096,183,2279,2096,183,0,0,0,91,78,13,91,78,13,0,0,0
123,"NYC-Brooklyn Community District 17--East Flatbush, Farragut & Rugby PUMA",1065,381,684,521,158,363,544,223,321,64,64,0,64,64,0,0,0,0,890,306,584,420,94,326,470,212,258,111,11,100,37,0,37,74,11,63
124,Orange County (Northeast)--Greater Newburgh City PUMA,3535,1828,1707,3078,1558,1520,457,270,187,1062,562,500,1062,562,500,0,0,0,2328,1121,1207,1871,851,1020,457,270,187,145,145,0,145,145,0,0,0,0
125,"NYC-Manhattan Community District 1 & 2--Battery Park City, Greenwich Village & Soho PUMA",559,229,330,535,205,330,24,24,0,330,0,330,330,0,330,0,0,0,205,205,0,205,205,0,0,0,0,24,24,0,0,0,0,24,24,0
126,NYC-Queens Community District 6--Forest Hills & Rego Park PUMA,1463,944,519,1412,893,519,51,51,0,532,206,326,532,206,326,0,0,0,740,547,193,689,496,193,51,51,0,191,191,0,191,191,0,0,0,0
127,Onondaga County (North) PUMA,649,495,154,649,495,154,0,0,0,538,495,43,538,495,43,0,0,0,0,0,0,0,0,0,0,0,0,111,0,111,111,0,111,0,0,0
128,Nassau County (Northeast)--Oyster Bay Town (North) & Glen Cove City PUMA,898,377,521,492,249,243,406,128,278,0,0,0,0,0,0,0,0,0,898,377,521,492,249,243,406,128,278,0,0,0,0,0,0,0,0,0
129,Monroe County (North & West) PUMA,651,0,651,545,0,545,106,0,106,391,0,391,391,0,391,0,0,0,260,0,260,154,0,154,106,0,106,0,0,0,0,0,0,0,0,0
130,Sullivan & Ulster (West) Counties PUMA,1547,580,967,712,313,399,835,267,568,32,0,32,0,0,0,32,0,32,1015,339,676,712,313,399,303,26,277,500,241,259,0,0,0,500,241,259
131,Suffolk County (Southwest)--Babylon Town (Southeast) PUMA,1516,929,587,1308,929,379,208,0,208,312,0,312,312,0,312,0,0,0,1204,929,275,996,929,67,208,0,208,0,0,0,0,0,0,0,0,0
132,Suffolk County (Northwest)--Huntington Town (North) PUMA,476,83,393,457,83,374,19,0,19,166,83,83,166,83,83,0,0,0,291,0,291,291,0,291,0,0,0,19,0,19,0,0,0,19,0,19
133,"NYC-Queens Community District 12--Jamaica, Hollis & St. Albans PUMA",2569,1458,1111,1946,1191,755,623,267,356,235,93,142,93,93,0,142,0,142,2103,1134,969,1652,897,755,451,237,214,231,231,0,201,201,0,30,30,0
134,"NYC-Queens Community District 13--Queens Village, Cambria Heights & Rosedale PUMA",3887,1277,2610,3630,1174,2456,257,103,154,454,188,266,454,188,266,0,0,0,2899,864,2035,2899,864,2035,0,0,0,534,225,309,277,122,155,257,103,154
135,Monroe County (Central)--Rochester City (West) PUMA,2806,1328,1478,1376,488,888,1430,840,590,243,164,79,243,164,79,0,0,0,1410,487,923,1133,324,809,277,163,114,1153,677,476,0,0,0,1153,677,476
136,NYC-Queens Community District 10--Howard Beach & Ozone Park PUMA,3498,1890,1608,3067,1732,1335,431,158,273,380,220,160,380,220,160,0,0,0,2775,1397,1378,2344,1239,1105,431,158,273,343,273,70,343,273,70,0,0,0
137,Suffolk County (Central)--Islip Town (Northwest) PUMA,3092,1506,1586,2939,1444,1495,153,62,91,700,286,414,700,286,414,0,0,0,1975,937,1038,1850,875,975,125,62,63,417,283,134,389,283,106,28,0,28
138,Putnam County PUMA,1502,388,1114,1321,268,1053,181,120,61,171,47,124,171,47,124,0,0,0,1192,341,851,1011,221,790,181,120,61,139,0,139,139,0,139,0,0,0
139,NYC-Queens Community District 2--Sunnyside & Woodside PUMA,3489,2579,910,3357,2447,910,132,132,0,729,276,453,729,276,453,0,0,0,2313,1856,457,2181,1724,457,132,132,0,447,447,0,447,447,0,0,0,0
140,Nassau County (Central)--Hempstead Town (East Central) PUMA,1401,671,730,1112,382,730,289,289,0,476,0,476,476,0,476,0,0,0,868,671,197,579,382,197,289,289,0,57,0,57,57,0,57,0,0,0
141,Suffolk County (Northwest)--Huntington Town (South) PUMA,446,227,219,256,159,97,190,68,122,97,0,97,97,0,97,0,0,0,159,159,0,159,159,0,0,0,0,190,68,122,0,0,0,190,68,122
142,"NYC-Bronx Community District 4--Concourse, Highbridge & Mount Eden PUMA",6598,3343,3255,3331,2049,1282,3267,1294,1973,138,0,138,138,0,138,0,0,0,4770,2187,2583,2721,1759,962,2049,428,1621,1690,1156,534,472,290,182,1218,866,352
143,Nassau County (Central)--Hempstead Town (Northeast) PUMA,1772,168,1604,1657,168,1489,115,0,115,572,61,511,572,61,511,0,0,0,1117,107,1010,1002,107,895,115,0,115,83,0,83,83,0,83,0,0,0
144,NYC-Brooklyn Community District 14--Flatbush & Midwood PUMA,1302,804,498,865,518,347,437,286,151,242,242,0,242,242,0,0,0,0,854,356,498,623,276,347,231,80,151,206,206,0,0,0,0,206,206,0
145,"Rockland County (West)--Spring Valley, Suffern Villages & Monsey PUMA",1049,431,618,796,354,442,253,77,176,218,151,67,141,74,67,77,77,0,655,280,375,655,280,375,0,0,0,176,0,176,0,0,0,176,0,176
146,Capital Region,6454,3258,3196,3749,1908,1841,2705,1350,1355,1008,318,690,1008,318,690,0,0,0,4448,2189,2259,2655,1504,1151,1793,685,1108,998,751,247,86,86,0,912,665,247
147,Central NY,3612,2126,1486,2885,1594,1291,727,532,195,1125,527,598,1125,527,598,0,0,0,1410,1066,344,1068,867,201,342,199,143,1077,533,544,692,200,492,385,333,52
148,Finger Lakes,12559,6631,5928,7314,4317,2997,5245,2314,2931,1799,605,1194,1437,541,896,362,64,298,7660,4186,3474,5088,3094,1994,2572,1092,1480,3100,1840,1260,789,682,107,2311,1158,1153
149,Long Island,40020,18716,21304,34916,15646,19270,5104,3070,2034,11064,4694,6370,10942,4694,6248,122,0,122,25750,12266,13484,21918,9975,11943,3832,2291,1541,3206,1756,1450,2056,977,1079,1150,779,371
150,Mid-Hudson,49031,24135,24896,42638,22295,20343,6393,1840,4553,12239,4304,7935,11389,4117,7272,850,187,663,32084,17467,14617,27993,16212,11781,4091,1255,2836,4708,2364,2344,3256,1966,1290,1452,398,1054
151,Mohawk Valley,2680,1272,1408,811,544,267,1869,728,1141,249,132,117,231,132,99,18,0,18,2159,868,1291,580,412,168,1579,456,1123,272,272,0,0,0,0,272,272,0
152,New York City,257108,123346,133762,177074,89717,87357,80034,33629,46405,48088,18611,29477,44473,17559,26914,3615,1052,2563,163352,81602,81750,114457,61498,52959,48895,20104,28791,45668,23133,22535,18144,10660,7484,27524,12473,15051
153,North Country,907,443,464,747,443,304,160,0,160,64,64,0,64,64,0,0,0,0,843,379,464,683,379,304,160,0,160,0,0,0,0,0,0,0,0,0
154,Southern Tier,2716,1092,1624,1574,726,848,1142,366,776,892,450,442,803,450,353,89,0,89,1294,473,821,751,256,495,543,217,326,530,169,361,20,20,0,510,149,361
155,Western NY,11246,6208,5038,7394,4370,3024,3852,1838,2014,1277,644,633,1059,426,633,218,218,0,7921,4188,3733,5547,3364,2183,2374,824,1550,2048,1376,672,788,580,208,1260,796,464
