,puma,Total_geo,Total_geo_m,Total_geo_f,Total_NP_mf_t,Total_NP_m,Total_NP_f,Total_P_mf_t,Total_P_m,Total_P_f,Total_BABS,Total_BABS_m,Total_BABS_f,BABS_NP_mf_t,BABS_NP_m,BABS_NP_f,BABS_P_mf_t,BABS_P_m,BABS_P_f,Total_HS,Total_HS_m,Total_HS_f,HS_NP_mf_t,HS_NP_m,HS_NP_f,HS_P_mf_t,HS_P_m,HS_P_f,Total_HSINC,Total_HSINC_m,Total_HSINC_f,HSINC_NP_mf_t,HSINC_NP_m,HSINC_NP_f,HSINC_P_mf_t,HSINC_P_m,HSINC_P_f
0,Total Geo,4909060,2654761,2254299,4648664,2524843,2123821,260396,129918,130478,2414405,1169906,1244499,2360621,1146143,1214478,53784,23763,30021,2308504,1360996,947508,2140105,1277072,863033,168399,83924,84475,186151,123859,62292,147938,101628,46310,38213,22231,15982
1,NYC-Manhattan Community District 7--Upper West Side & West Side PUMA,56225,29263,26962,54189,28031,26158,2036,1232,804,49770,25274,24496,48114,24199,23915,1656,1075,581,5605,3766,1839,5225,3609,1616,380,157,223,850,223,627,850,223,627,0,0,0
2,Nassau County (West Central)--Hempstead Town (Northwest) PUMA,29877,17147,12730,28784,16413,12371,1093,734,359,15917,8155,7762,15860,8098,7762,57,57,0,12852,8272,4580,12179,7678,4501,673,594,79,1108,720,388,745,637,108,363,83,280
3,NYC-Brooklyn Community District 2--Brooklyn Heights & Fort Greene PUMA,52192,26833,25359,50210,25680,24530,1982,1153,829,45226,22472,22754,43974,21709,22265,1252,763,489,6045,4051,1994,5559,3661,1898,486,390,96,921,310,611,677,310,367,244,0,244
4,Madison & Cortland Counties PUMA,37645,20415,17230,35087,19176,15911,2558,1239,1319,11432,4800,6632,11228,4691,6537,204,109,95,23822,13577,10245,21841,12773,9068,1981,804,1177,2391,2038,353,2018,1712,306,373,326,47
5,Ontario & Yates Counties PUMA,45204,23877,21327,42160,21864,20296,3044,2013,1031,18309,7792,10517,17879,7586,10293,430,206,224,24795,14382,10413,22672,13066,9606,2123,1316,807,2100,1703,397,1609,1212,397,491,491,0
6,Monroe County (Central)--Greece & Gates Towns PUMA,40157,20958,19199,37879,19543,18336,2278,1415,863,15697,7777,7920,15274,7354,7920,423,423,0,23009,12403,10606,21294,11551,9743,1715,852,863,1451,778,673,1311,638,673,140,140,0
7,Nassau County (East Central)--Oyster Bay Town (Central) PUMA,25459,14576,10883,25449,14576,10873,10,0,10,17507,9286,8221,17507,9286,8221,0,0,0,7506,4993,2513,7496,4993,2503,10,0,10,446,297,149,446,297,149,0,0,0
8,"Clinton, Franklin, Essex & Hamilton Counties PUMA",50951,28988,21963,47130,26284,20846,3821,2704,1117,16148,6611,9537,15365,6001,9364,783,610,173,33002,20967,12035,30520,19393,11127,2482,1574,908,1801,1410,391,1245,890,355,556,520,36
9,NYC-Manhattan Community District 8--Upper East Side PUMA,70642,32807,37835,69368,32073,37295,1274,734,540,65474,30301,35173,64631,29791,34840,843,510,333,4908,2357,2551,4477,2133,2344,431,224,207,260,149,111,260,149,111,0,0,0
10,Suffolk County (Southwest)--Islip Town (South) PUMA,31392,17405,13987,31250,17263,13987,142,142,0,15652,7208,8444,15652,7208,8444,0,0,0,15553,10120,5433,15411,9978,5433,142,142,0,187,77,110,187,77,110,0,0,0
11,Erie County (Northwest) PUMA,37616,21869,15747,36737,21088,15649,879,781,98,17233,8147,9086,17121,8035,9086,112,112,0,19409,12980,6429,18642,12311,6331,767,669,98,974,742,232,974,742,232,0,0,0
12,"NYC-Queens Community District 8--Briarwood, Fresh Meadows & Hillcrest PUMA",22298,11614,10684,21525,11581,9944,773,33,740,12654,6400,6254,12334,6400,5934,320,0,320,9127,4923,4204,8674,4890,3784,453,33,420,517,291,226,517,291,226,0,0,0
13,NYC-Brooklyn Community District 5--East New York & Starrett City PUMA,27474,13006,14468,25424,12588,12836,2050,418,1632,8263,3125,5138,8263,3125,5138,0,0,0,17571,8995,8576,15686,8577,7109,1885,418,1467,1640,886,754,1475,886,589,165,0,165
14,Rockland County (North)--New City & Congers PUMA,25917,15728,10189,24357,14374,9983,1560,1354,206,13118,6572,6546,13118,6572,6546,0,0,0,11628,7985,3643,10646,7209,3437,982,776,206,1171,1171,0,593,593,0,578,578,0
15,"Otsego, Schoharie, Oneida (South) & Herkimer (South) Counties PUMA",35172,19469,15703,32375,18122,14253,2797,1347,1450,10955,5201,5754,10354,5059,5295,601,142,459,22126,12576,9550,20318,11759,8559,1808,817,991,2091,1692,399,1703,1304,399,388,388,0
16,NYC-Brooklyn Community District 7--Sunset Park & Windsor Terrace PUMA,21004,11147,9857,20334,10677,9657,670,470,200,13937,6268,7669,13650,6088,7562,287,180,107,6270,4560,1710,5980,4270,1710,290,290,0,797,319,478,704,319,385,93,0,93
17,NYC-Brooklyn Community District 11--Bensonhurst & Bath Beach PUMA,19641,10778,8863,18324,9987,8337,1317,791,526,9501,4927,4574,9143,4606,4537,358,321,37,9486,5534,3952,8619,5156,3463,867,378,489,654,317,337,562,225,337,92,92,0
18,Tompkins County PUMA,27794,13818,13976,25702,13161,12541,2092,657,1435,16922,7453,9469,16335,7453,8882,587,0,587,10099,5703,4396,8737,5130,3607,1362,573,789,773,662,111,630,578,52,143,84,59
19,Dutchess County (Southwest) PUMA,47579,27040,20539,45420,25882,19538,2159,1158,1001,18740,8553,10187,18581,8394,10187,159,159,0,27414,17681,9733,25414,16682,8732,2000,999,1001,1425,806,619,1425,806,619,0,0,0
20,NYC-Queens Community District 9--Richmond Hill & Woodhaven PUMA,18557,9830,8727,17640,9261,8379,917,569,348,8078,3894,4184,7990,3894,4096,88,0,88,9765,5559,4206,8936,4990,3946,829,569,260,714,377,337,714,377,337,0,0,0
21,Westchester County (Northwest) PUMA,37196,20178,17018,36720,20113,16607,476,65,411,23654,11448,12206,23577,11448,12129,77,0,77,12680,8210,4470,12281,8145,4136,399,65,334,862,520,342,862,520,342,0,0,0
22,Albany County (Outside Albany City) PUMA,62190,32525,29665,60249,31600,28649,1941,925,1016,30347,13472,16875,30294,13472,16822,53,0,53,30203,17714,12489,28659,17015,11644,1544,699,845,1640,1339,301,1296,1113,183,344,226,118
23,Monroe County (South) PUMA,48888,26552,22336,47732,25737,21995,1156,815,341,31956,16147,15809,31330,15761,15569,626,386,240,16105,9874,6231,15674,9544,6130,431,330,101,827,531,296,728,432,296,99,99,0
24,Jefferson & Lewis Counties PUMA,43505,27148,16357,40187,24712,15475,3318,2436,882,11829,5926,5903,11520,5628,5892,309,298,11,30034,19994,10040,27295,17986,9309,2739,2008,731,1642,1228,414,1372,1098,274,270,130,140
25,"Chenango, Delaware & Broome (East) Counties PUMA",33099,18820,14279,30424,17041,13383,2675,1779,896,6790,3445,3345,6590,3322,3268,200,123,77,23754,13807,9947,21713,12467,9246,2041,1340,701,2555,1568,987,2121,1252,869,434,316,118
26,Erie County (Central) PUMA,54054,30122,23932,50985,28590,22395,3069,1532,1537,20133,10134,9999,19532,9868,9664,601,266,335,31904,18306,13598,29638,17242,12396,2266,1064,1202,2017,1682,335,1815,1480,335,202,202,0
27,St. Lawrence County PUMA,32618,18285,14333,29709,16935,12774,2909,1350,1559,9321,4079,5242,9146,3959,5187,175,120,55,22136,13463,8673,19937,12553,7384,2199,910,1289,1161,743,418,626,423,203,535,320,215
28,"NYC-Manhattan Community District 9--Hamilton Heights, Manhattanville & West Harlem PUMA",27740,13630,14110,25980,13418,12562,1760,212,1548,17869,7959,9910,17398,7959,9439,471,0,471,9473,5412,4061,8323,5200,3123,1150,212,938,398,259,139,259,259,0,139,0,139
29,Suffolk County (North Central)--Brookhaven Town (North) PUMA,30314,17481,12833,30314,17481,12833,0,0,0,14379,6903,7476,14379,6903,7476,0,0,0,15512,10155,5357,15512,10155,5357,0,0,0,423,423,0,423,423,0,0,0,0
30,NYC-Brooklyn Community District 1--Greenpoint & Williamsburg PUMA,50746,30305,20441,48500,28519,19981,2246,1786,460,40394,22856,17538,39596,22303,17293,798,553,245,8083,5537,2546,7296,4875,2421,787,662,125,2269,1912,357,1608,1341,267,661,571,90
31,Cayuga & Onondaga (South) Counties PUMA,33987,18674,15313,32274,17885,14389,1713,789,924,11920,5783,6137,11739,5738,6001,181,45,136,20894,12496,8398,19805,11862,7943,1089,634,455,1173,395,778,730,285,445,443,110,333
32,Nassau County (Southeast)--Oyster Bay Town (South) PUMA,37835,20145,17690,37356,20007,17349,479,138,341,20116,10104,10012,19978,9966,10012,138,138,0,17027,9678,7349,16686,9678,7008,341,0,341,692,363,329,692,363,329,0,0,0
33,Fulton & Montgomery Counties PUMA,33320,19698,13622,30963,18144,12819,2357,1554,803,7968,3822,4146,7878,3822,4056,90,0,90,22289,13752,8537,20790,12847,7943,1499,905,594,3063,2124,939,2295,1475,820,768,649,119
34,Onondaga County (Central)--Syracuse City (Outer) PUMA,53559,28858,24701,51772,27578,24194,1787,1280,507,27102,13352,13750,26688,13076,13612,414,276,138,24894,14568,10326,23757,13800,9957,1137,768,369,1563,938,625,1327,702,625,236,236,0
35,NYC-Staten Island Community District 2--New Springville & South Beach PUMA,27511,14426,13085,26708,13908,12800,803,518,285,11547,6801,4746,11442,6696,4746,105,105,0,15028,6986,8042,14330,6573,7757,698,413,285,936,639,297,936,639,297,0,0,0
36,Niagara County (Southwest)--Greater Niagara Falls & North Tonawanda Area PUMA,35601,17172,18429,33468,16483,16985,2133,689,1444,9684,4247,5437,9436,4198,5238,248,49,199,23988,11509,12479,22499,11199,11300,1489,310,1179,1929,1416,513,1533,1086,447,396,330,66
37,Suffolk County (Central)--Brookhaven Town (Central) PUMA,44481,22612,21869,43834,22046,21788,647,566,81,15982,6892,9090,15912,6822,9090,70,70,0,27827,15472,12355,27250,14976,12274,577,496,81,672,248,424,672,248,424,0,0,0
38,"NYC-Bronx Community District 7--Bedford Park, Fordham North & Norwood PUMA",14369,6450,7919,12857,6333,6524,1512,117,1395,3090,1072,2018,3090,1072,2018,0,0,0,9393,4903,4490,8512,4903,3609,881,0,881,1886,475,1411,1255,358,897,631,117,514
39,NYC-Queens Community District 4--Elmhurst & South Corona PUMA,11984,7352,4632,10790,6360,4430,1194,992,202,4549,2400,2149,4392,2243,2149,157,157,0,6821,4594,2227,5784,3759,2025,1037,835,202,614,358,256,614,358,256,0,0,0
40,"NYC-Brooklyn Community District 6--Park Slope, Carroll Gardens & Red Hook PUMA",44567,20060,24507,42857,19588,23269,1710,472,1238,38676,16359,22317,37322,16018,21304,1354,341,1013,5207,3553,1654,4943,3422,1521,264,131,133,684,148,536,592,148,444,92,0,92
41,Suffolk County (Central)--Islip Town (East) PUMA,35861,19943,15918,34499,18798,15701,1362,1145,217,17167,7568,9599,16840,7441,9399,327,127,200,18438,12252,6186,17403,11234,6169,1035,1018,17,256,123,133,256,123,133,0,0,0
42,"NYC-Brooklyn Community District 9--Crown Heights South, Prospect Lefferts & Wingate PUMA",24437,12795,11642,23521,12397,11124,916,398,518,15628,8122,7506,15228,7847,7381,400,275,125,7907,4155,3752,7391,4032,3359,516,123,393,902,518,384,902,518,384,0,0,0
43,"NYC-Queens Community District 7--Flushing, Murray Hill & Whitestone PUMA",27245,15954,11291,26123,15247,10876,1122,707,415,13024,6546,6478,12949,6471,6478,75,75,0,12878,8342,4536,12053,7755,4298,825,587,238,1343,1066,277,1121,1021,100,222,45,177
44,NYC-Queens Community District 3--Jackson Heights & North Corona PUMA,19206,10875,8331,17486,9615,7871,1720,1260,460,8334,3951,4383,7959,3576,4383,375,375,0,9885,6167,3718,8860,5602,3258,1025,565,460,987,757,230,667,437,230,320,320,0
45,Saratoga County (Outer) PUMA,45048,26839,18209,43248,25317,17931,1800,1522,278,17198,9303,7895,17198,9303,7895,0,0,0,25673,15855,9818,24053,14490,9563,1620,1365,255,2177,1681,496,1997,1524,473,180,157,23
46,"NYC-Bronx Community District 12--Wakefield, Williamsbridge & Woodlawn PUMA",19756,9619,10137,17777,8926,8851,1979,693,1286,7007,3375,3632,6516,3088,3428,491,287,204,10672,5233,5439,9580,4861,4719,1092,372,720,2077,1011,1066,1681,977,704,396,34,362
47,"NYC-Brooklyn Community District 15--Sheepshead Bay, Gerritsen Beach & Homecrest PUMA",17770,9867,7903,16360,9457,6903,1410,410,1000,9622,4439,5183,9205,4439,4766,417,0,417,7012,4588,2424,6246,4405,1841,766,183,583,1136,840,296,909,613,296,227,227,0
48,Wayne & Seneca Counties PUMA,41361,24702,16659,38120,22903,15217,3241,1799,1442,10164,5081,5083,10146,5081,5065,18,0,18,28782,17691,11091,26344,16604,9740,2438,1087,1351,2415,1930,485,1630,1218,412,785,712,73
49,Schenectady County--Schenectady City PUMA,49222,26077,23145,47616,25605,22011,1606,472,1134,19723,8774,10949,19609,8774,10835,114,0,114,26504,16046,10458,25232,15574,9658,1272,472,800,2995,1257,1738,2775,1257,1518,220,0,220
50,NYC-Brooklyn Community District 10--Bay Ridge & Dyker Heights PUMA,22891,11062,11829,22687,10947,11740,204,115,89,15822,7341,8481,15822,7341,8481,0,0,0,6700,3501,3199,6541,3386,3155,159,115,44,369,220,149,324,220,104,45,0,45
51,Nassau County (Northwest)--North Hempstead Town (North) PUMA,24283,13994,10289,23597,13632,9965,686,362,324,19456,11034,8422,19094,10672,8422,362,362,0,4584,2829,1755,4260,2829,1431,324,0,324,243,131,112,243,131,112,0,0,0
52,Suffolk County (West Central)--Babylon Town (Northwest) PUMA,27540,14255,13285,25870,13413,12457,1670,842,828,10982,3986,6996,10675,3986,6689,307,0,307,15105,9703,5402,13934,8966,4968,1171,737,434,1453,566,887,1261,461,800,192,105,87
53,"NYC-Manhattan Community District 4 & 5--Chelsea, Clinton & Midtown Business District PUMA",54911,30612,24299,53028,29758,23270,1883,854,1029,47800,26551,21249,46952,26189,20763,848,362,486,7030,3980,3050,6076,3569,2507,954,411,543,81,81,0,0,0,0,81,81,0
54,Columbia & Greene Counties PUMA,32912,17364,15548,30240,15773,14467,2672,1591,1081,12014,4920,7094,11223,4661,6562,791,259,532,20254,11937,8317,18373,10605,7768,1881,1332,549,644,507,137,644,507,137,0,0,0
55,Rensselaer County--Troy City PUMA,55754,29377,26377,52601,27876,24725,3153,1501,1652,19880,9590,10290,19480,9471,10009,400,119,281,33169,17847,15322,30645,16511,14134,2524,1336,1188,2705,1940,765,2476,1894,582,229,46,183
56,Erie County (West Central)--Buffalo City (West) PUMA,33959,17089,16870,31139,15736,15403,2820,1353,1467,18345,7889,10456,17821,7702,10119,524,187,337,13926,8153,5773,12355,7233,5122,1571,920,651,1688,1047,641,963,801,162,725,246,479
57,Erie County (South) PUMA,60472,33584,26888,56854,31572,25282,3618,2012,1606,27089,12482,14607,26303,12315,13988,786,167,619,31676,19534,12142,28907,17752,11155,2769,1782,987,1707,1568,139,1644,1505,139,63,63,0
58,Oneida County (Central)--Greater Utica & Rome Cities PUMA,42596,23953,18643,37233,21583,15650,5363,2370,2993,15213,7867,7346,14341,7481,6860,872,386,486,25790,15005,10785,22003,13596,8407,3787,1409,2378,1593,1081,512,889,506,383,704,575,129
59,"NYC-Manhattan Community District 12--Washington Heights, Inwood & Marble Hill PUMA",39364,20896,18468,35502,19096,16406,3862,1800,2062,23220,10232,12988,21228,9834,11394,1992,398,1594,13823,8977,4846,13020,8343,4677,803,634,169,2321,1687,634,1254,919,335,1067,768,299
60,NYC-Brooklyn Community District 13--Brighton Beach & Coney Island PUMA,7660,3926,3734,6588,3674,2914,1072,252,820,3037,1698,1339,2495,1446,1049,542,252,290,4139,2016,2123,3609,2016,1593,530,0,530,484,212,272,484,212,272,0,0,0
61,NYC-Manhattan Community District 10--Central Harlem PUMA,36824,17101,19723,33652,16130,17522,3172,971,2201,23776,11307,12469,22624,10640,11984,1152,667,485,11814,5572,6242,10437,5283,5154,1377,289,1088,1234,222,1012,591,207,384,643,15,628
62,Nassau County (West Central)--North Hempstead Town (South) PUMA,27599,14684,12915,26493,14126,12367,1106,558,548,16616,8568,8048,16134,8086,8048,482,482,0,10816,6116,4700,10192,6040,4152,624,76,548,167,0,167,167,0,167,0,0,0
63,NYC-Brooklyn Community District 16--Brownsville & Ocean Hill PUMA,20559,7611,12948,17708,6671,11037,2851,940,1911,5336,1262,4074,5052,978,4074,284,284,0,13354,5364,7990,11720,5004,6716,1634,360,1274,1869,985,884,936,689,247,933,296,637
64,Albany County (East Central)--Albany City PUMA,25116,13928,11188,23184,13477,9707,1932,451,1481,13251,6712,6539,12912,6631,6281,339,81,258,11182,6691,4491,9698,6321,3377,1484,370,1114,683,525,158,574,525,49,109,0,109
65,Nassau County (West Central)--Hempstead Town (West Central) PUMA,30955,18020,12935,30394,17754,12640,561,266,295,15909,8031,7878,15567,7916,7651,342,115,227,14498,9441,5057,14279,9290,4989,219,151,68,548,548,0,548,548,0,0,0,0
66,Chemung (South) & Steuben (East) Counties--Greater Elmira & Greater Corning Cities PUMA,30841,16096,14745,28953,14800,14153,1888,1296,592,10947,6039,4908,10716,5808,4908,231,231,0,19365,9712,9653,17819,8758,9061,1546,954,592,529,345,184,418,234,184,111,111,0
67,"NYC-Bronx Community District 3 & 6--Belmont, Crotona Park East & East Tremont PUMA",23853,9974,13879,21252,9123,12129,2601,851,1750,5048,1867,3181,4997,1867,3130,51,0,51,16017,7181,8836,14509,6503,8006,1508,678,830,2788,926,1862,1746,753,993,1042,173,869
68,"NYC-Bronx Community District 5--Morris Heights, Fordham South & Mount Hope PUMA",13600,7098,6502,11989,6493,5496,1611,605,1006,3457,1565,1892,3297,1565,1732,160,0,160,8577,4549,4028,7147,3965,3182,1430,584,846,1566,984,582,1545,963,582,21,21,0
69,"NYC-Bronx Community District 8--Riverdale, Fieldston & Kingsbridge PUMA",23932,12454,11478,22737,11656,11081,1195,798,397,13038,5051,7987,12894,5051,7843,144,0,144,8551,5880,2671,7500,5082,2418,1051,798,253,2343,1523,820,2343,1523,820,0,0,0
70,Erie County (Northeast) PUMA,43648,24572,19076,42585,23930,18655,1063,642,421,20774,10052,10722,20665,9943,10722,109,109,0,22169,13815,8354,21354,13421,7933,815,394,421,705,705,0,566,566,0,139,139,0
71,NYC-Manhattan Community District 11--East Harlem PUMA,23386,11477,11909,21333,10397,10936,2053,1080,973,12597,5457,7140,11799,5275,6524,798,182,616,9102,4333,4769,7916,3504,4412,1186,829,357,1687,1687,0,1618,1618,0,69,69,0
72,Orange County (Southeast) PUMA,34154,21012,13142,31552,19350,12202,2602,1662,940,16539,8357,8182,15425,7922,7503,1114,435,679,15974,11077,4897,14693,10057,4636,1281,1020,261,1641,1578,63,1434,1371,63,207,207,0
73,Westchester County (Southeast) PUMA,25507,15479,10028,25412,15479,9933,95,0,95,19571,11749,7822,19571,11749,7822,0,0,0,5569,3518,2051,5474,3518,1956,95,0,95,367,212,155,367,212,155,0,0,0
74,NYC-Queens Community District 1--Astoria & Long Island City PUMA,48312,24523,23789,45390,23005,22385,2922,1518,1404,35396,16423,18973,33627,15460,18167,1769,963,806,12096,7638,4458,11363,7218,4145,733,420,313,820,462,358,400,327,73,420,135,285
75,Livingston & Wyoming Counties PUMA,32739,18615,14124,31411,17778,13633,1328,837,491,8282,3788,4494,8117,3623,4494,165,165,0,23542,14284,9258,22580,13720,8860,962,564,398,915,543,372,714,435,279,201,108,93
76,Suffolk County (Central)--Brookhaven Town (West Central) PUMA,32521,18495,14026,31264,17752,13512,1257,743,514,13589,7203,6386,13291,6999,6292,298,204,94,18407,10964,7443,17448,10425,7023,959,539,420,525,328,197,525,328,197,0,0,0
77,Westchester County (Southwest)--Yonkers City PUMA,41677,22563,19114,39571,21261,18310,2106,1302,804,19066,9304,9762,18714,9168,9546,352,136,216,19752,11158,8594,18665,10515,8150,1087,643,444,2859,2101,758,2192,1578,614,667,523,144
78,Erie County (North Central) PUMA,37311,18693,18618,36433,18179,18254,878,514,364,24600,11928,12672,24064,11510,12554,536,418,118,12481,6651,5830,12139,6555,5584,342,96,246,230,114,116,230,114,116,0,0,0
79,Saratoga County (South & Central) PUMA,40934,22092,18842,40281,21753,18528,653,339,314,21259,10939,10320,21038,10771,10267,221,168,53,18481,10619,7862,18049,10448,7601,432,171,261,1194,534,660,1194,534,660,0,0,0
80,Suffolk County (South Central)--Brookhaven Town (South) PUMA,40782,23258,17524,39418,22360,17058,1364,898,466,13390,5518,7872,13390,5518,7872,0,0,0,24973,15619,9354,24312,15303,9009,661,316,345,2419,2121,298,1716,1539,177,703,582,121
81,"NYC-Staten Island Community District 3--Tottenville, Great Kills & Annadale PUMA",44081,24218,19863,42515,23301,19214,1566,917,649,19544,9259,10285,19354,9168,10186,190,91,99,23834,14410,9424,22570,13696,8874,1264,714,550,703,549,154,591,437,154,112,112,0
82,Herkimer (North & Central) & Oneida (Outer) Counties PUMA,37476,21229,16247,34956,20019,14937,2520,1210,1310,9582,3988,5594,9283,3903,5380,299,85,214,26111,16012,10099,24116,15072,9044,1995,940,1055,1783,1229,554,1557,1044,513,226,185,41
83,Niagara County (North & East) PUMA,35564,19263,16301,33212,18229,14983,2352,1034,1318,11952,5461,6491,11543,5318,6225,409,143,266,22602,13390,9212,20901,12729,8172,1701,661,1040,1010,412,598,768,182,586,242,230,12
84,Monroe County (Central)--Rochester City (East) PUMA,31696,16177,15519,27417,14813,12604,4279,1364,2915,13978,6886,7092,13834,6886,6948,144,0,144,14619,7753,6866,11958,6872,5086,2661,881,1780,3099,1538,1561,1625,1055,570,1474,483,991
85,Warren & Washington Counties PUMA,40288,21604,18684,37880,19989,17891,2408,1615,793,13386,6357,7029,13219,6190,7029,167,167,0,25338,13980,11358,23645,13049,10596,1693,931,762,1564,1267,297,1016,750,266,548,517,31
86,Nassau County (Southwest)--Hempstead Town (Southwest) & Long Beach City PUMA,27440,17445,9995,26733,17421,9312,707,24,683,17074,11224,5850,16980,11224,5756,94,0,94,10047,5902,4145,9434,5878,3556,613,24,589,319,319,0,319,319,0,0,0,0
87,NYC-Brooklyn Community District 8--Crown Heights North & Prospect Heights PUMA,39388,16773,22615,37125,15503,21622,2263,1270,993,26807,10725,16082,26296,10617,15679,511,108,403,10528,5377,5151,8883,4215,4668,1645,1162,483,2053,671,1382,1946,671,1275,107,0,107
88,Onondaga County (Central)--Syracuse City PUMA,29588,16676,12912,25996,14741,11255,3592,1935,1657,10067,4792,5275,9585,4528,5057,482,264,218,17180,10285,6895,14868,9130,5738,2312,1155,1157,2341,1599,742,1543,1083,460,798,516,282
89,Westchester County (Central)--White Plains City PUMA,40891,22666,18225,38856,22169,16687,2035,497,1538,30125,16398,13727,28595,16284,12311,1530,114,1416,10766,6268,4498,10261,5885,4376,505,383,122,0,0,0,0,0,0,0,0,0
90,NYC-Brooklyn Community District 3--Bedford-Stuyvesant PUMA,37058,18117,18941,33290,16758,16532,3768,1359,2409,22001,9743,12258,21452,9743,11709,549,0,549,13991,7792,6199,11145,6640,4505,2846,1152,1694,1066,582,484,693,375,318,373,207,166
91,"NYC-Bronx Community District 1 & 2--Hunts Point, Longwood & Melrose PUMA",21076,9802,11274,17309,8591,8718,3767,1211,2556,5494,2724,2770,5069,2679,2390,425,45,380,13352,5832,7520,11022,4887,6135,2330,945,1385,2230,1246,984,1218,1025,193,1012,221,791
92,Cattaraugus & Allegany Counties PUMA,36381,20452,15929,32790,18259,14531,3591,2193,1398,8768,4190,4578,8525,4040,4485,243,150,93,25403,14318,11085,22562,12748,9814,2841,1570,1271,2210,1944,266,1703,1471,232,507,473,34
93,Oswego County PUMA,39382,23449,15933,35472,21578,13894,3910,1871,2039,9911,5049,4862,9652,4922,4730,259,127,132,26494,16394,10100,23441,14732,8709,3053,1662,1391,2977,2006,971,2379,1924,455,598,82,516
94,"NYC-Queens Community District 5--Ridgewood, Glendale & Middle Village PUMA",37554,20547,17007,35980,19773,16207,1574,774,800,15966,8034,7932,15520,7910,7610,446,124,322,19392,10599,8793,18315,10000,8315,1077,599,478,2196,1914,282,2145,1863,282,51,51,0
95,Monroe County (East) PUMA,49462,27765,21697,47870,26734,21136,1592,1031,561,28991,14916,14075,28913,14916,13997,78,0,78,19576,12050,7526,18549,11506,7043,1027,544,483,895,799,96,408,312,96,487,487,0
96,Westchester County (South Central)--New Rochelle & Mount Vernon Cities PUMA,42226,23048,19178,41456,22893,18563,770,155,615,23153,11884,11269,22911,11884,11027,242,0,242,17969,10237,7732,17530,10171,7359,439,66,373,1104,927,177,1015,838,177,89,89,0
97,"NYC-Queens Community District 14--Far Rockaway, Breezy Point & Broad Channel PUMA",23391,11276,12115,21094,11184,9910,2297,92,2205,11182,4567,6615,10813,4475,6338,369,92,277,10405,5831,4574,8911,5831,3080,1494,0,1494,1804,878,926,1370,878,492,434,0,434
98,"NYC-Brooklyn Community District 12--Borough Park, Kensington & Ocean Parkway PUMA",15316,11022,4294,13038,8795,4243,2278,2227,51,6986,4149,2837,6767,3930,2837,219,219,0,7269,6066,1203,5576,4373,1203,1693,1693,0,1061,807,254,695,492,203,366,315,51
99,"NYC-Bronx Community District 10--Co-op City, Pelham Bay & Schuylerville PUMA",30605,16212,14393,29423,15575,13848,1182,637,545,11122,3921,7201,10692,3921,6771,430,0,430,18212,11234,6978,17503,10597,6906,709,637,72,1271,1057,214,1228,1057,171,43,0,43
100,"NYC-Queens Community District 11--Bayside, Douglaston & Little Neck PUMA",18686,10522,8164,18477,10511,7966,209,11,198,11229,6172,5057,11191,6172,5019,38,0,38,7244,4188,3056,7073,4177,2896,171,11,160,213,162,51,213,162,51,0,0,0
101,"NYC-Manhattan Community District 6--Murray Hill, Gramercy & Stuyvesant Town PUMA",52687,29118,23569,51553,28213,23340,1134,905,229,48624,26068,22556,47708,25381,22327,916,687,229,3653,2640,1013,3653,2640,1013,0,0,0,410,410,0,192,192,0,218,218,0
102,Chautauqua County PUMA,38740,22021,16719,34278,19576,14702,4462,2445,2017,10909,4662,6247,10287,4636,5651,622,26,596,25008,15533,9475,21811,13722,8089,3197,1811,1386,2823,1826,997,2180,1218,962,643,608,35
103,NYC-Brooklyn Community District 18--Canarsie & Flatlands PUMA,32357,15165,17192,30060,14250,15810,2297,915,1382,15661,5316,10345,15037,4949,10088,624,367,257,15757,9203,6554,14140,8655,5485,1617,548,1069,939,646,293,883,646,237,56,0,56
104,Erie County (West Central)--Buffalo City (East) PUMA,34930,18256,16674,29060,16213,12847,5870,2043,3827,8230,3823,4407,7758,3681,4077,472,142,330,24142,12847,11295,19839,11595,8244,4303,1252,3051,2558,1586,972,1463,937,526,1095,649,446
105,Genesee & Orleans Counties PUMA,34556,19715,14841,31755,18662,13093,2801,1053,1748,6857,2759,4098,6739,2759,3980,118,0,118,25715,15676,10039,24342,15344,8998,1373,332,1041,1984,1280,704,674,559,115,1310,721,589
106,"NYC-Staten Island Community District 1--Port Richmond, Stapleton & Mariner's Harbor PUMA",36297,19007,17290,34666,18755,15911,1631,252,1379,16357,7786,8571,16008,7786,8222,349,0,349,18172,9886,8286,16949,9634,7315,1223,252,971,1768,1335,433,1709,1335,374,59,0,59
107,"Steuben (North & West), Schuyler & Chemung (North) Counties PUMA",29538,17034,12504,26916,15414,11502,2622,1620,1002,6571,2638,3933,6404,2598,3806,167,40,127,21577,13312,8265,19462,12072,7390,2115,1240,875,1390,1084,306,1050,744,306,340,340,0
108,Nassau County (South Central)--Hempstead Town (Southeast) PUMA,29506,16164,13342,28971,15942,13029,535,222,313,17061,8649,8412,16949,8597,8352,112,52,60,12014,7084,4930,11591,6914,4677,423,170,253,431,431,0,431,431,0,0,0,0
109,"NYC-Bronx Community District 9--Castle Hill, Clason Point & Parkchester PUMA",30069,15148,14921,27444,13739,13705,2625,1409,1216,9012,3853,5159,8657,3723,4934,355,130,225,18491,9647,8844,16811,8604,8207,1680,1043,637,2566,1648,918,1976,1412,564,590,236,354
110,Suffolk County (East) PUMA,34123,20543,13580,33030,19785,13245,1093,758,335,18916,10369,8547,18297,9888,8409,619,481,138,14703,9762,4941,14371,9627,4744,332,135,197,504,412,92,362,270,92,142,142,0
111,Orange County (Northwest) PUMA,35656,20271,15385,34211,19257,14954,1445,1014,431,9115,4400,4715,9043,4328,4715,72,72,0,24858,14864,9994,23899,14336,9563,959,528,431,1683,1007,676,1269,593,676,414,414,0
112,Broome County (West Central)--Greater Binghamton City & Greater Johnson City Village PUMA,30472,15591,14881,28017,14886,13131,2455,705,1750,11355,5850,5505,11140,5635,5505,215,215,0,18031,9448,8583,16127,8958,7169,1904,490,1414,1086,293,793,750,293,457,336,0,336
113,"NYC-Bronx Community District 11--Pelham Parkway, Morris Park & Laconia PUMA",28476,14648,13828,27267,13833,13434,1209,815,394,9628,3574,6054,9333,3418,5915,295,156,139,16849,9892,6957,16304,9602,6702,545,290,255,1999,1182,817,1630,813,817,369,369,0
114,Suffolk County (Northwest)--Smithtown Town PUMA,39195,22354,16841,38602,22161,16441,593,193,400,24769,13013,11756,24369,13013,11356,400,0,400,14010,9103,4907,13921,9014,4907,89,89,0,416,238,178,312,134,178,104,104,0
115,Ulster County (East) PUMA,46031,25790,20241,43413,24202,19211,2618,1588,1030,15766,7104,8662,15113,6970,8143,653,134,519,28259,17261,10998,26666,16179,10487,1593,1082,511,2006,1425,581,1634,1053,581,372,372,0
116,Westchester County (Northeast) PUMA,36439,22392,14047,36322,22322,14000,117,70,47,27622,15859,11763,27505,15789,11716,117,70,47,8588,6304,2284,8588,6304,2284,0,0,0,229,229,0,229,229,0,0,0,0
117,NYC-Brooklyn Community District 4--Bushwick PUMA,32235,17820,14415,30401,17068,13333,1834,752,1082,19265,9349,9916,18311,8832,9479,954,517,437,10953,7304,3649,10335,7201,3134,618,103,515,2017,1167,850,1755,1035,720,262,132,130
118,NYC-Manhattan Community District 3--Chinatown & Lower East Side PUMA,41539,18843,22696,40237,18414,21823,1302,429,873,33404,15074,18330,33005,15074,17931,399,0,399,7575,3307,4268,7000,3206,3794,575,101,474,560,462,98,232,134,98,328,328,0
119,Dutchess County (North & East) PUMA,38194,21089,17105,36546,20295,16251,1648,794,854,19056,9123,9933,18693,9000,9693,363,123,240,18386,11401,6985,17202,10831,6371,1184,570,614,752,565,187,651,464,187,101,101,0
120,Nassau County (Central)--Hempstead Town (North Central)--Meadowbrook Corridor PUMA,23376,9162,14214,22577,9087,13490,799,75,724,8767,2722,6045,8570,2647,5923,197,75,122,13591,5647,7944,12989,5647,7342,602,0,602,1018,793,225,1018,793,225,0,0,0
121,Broome (Outer West) & Tioga Counties PUMA,33021,18969,14052,31239,18351,12888,1782,618,1164,9980,4752,5228,9643,4572,5071,337,180,157,21602,13163,8439,20224,12792,7432,1378,371,1007,1439,1054,385,1372,987,385,67,67,0
122,"Rockland County (South)--Orangetown, Clarkstown (South) & Ramapo (Southeast) Towns PUMA",27356,16490,10866,26390,15744,10646,966,746,220,16947,9014,7933,16755,8822,7933,192,192,0,10115,7182,2933,9341,6628,2713,774,554,220,294,294,0,294,294,0,0,0,0
123,"NYC-Brooklyn Community District 17--East Flatbush, Farragut & Rugby PUMA",19355,9468,9887,19033,9418,9615,322,50,272,9730,2949,6781,9635,2949,6686,95,0,95,8756,5991,2765,8579,5991,2588,177,0,177,869,528,341,819,478,341,50,50,0
124,Orange County (Northeast)--Greater Newburgh City PUMA,34198,18093,16105,31415,17439,13976,2783,654,2129,12649,6204,6445,12390,6204,6186,259,0,259,19757,10963,8794,17687,10309,7378,2070,654,1416,1792,926,866,1338,926,412,454,0,454
125,"NYC-Manhattan Community District 1 & 2--Battery Park City, Greenwich Village & Soho PUMA",59927,32193,27734,59104,31870,27234,823,323,500,54994,28582,26412,54299,28259,26040,695,323,372,4470,3380,1090,4342,3380,962,128,0,128,463,231,232,463,231,232,0,0,0
126,NYC-Queens Community District 6--Forest Hills & Rego Park PUMA,22295,12096,10199,21608,11883,9725,687,213,474,16186,8681,7505,15889,8681,7208,297,0,297,5624,3107,2517,5460,2943,2517,164,164,0,485,308,177,259,259,0,226,49,177
127,Onondaga County (North) PUMA,43103,23411,19692,41763,22656,19107,1340,755,585,19680,9946,9734,19547,9946,9601,133,0,133,22810,13008,9802,21603,12253,9350,1207,755,452,613,457,156,613,457,156,0,0,0
128,Nassau County (Northeast)--Oyster Bay Town (North) & Glen Cove City PUMA,26305,15245,11060,26305,15245,11060,0,0,0,17772,10102,7670,17772,10102,7670,0,0,0,8029,4719,3310,8029,4719,3310,0,0,0,504,424,80,504,424,80,0,0,0
129,Monroe County (North & West) PUMA,38923,21274,17649,36817,20301,16516,2106,973,1133,17259,8087,9172,16540,8017,8523,719,70,649,20948,12746,8202,19561,11843,7718,1387,903,484,716,441,275,716,441,275,0,0,0
130,Sullivan & Ulster (West) Counties PUMA,29042,15333,13709,26438,13882,12556,2604,1451,1153,9681,4737,4944,9442,4498,4944,239,239,0,17615,9267,8348,15629,8175,7454,1986,1092,894,1746,1329,417,1367,1209,158,379,120,259
131,Suffolk County (Southwest)--Babylon Town (Southeast) PUMA,30442,17189,13253,28945,15945,13000,1497,1244,253,10156,4765,5391,9944,4553,5391,212,212,0,19868,12206,7662,18583,11174,7409,1285,1032,253,418,218,200,418,218,200,0,0,0
132,Suffolk County (Northwest)--Huntington Town (North) PUMA,31813,17674,14139,31244,17447,13797,569,227,342,19975,10783,9192,19965,10783,9182,10,0,10,10655,5794,4861,10096,5567,4529,559,227,332,1183,1097,86,1183,1097,86,0,0,0
133,"NYC-Queens Community District 12--Jamaica, Hollis & St. Albans PUMA",39357,17849,21508,37099,17125,19974,2258,724,1534,10993,2662,8331,10993,2662,8331,0,0,0,25643,13665,11978,24527,13221,11306,1116,444,672,2721,1522,1199,1579,1242,337,1142,280,862
134,"NYC-Queens Community District 13--Queens Village, Cambria Heights & Rosedale PUMA",28260,14444,13816,27118,13773,13345,1142,671,471,12240,5453,6787,12097,5453,6644,143,0,143,14790,8338,6452,13995,7871,6124,795,467,328,1230,653,577,1026,449,577,204,204,0
135,Monroe County (Central)--Rochester City (West) PUMA,21637,10221,11416,18259,8549,9710,3378,1672,1706,6231,3044,3187,5959,3044,2915,272,0,272,13662,5951,7711,11129,4549,6580,2533,1402,1131,1744,1226,518,1171,956,215,573,270,303
136,NYC-Queens Community District 10--Howard Beach & Ozone Park PUMA,19648,11781,7867,18617,11123,7494,1031,658,373,7687,3345,4342,7239,2897,4342,448,448,0,10893,7505,3388,10396,7381,3015,497,124,373,1068,931,137,982,845,137,86,86,0
137,Suffolk County (Central)--Islip Town (Northwest) PUMA,21523,12312,9211,21189,12227,8962,334,85,249,6837,3450,3387,6669,3450,3219,168,0,168,12475,7104,5371,12309,7019,5290,166,85,81,2211,1758,453,2211,1758,453,0,0,0
138,Putnam County PUMA,31050,17986,13064,30707,17717,12990,343,269,74,15018,8103,6915,14791,7950,6841,227,153,74,15062,9568,5494,14946,9452,5494,116,116,0,970,315,655,970,315,655,0,0,0
139,NYC-Queens Community District 2--Sunnyside & Woodside PUMA,24108,14027,10081,23339,13691,9648,769,336,433,16915,9513,7402,16439,9177,7262,476,336,140,6451,3973,2478,6158,3973,2185,293,0,293,742,541,201,742,541,201,0,0,0
140,Nassau County (Central)--Hempstead Town (East Central) PUMA,30122,17262,12860,30122,17262,12860,0,0,0,20295,11000,9295,20295,11000,9295,0,0,0,9316,5936,3380,9316,5936,3380,0,0,0,511,326,185,511,326,185,0,0,0
141,Suffolk County (Northwest)--Huntington Town (South) PUMA,27844,16011,11833,27674,15906,11768,170,105,65,17263,9823,7440,17093,9718,7375,170,105,65,10337,5982,4355,10337,5982,4355,0,0,0,244,206,38,244,206,38,0,0,0
142,"NYC-Bronx Community District 4--Concourse, Highbridge & Mount Eden PUMA",17811,9869,7942,15619,9159,6460,2192,710,1482,5063,1339,3724,4822,1270,3552,241,69,172,10566,6955,3611,8982,6314,2668,1584,641,943,2182,1575,607,1815,1575,240,367,0,367
143,Nassau County (Central)--Hempstead Town (Northeast) PUMA,33835,17101,16734,33425,16863,16562,410,238,172,16085,6583,9502,15916,6469,9447,169,114,55,17140,10025,7115,17016,9901,7115,124,124,0,610,493,117,493,493,0,117,0,117
144,NYC-Brooklyn Community District 14--Flatbush & Midwood PUMA,24685,12982,11703,22956,12134,10822,1729,848,881,13467,5780,7687,13071,5495,7576,396,285,111,9796,6058,3738,8663,5587,3076,1133,471,662,1422,1144,278,1222,1052,170,200,92,108
145,"Rockland County (West)--Spring Valley, Suffern Villages & Monsey PUMA",14577,9498,5079,11900,7322,4578,2677,2176,501,6034,3493,2541,5706,3337,2369,328,156,172,7549,5011,2538,5745,3536,2209,1804,1475,329,994,994,0,449,449,0,545,545,0
146,Capital Region,351464,189806,161658,335299,181390,153909,16165,8416,7749,147058,70067,76991,144973,69273,75700,2085,794,1291,190804,110689,80115,178354,104013,74341,12450,6676,5774,13602,9050,4552,11972,8104,3868,1630,946,684
147,Central NY,237264,131483,105781,222364,123614,98750,14900,7869,7031,90112,43722,46390,88439,42901,45538,1673,821,852,136094,80328,55766,125315,74550,50765,10779,5778,5001,11058,7433,3625,8610,6163,2447,2448,1270,1178
148,Finger Lakes,384623,209856,174767,359420,196884,162536,25203,12972,12231,157724,76277,81447,154731,75027,79704,2993,1250,1743,210753,122810,87943,194103,114599,79504,16650,8211,8439,16146,10769,5377,10586,7258,3328,5560,3511,2049
149,Long Island,774423,430477,343946,757339,420912,336427,17084,9565,7519,401632,202939,198693,397098,200345,196753,4534,2594,1940,355283,214878,140405,344354,208923,135431,10929,5955,4974,17508,12660,4848,15887,11644,4243,1621,1016,605
150,Mid-Hudson,587690,334656,253034,560686,319701,240985,27004,14955,12049,295854,152302,143552,289930,150319,139611,5924,1983,3941,271941,167955,103986,254667,157932,96735,17274,10023,7251,19895,14399,5496,16089,11450,4639,3806,2949,857
151,Mohawk Valley,148564,84349,64215,135527,77868,57659,13037,6481,6556,43718,20878,22840,41856,20265,21591,1862,613,1249,96316,57345,38971,87227,53274,33953,9089,4071,5018,8530,6126,2404,6444,4329,2115,2086,1797,289
152,New York City,1664917,856292,808625,1572211,815035,757176,92706,41257,51449,1000727,473913,526814,973680,461791,511889,27047,12122,14925,595005,340386,254619,543604,317165,226439,51401,23221,28180,69185,41993,27192,54927,36079,18848,14258,5914,8344
153,North Country,127074,74421,52653,117026,67931,49095,10048,6490,3558,37298,16616,20682,36031,15588,20443,1267,1028,239,85172,54424,30748,77752,49932,27820,7420,4492,2928,4604,3381,1223,3243,2411,832,1361,970,391
154,Southern Tier,184765,100328,84437,171251,93653,77598,13514,6675,6839,62565,30177,32388,60828,29388,31440,1737,789,948,114428,65145,49283,104082,60177,43905,10346,4968,5378,7772,5006,2766,6341,4088,2253,1431,918,513
155,Western NY,448276,243093,205183,417541,227855,189686,30735,15238,15497,177717,83015,94702,173055,81246,91809,4662,1769,2893,252708,147036,105672,230647,136507,94140,22061,10529,11532,17851,13042,4809,13839,10102,3737,4012,2940,1072
