,puma,Total_geo,Total_geo_m,Total_geo_f,Total_FT_mf_t,Total_FT_m,Total_FT_f,Total_PT_mf_t,Total_PT_m,Total_PT_f,Total_BABS,Total_BABS_m,Total_BABS_f,BABS_FT_mf_t,BABS_FT_m,BABS_FT_f,BABS_PT_mf_t,BABS_PT_m,BABS_PT_f,Total_HS,Total_HS_m,Total_HS_f,HS_FT_mf_t,HS_FT_m,HS_FT_f,HS_PT_mf_t,HS_PT_m,HS_PT_f,Total_HSINC,Total_HSINC_m,Total_HSINC_f,HSINC_FT_mf_t,HSINC_FT_m,HSINC_FT_f,HSINC_PT_mf_t,HSINC_PT_m,HSINC_PT_f
0,Total Geo,681282,353386,327896,568152,307111,261041,113130,46275,66855,227458,96208,131250,202595,88256,114339,24863,7952,16911,386315,214861,171454,315274,183816,131458,71041,31045,39996,67509,42317,25192,50283,35039,15244,17226,7278,9948
1,"NYC-Manhattan Community District 9--Hamilton Heights, Manhattanville & West Harlem PUMA",7913,3949,3964,7405,3702,3703,508,247,261,3305,1616,1689,3198,1509,1689,107,107,0,4318,2074,2244,3948,1934,2014,370,140,230,290,259,31,259,259,0,31,0,31
2,Ulster County (East) PUMA,3297,1907,1390,2720,1777,943,577,130,447,724,269,455,620,269,351,104,0,104,2496,1561,935,2023,1431,592,473,130,343,77,77,0,77,77,0,0,0,0
3,Albany County (East Central)--Albany City PUMA,2808,1025,1783,1704,793,911,1104,232,872,876,413,463,790,413,377,86,0,86,1883,612,1271,865,380,485,1018,232,786,49,0,49,49,0,49,0,0,0
4,Chemung (South) & Steuben (East) Counties--Greater Elmira & Greater Corning Cities PUMA,1308,337,971,1035,64,971,273,273,0,351,0,351,351,0,351,0,0,0,957,337,620,684,64,620,273,273,0,0,0,0,0,0,0,0,0,0
5,Ontario & Yates Counties PUMA,2045,1052,993,1688,851,837,357,201,156,498,343,155,462,307,155,36,36,0,1120,378,742,799,213,586,321,165,156,427,331,96,427,331,96,0,0,0
6,Suffolk County (North Central)--Brookhaven Town (North) PUMA,2939,1999,940,2641,1999,642,298,0,298,1512,1051,461,1387,1051,336,125,0,125,1322,843,479,1149,843,306,173,0,173,105,105,0,105,105,0,0,0,0
7,Westchester County (South Central)--New Rochelle & Mount Vernon Cities PUMA,8678,4309,4369,7599,3875,3724,1079,434,645,3499,1136,2363,3393,1136,2257,106,0,106,4830,2981,1849,3932,2547,1385,898,434,464,349,192,157,274,192,82,75,0,75
8,"Clinton, Franklin, Essex & Hamilton Counties PUMA",836,435,401,775,435,340,61,0,61,192,115,77,131,115,16,61,0,61,489,165,324,489,165,324,0,0,0,155,155,0,155,155,0,0,0,0
9,Oneida County (Central)--Greater Utica & Rome Cities PUMA,3867,2244,1623,3073,1648,1425,794,596,198,971,52,919,850,52,798,121,0,121,2594,1960,634,2153,1596,557,441,364,77,302,232,70,70,0,70,232,232,0
10,"NYC-Bronx Community District 3 & 6--Belmont, Crotona Park East & East Tremont PUMA",15565,6391,9174,11707,4611,7096,3858,1780,2078,3832,1205,2627,3298,1088,2210,534,117,417,8670,3870,4800,6486,2940,3546,2184,930,1254,3063,1316,1747,1923,583,1340,1140,733,407
11,Livingston & Wyoming Counties PUMA,158,91,67,105,38,67,53,53,0,63,53,10,10,0,10,53,53,0,95,38,57,95,38,57,0,0,0,0,0,0,0,0,0,0,0,0
12,NYC-Manhattan Community District 3--Chinatown & Lower East Side PUMA,10273,3664,6609,8280,2630,5650,1993,1034,959,3684,485,3199,3288,485,2803,396,0,396,5620,2681,2939,4544,1795,2749,1076,886,190,969,498,471,448,350,98,521,148,373
13,Suffolk County (West Central)--Babylon Town (Northwest) PUMA,5108,2328,2780,4238,1901,2337,870,427,443,902,361,541,586,131,455,316,230,86,3506,1628,1878,3149,1628,1521,357,0,357,700,339,361,503,142,361,197,197,0
14,Broome County (West Central)--Greater Binghamton City & Greater Johnson City Village PUMA,1636,920,716,1250,655,595,386,265,121,175,24,151,175,24,151,0,0,0,1396,831,565,1010,566,444,386,265,121,65,65,0,65,65,0,0,0,0
15,Nassau County (Northwest)--North Hempstead Town (North) PUMA,1580,678,902,1097,394,703,483,284,199,855,438,417,571,154,417,284,284,0,725,240,485,526,240,286,199,0,199,0,0,0,0,0,0,0,0,0
16,Monroe County (Central)--Rochester City (East) PUMA,6310,3081,3229,5211,2669,2542,1099,412,687,530,316,214,440,226,214,90,90,0,4427,1725,2702,3705,1608,2097,722,117,605,1353,1040,313,1066,835,231,287,205,82
17,Westchester County (Northwest) PUMA,4834,3281,1553,4361,2962,1399,473,319,154,1119,632,487,1119,632,487,0,0,0,2979,2062,917,2771,1916,855,208,146,62,736,587,149,471,414,57,265,173,92
18,NYC-Brooklyn Community District 16--Brownsville & Ocean Hill PUMA,5056,1800,3256,4370,1700,2670,686,100,586,1362,334,1028,1362,334,1028,0,0,0,2899,1121,1778,2213,1021,1192,686,100,586,795,345,450,795,345,450,0,0,0
19,Onondaga County (Central)--Syracuse City PUMA,2261,1429,832,1538,948,590,723,481,242,791,540,251,567,400,167,224,140,84,1470,889,581,971,548,423,499,341,158,0,0,0,0,0,0,0,0,0
20,Westchester County (Northeast) PUMA,2804,1449,1355,2220,1319,901,584,130,454,2091,1246,845,1857,1116,741,234,130,104,690,203,487,363,203,160,327,0,327,23,0,23,0,0,0,23,0,23
21,Madison & Cortland Counties PUMA,373,249,124,373,249,124,0,0,0,80,14,66,80,14,66,0,0,0,293,235,58,293,235,58,0,0,0,0,0,0,0,0,0,0,0,0
22,Erie County (West Central)--Buffalo City (West) PUMA,5658,2498,3160,5134,2438,2696,524,60,464,1185,275,910,1185,275,910,0,0,0,3540,1837,1703,3204,1777,1427,336,60,276,933,386,547,745,386,359,188,0,188
23,Monroe County (Central)--Rochester City (West) PUMA,3412,1830,1582,2615,1618,997,797,212,585,609,479,130,609,479,130,0,0,0,2348,950,1398,1551,738,813,797,212,585,455,401,54,455,401,54,0,0,0
24,Suffolk County (Central)--Islip Town (East) PUMA,3331,2355,976,3331,2355,976,0,0,0,1774,971,803,1774,971,803,0,0,0,1557,1384,173,1557,1384,173,0,0,0,0,0,0,0,0,0,0,0,0
25,Nassau County (Central)--Hempstead Town (East Central) PUMA,2456,1473,983,2073,1186,887,383,287,96,1269,458,811,1269,458,811,0,0,0,1187,1015,172,804,728,76,383,287,96,0,0,0,0,0,0,0,0,0
26,"NYC-Bronx Community District 5--Morris Heights, Fordham South & Mount Hope PUMA",10087,5408,4679,8583,4669,3914,1504,739,765,1631,607,1024,1631,607,1024,0,0,0,6407,3643,2764,5941,3430,2511,466,213,253,2049,1158,891,1011,632,379,1038,526,512
27,St. Lawrence County PUMA,360,186,174,357,183,174,3,3,0,107,8,99,107,8,99,0,0,0,253,178,75,250,175,75,3,3,0,0,0,0,0,0,0,0,0,0
28,Columbia & Greene Counties PUMA,825,451,374,797,451,346,28,0,28,137,34,103,109,34,75,28,0,28,670,399,271,670,399,271,0,0,0,18,18,0,18,18,0,0,0,0
29,NYC-Brooklyn Community District 2--Brooklyn Heights & Fort Greene PUMA,6335,2900,3435,4977,2545,2432,1358,355,1003,3909,1819,2090,3388,1740,1648,521,79,442,1765,841,924,1003,640,363,762,201,561,661,240,421,586,165,421,75,75,0
30,"NYC-Queens Community District 8--Briarwood, Fresh Meadows & Hillcrest PUMA",6541,2717,3824,5063,2593,2470,1478,124,1354,2779,1410,1369,2364,1410,954,415,0,415,3650,1307,2343,2699,1183,1516,951,124,827,112,0,112,0,0,0,112,0,112
31,Monroe County (North & West) PUMA,1625,897,728,1570,897,673,55,0,55,314,0,314,314,0,314,0,0,0,1311,897,414,1256,897,359,55,0,55,0,0,0,0,0,0,0,0,0
32,Schenectady County--Schenectady City PUMA,1331,409,922,1331,409,922,0,0,0,505,119,386,505,119,386,0,0,0,826,290,536,826,290,536,0,0,0,0,0,0,0,0,0,0,0,0
33,"Rockland County (West)--Spring Valley, Suffern Villages & Monsey PUMA",3027,1867,1160,1997,926,1071,1030,941,89,1080,797,283,1029,746,283,51,51,0,1947,1070,877,968,180,788,979,890,89,0,0,0,0,0,0,0,0,0
34,Niagara County (North & East) PUMA,831,583,248,831,583,248,0,0,0,477,374,103,477,374,103,0,0,0,354,209,145,354,209,145,0,0,0,0,0,0,0,0,0,0,0,0
35,Suffolk County (Central)--Brookhaven Town (Central) PUMA,4388,2192,2196,3644,2074,1570,744,118,626,1730,668,1062,1503,668,835,227,0,227,2658,1524,1134,2141,1406,735,517,118,399,0,0,0,0,0,0,0,0,0
36,Suffolk County (East) PUMA,1803,760,1043,1803,760,1043,0,0,0,844,176,668,844,176,668,0,0,0,852,569,283,852,569,283,0,0,0,107,15,92,107,15,92,0,0,0
37,Warren & Washington Counties PUMA,459,199,260,364,104,260,95,95,0,95,95,0,0,0,0,95,95,0,324,64,260,324,64,260,0,0,0,40,40,0,40,40,0,0,0,0
38,NYC-Queens Community District 6--Forest Hills & Rego Park PUMA,4124,1862,2262,4124,1862,2262,0,0,0,1490,681,809,1490,681,809,0,0,0,2408,1132,1276,2408,1132,1276,0,0,0,226,49,177,226,49,177,0,0,0
39,"NYC-Brooklyn Community District 9--Crown Heights South, Prospect Lefferts & Wingate PUMA",2808,1249,1559,2402,1126,1276,406,123,283,1429,486,943,1429,486,943,0,0,0,1256,640,616,973,640,333,283,0,283,123,123,0,0,0,0,123,123,0
40,Westchester County (Central)--White Plains City PUMA,4940,2685,2255,4638,2622,2016,302,63,239,2491,1167,1324,2491,1167,1324,0,0,0,2416,1485,931,2114,1422,692,302,63,239,33,33,0,33,33,0,0,0,0
41,"NYC-Bronx Community District 1 & 2--Hunts Point, Longwood & Melrose PUMA",19075,8537,10538,14136,6812,7324,4939,1725,3214,4152,2120,2032,3530,2034,1496,622,86,536,12349,5117,7232,8626,3478,5148,3723,1639,2084,2574,1300,1274,1980,1300,680,594,0,594
42,Erie County (North Central) PUMA,989,454,535,989,454,535,0,0,0,242,164,78,242,164,78,0,0,0,747,290,457,747,290,457,0,0,0,0,0,0,0,0,0,0,0,0
43,Chautauqua County PUMA,3485,1369,2116,2355,590,1765,1130,779,351,146,0,146,146,0,146,0,0,0,2758,1273,1485,1628,494,1134,1130,779,351,581,96,485,581,96,485,0,0,0
44,Dutchess County (Southwest) PUMA,4462,2414,2048,4049,2343,1706,413,71,342,1137,204,933,988,204,784,149,0,149,3079,1964,1115,2815,1893,922,264,71,193,246,246,0,246,246,0,0,0,0
45,Westchester County (Southeast) PUMA,3867,2375,1492,3070,1914,1156,797,461,336,2394,1609,785,1805,1148,657,589,461,128,1347,640,707,1139,640,499,208,0,208,126,126,0,126,126,0,0,0,0
46,Rockland County (North)--New City & Congers PUMA,7336,4547,2789,6068,4172,1896,1268,375,893,2321,662,1659,1834,582,1252,487,80,407,4410,3280,1130,3656,3012,644,754,268,486,605,605,0,578,578,0,27,27,0
47,NYC-Staten Island Community District 2--New Springville & South Beach PUMA,5073,2108,2965,3931,1613,2318,1142,495,647,1447,674,773,1002,483,519,445,191,254,3372,1289,2083,2675,985,1690,697,304,393,254,145,109,254,145,109,0,0,0
48,Suffolk County (Southwest)--Islip Town (South) PUMA,4998,2337,2661,3829,1963,1866,1169,374,795,2110,347,1763,1719,347,1372,391,0,391,2657,1990,667,2110,1616,494,547,374,173,231,0,231,0,0,0,231,0,231
49,Erie County (West Central)--Buffalo City (East) PUMA,3683,1622,2061,3316,1622,1694,367,0,367,495,108,387,495,108,387,0,0,0,2924,1514,1410,2557,1514,1043,367,0,367,264,0,264,264,0,264,0,0,0
50,Wayne & Seneca Counties PUMA,1206,1009,197,1007,810,197,199,199,0,170,170,0,170,170,0,0,0,0,721,524,197,721,524,197,0,0,0,315,315,0,116,116,0,199,199,0
51,Monroe County (South) PUMA,1255,589,666,1086,589,497,169,0,169,708,293,415,603,293,310,105,0,105,547,296,251,483,296,187,64,0,64,0,0,0,0,0,0,0,0,0
52,Tompkins County PUMA,1425,225,1200,1178,179,999,247,46,201,1045,46,999,999,0,999,46,46,0,380,179,201,179,179,0,201,0,201,0,0,0,0,0,0,0,0,0
53,Suffolk County (South Central)--Brookhaven Town (South) PUMA,6684,3777,2907,5705,3238,2467,979,539,440,1816,351,1465,1517,148,1369,299,203,96,4217,2822,1395,3537,2486,1051,680,336,344,651,604,47,651,604,47,0,0,0
54,"Otsego, Schoharie, Oneida (South) & Herkimer (South) Counties PUMA",991,704,287,929,662,267,62,42,20,155,39,116,155,39,116,0,0,0,369,198,171,338,187,151,31,11,20,467,467,0,436,436,0,31,31,0
55,NYC-Manhattan Community District 8--Upper East Side PUMA,2967,2602,365,2967,2602,365,0,0,0,2731,2366,365,2731,2366,365,0,0,0,236,236,0,236,236,0,0,0,0,0,0,0,0,0,0,0,0,0
56,"NYC-Manhattan Community District 1 & 2--Battery Park City, Greenwich Village & Soho PUMA",3656,2134,1522,3613,2091,1522,43,43,0,2909,1521,1388,2909,1521,1388,0,0,0,704,570,134,704,570,134,0,0,0,43,43,0,0,0,0,43,43,0
57,"NYC-Manhattan Community District 12--Washington Heights, Inwood & Marble Hill PUMA",22328,12857,9471,17902,9800,8102,4426,3057,1369,6874,2403,4471,6140,2293,3847,734,110,624,13220,8767,4453,9722,5820,3902,3498,2947,551,2234,1687,547,2040,1687,353,194,0,194
58,NYC-Brooklyn Community District 18--Canarsie & Flatlands PUMA,4056,1947,2109,3354,1758,1596,702,189,513,1142,421,721,903,284,619,239,137,102,2597,1300,1297,2225,1248,977,372,52,320,317,226,91,226,226,0,91,0,91
59,"NYC-Bronx Community District 12--Wakefield, Williamsbridge & Woodlawn PUMA",5539,3056,2483,4936,2914,2022,603,142,461,1798,1098,700,1618,1001,617,180,97,83,2834,1368,1466,2506,1323,1183,328,45,283,907,590,317,812,590,222,95,0,95
60,Suffolk County (Central)--Islip Town (Northwest) PUMA,9939,5017,4922,8269,4201,4068,1670,816,854,2676,633,2043,2234,633,1601,442,0,442,5818,3392,2426,4590,2576,2014,1228,816,412,1445,992,453,1445,992,453,0,0,0
61,"NYC-Queens Community District 14--Far Rockaway, Breezy Point & Broad Channel PUMA",4074,1399,2675,3482,1226,2256,592,173,419,744,173,571,571,0,571,173,173,0,3200,1226,1974,2781,1226,1555,419,0,419,130,0,130,130,0,130,0,0,0
62,Saratoga County (South & Central) PUMA,1687,722,965,1512,698,814,175,24,151,248,0,248,248,0,248,0,0,0,1439,722,717,1264,698,566,175,24,151,0,0,0,0,0,0,0,0,0
63,Cattaraugus & Allegany Counties PUMA,573,272,301,551,250,301,22,22,0,19,0,19,19,0,19,0,0,0,369,147,222,369,147,222,0,0,0,185,125,60,163,103,60,22,22,0
64,Genesee & Orleans Counties PUMA,1222,407,815,1222,407,815,0,0,0,181,0,181,181,0,181,0,0,0,54,0,54,54,0,54,0,0,0,987,407,580,987,407,580,0,0,0
65,Cayuga & Onondaga (South) Counties PUMA,792,397,395,604,218,386,188,179,9,241,0,241,241,0,241,0,0,0,425,298,127,336,218,118,89,80,9,126,99,27,27,0,27,99,99,0
66,Sullivan & Ulster (West) Counties PUMA,3072,1718,1354,2856,1674,1182,216,44,172,582,265,317,517,265,252,65,0,65,2242,1307,935,2135,1307,828,107,0,107,248,146,102,204,102,102,44,44,0
67,"NYC-Bronx Community District 7--Bedford Park, Fordham North & Norwood PUMA",12014,5540,6474,9235,4263,4972,2779,1277,1502,2092,453,1639,1994,453,1541,98,0,98,8666,4567,4099,6184,3489,2695,2482,1078,1404,1256,520,736,1057,321,736,199,199,0
68,Suffolk County (Central)--Brookhaven Town (West Central) PUMA,3908,2466,1442,3567,2310,1257,341,156,185,1884,1128,756,1831,1128,703,53,0,53,1757,1135,622,1469,979,490,288,156,132,267,203,64,267,203,64,0,0,0
69,NYC-Queens Community District 1--Astoria & Long Island City PUMA,9583,5587,3996,7906,4774,3132,1677,813,864,4684,2194,2490,3771,1667,2104,913,527,386,4536,3030,1506,3772,2744,1028,764,286,478,363,363,0,363,363,0,0,0,0
70,Jefferson & Lewis Counties PUMA,2831,1972,859,2654,1947,707,177,25,152,815,431,384,663,431,232,152,0,152,2016,1541,475,1991,1516,475,25,25,0,0,0,0,0,0,0,0,0,0
71,Nassau County (West Central)--Hempstead Town (Northwest) PUMA,4159,2685,1474,3893,2541,1352,266,144,122,2259,1343,916,2179,1343,836,80,0,80,1461,1011,450,1275,867,408,186,144,42,439,331,108,439,331,108,0,0,0
72,Nassau County (Central)--Hempstead Town (North Central)--Meadowbrook Corridor PUMA,3166,1670,1496,2850,1670,1180,316,0,316,1173,585,588,1126,585,541,47,0,47,1627,719,908,1358,719,639,269,0,269,366,366,0,366,366,0,0,0,0
73,Orange County (Northeast)--Greater Newburgh City PUMA,6998,3988,3010,5867,3220,2647,1131,768,363,1544,949,595,1503,908,595,41,41,0,5054,2824,2230,3964,2097,1867,1090,727,363,400,215,185,400,215,185,0,0,0
74,"NYC-Bronx Community District 11--Pelham Parkway, Morris Park & Laconia PUMA",16656,9586,7070,14042,8252,5790,2614,1334,1280,3662,1327,2335,3314,1238,2076,348,89,259,11333,7255,4078,9468,6191,3277,1865,1064,801,1661,1004,657,1260,823,437,401,181,220
75,"NYC-Queens Community District 12--Jamaica, Hollis & St. Albans PUMA",5041,2493,2548,3933,2247,1686,1108,246,862,838,434,404,782,434,348,56,0,56,3727,1744,1983,2859,1586,1273,868,158,710,476,315,161,292,227,65,184,88,96
76,Erie County (Central) PUMA,1291,934,357,847,709,138,444,225,219,450,312,138,450,312,138,0,0,0,411,290,121,290,290,0,121,0,121,430,332,98,107,107,0,323,225,98
77,"NYC-Staten Island Community District 1--Port Richmond, Stapleton & Mariner's Harbor PUMA",11235,5658,5577,9719,4660,5059,1516,998,518,2530,1252,1278,2497,1252,1245,33,0,33,7556,3561,3995,6554,3044,3510,1002,517,485,1149,845,304,668,364,304,481,481,0
78,"NYC-Brooklyn Community District 15--Sheepshead Bay, Gerritsen Beach & Homecrest PUMA",2526,1254,1272,2039,935,1104,487,319,168,870,422,448,763,360,403,107,62,45,1386,676,710,1064,477,587,322,199,123,270,156,114,212,98,114,58,58,0
79,"NYC-Bronx Community District 8--Riverdale, Fieldston & Kingsbridge PUMA",12802,6528,6274,10316,5613,4703,2486,915,1571,5066,2348,2718,4009,1535,2474,1057,813,244,5688,2817,2871,4686,2715,1971,1002,102,900,2048,1363,685,1621,1363,258,427,0,427
80,NYC-Brooklyn Community District 5--East New York & Starrett City PUMA,9834,4852,4982,8368,4148,4220,1466,704,762,3121,1237,1884,2661,1000,1661,460,237,223,5896,2953,2943,5060,2656,2404,836,297,539,817,662,155,647,492,155,170,170,0
81,Onondaga County (Central)--Syracuse City (Outer) PUMA,1374,735,639,916,735,181,458,0,458,237,124,113,237,124,113,0,0,0,559,435,124,503,435,68,56,0,56,578,176,402,176,176,0,402,0,402
82,"NYC-Manhattan Community District 6--Murray Hill, Gramercy & Stuyvesant Town PUMA",3184,1574,1610,2575,1352,1223,609,222,387,2782,1172,1610,2395,1172,1223,387,0,387,180,180,0,180,180,0,0,0,0,222,222,0,0,0,0,222,222,0
83,"Chenango, Delaware & Broome (East) Counties PUMA",999,485,514,758,293,465,241,192,49,70,0,70,70,0,70,0,0,0,929,485,444,688,293,395,241,192,49,0,0,0,0,0,0,0,0,0
84,Orange County (Northwest) PUMA,6329,3977,2352,5318,3257,2061,1011,720,291,829,253,576,733,157,576,96,96,0,4946,3170,1776,4101,2616,1485,845,554,291,554,554,0,484,484,0,70,70,0
85,NYC-Brooklyn Community District 7--Sunset Park & Windsor Terrace PUMA,7112,3906,3206,6432,3906,2526,680,0,680,2266,940,1326,2126,940,1186,140,0,140,4102,2700,1402,3562,2700,862,540,0,540,744,266,478,744,266,478,0,0,0
86,Nassau County (Northeast)--Oyster Bay Town (North) & Glen Cove City PUMA,1232,627,605,911,627,284,321,0,321,511,279,232,318,279,39,193,0,193,533,240,293,405,240,165,128,0,128,188,108,80,188,108,80,0,0,0
87,Dutchess County (North & East) PUMA,2119,1026,1093,1851,813,1038,268,213,55,904,444,460,738,333,405,166,111,55,1140,507,633,1038,405,633,102,102,0,75,75,0,75,75,0,0,0,0
88,Putnam County PUMA,2962,1784,1178,2602,1784,818,360,0,360,1206,744,462,1145,744,401,61,0,61,1264,918,346,1025,918,107,239,0,239,492,122,370,432,122,310,60,0,60
89,Albany County (Outside Albany City) PUMA,2452,1615,837,2059,1388,671,393,227,166,434,101,333,434,101,333,0,0,0,1821,1317,504,1428,1090,338,393,227,166,197,197,0,197,197,0,0,0,0
90,"NYC-Bronx Community District 10--Co-op City, Pelham Bay & Schuylerville PUMA",15843,8090,7753,13478,7860,5618,2365,230,2135,5556,2269,3287,5291,2213,3078,265,56,209,9381,5270,4111,7422,5096,2326,1959,174,1785,906,551,355,765,551,214,141,0,141
91,NYC-Queens Community District 4--Elmhurst & South Corona PUMA,5846,3485,2361,4760,2879,1881,1086,606,480,865,491,374,804,491,313,61,0,61,4188,2532,1656,3400,2088,1312,788,444,344,793,462,331,556,300,256,237,162,75
92,"NYC-Brooklyn Community District 12--Borough Park, Kensington & Ocean Parkway PUMA",1787,835,952,1629,835,794,158,0,158,840,232,608,767,232,535,73,0,73,714,464,250,629,464,165,85,0,85,233,139,94,233,139,94,0,0,0
93,Nassau County (Southeast)--Oyster Bay Town (South) PUMA,3527,1398,2129,3040,1270,1770,487,128,359,1635,772,863,1373,772,601,262,0,262,1795,626,1169,1667,498,1169,128,128,0,97,0,97,0,0,0,97,0,97
94,Suffolk County (Northwest)--Huntington Town (South) PUMA,1249,679,570,1007,679,328,242,0,242,514,162,352,352,162,190,162,0,162,735,517,218,655,517,138,80,0,80,0,0,0,0,0,0,0,0,0
95,Oswego County PUMA,626,332,294,626,332,294,0,0,0,0,0,0,0,0,0,0,0,0,543,249,294,543,249,294,0,0,0,83,83,0,83,83,0,0,0,0
96,Rensselaer County--Troy City PUMA,3030,1325,1705,2308,1049,1259,722,276,446,459,419,40,419,419,0,40,0,40,2571,906,1665,1889,630,1259,682,276,406,0,0,0,0,0,0,0,0,0
97,Saratoga County (Outer) PUMA,1059,1059,0,1059,1059,0,0,0,0,560,560,0,560,560,0,0,0,0,499,499,0,499,499,0,0,0,0,0,0,0,0,0,0,0,0,0
98,Herkimer (North & Central) & Oneida (Outer) Counties PUMA,153,153,0,153,153,0,0,0,0,0,0,0,0,0,0,0,0,0,153,153,0,153,153,0,0,0,0,0,0,0,0,0,0,0,0,0
99,Monroe County (East) PUMA,2258,967,1291,1769,875,894,489,92,397,943,421,522,534,329,205,409,92,317,1235,546,689,1235,546,689,0,0,0,80,0,80,0,0,0,80,0,80
100,"NYC-Queens Community District 13--Queens Village, Cambria Heights & Rosedale PUMA",3536,1813,1723,3122,1565,1557,414,248,166,827,183,644,827,183,644,0,0,0,2709,1630,1079,2295,1382,913,414,248,166,0,0,0,0,0,0,0,0,0
101,Erie County (South) PUMA,936,319,617,873,319,554,63,0,63,345,156,189,345,156,189,0,0,0,591,163,428,528,163,365,63,0,63,0,0,0,0,0,0,0,0,0
102,Monroe County (Central)--Greece & Gates Towns PUMA,1656,660,996,1123,478,645,533,182,351,175,0,175,175,0,175,0,0,0,1152,596,556,619,414,205,533,182,351,329,64,265,329,64,265,0,0,0
103,NYC-Manhattan Community District 7--Upper West Side & West Side PUMA,7540,3803,3737,5652,3803,1849,1888,0,1888,2484,1172,1312,2307,1172,1135,177,0,177,4597,2631,1966,3062,2631,431,1535,0,1535,459,0,459,283,0,283,176,0,176
104,NYC-Manhattan Community District 11--East Harlem PUMA,12169,6267,5902,9369,5006,4363,2800,1261,1539,3800,1087,2713,3247,1087,2160,553,0,553,6352,3163,3189,4661,2458,2203,1691,705,986,2017,2017,0,1461,1461,0,556,556,0
105,"NYC-Queens Community District 7--Flushing, Murray Hill & Whitestone PUMA",8265,4429,3836,6545,4038,2507,1720,391,1329,2336,703,1633,1931,592,1339,405,111,294,4651,3134,1517,4022,2854,1168,629,280,349,1278,592,686,592,592,0,686,0,686
106,NYC-Brooklyn Community District 1--Greenpoint & Williamsburg PUMA,8663,4758,3905,7324,4393,2931,1339,365,974,5406,3126,2280,4878,2837,2041,528,289,239,2218,961,1257,1701,885,816,517,76,441,1039,671,368,745,671,74,294,0,294
107,Onondaga County (North) PUMA,797,293,504,436,293,143,361,0,361,495,134,361,134,134,0,361,0,361,302,159,143,302,159,143,0,0,0,0,0,0,0,0,0,0,0,0
108,NYC-Brooklyn Community District 14--Flatbush & Midwood PUMA,3945,2364,1581,2837,1716,1121,1108,648,460,1331,524,807,1107,376,731,224,148,76,2023,1338,685,1414,1113,301,609,225,384,591,502,89,316,227,89,275,275,0
109,"Rockland County (South)--Orangetown, Clarkstown (South) & Ramapo (Southeast) Towns PUMA",2828,1813,1015,2566,1813,753,262,0,262,1566,748,818,1304,748,556,262,0,262,1262,1065,197,1262,1065,197,0,0,0,0,0,0,0,0,0,0,0,0
110,NYC-Brooklyn Community District 13--Brighton Beach & Coney Island PUMA,2850,1579,1271,1919,1454,465,931,125,806,928,633,295,508,508,0,420,125,295,1278,946,332,1278,946,332,0,0,0,644,0,644,133,0,133,511,0,511
111,"NYC-Bronx Community District 4--Concourse, Highbridge & Mount Eden PUMA",10348,6041,4307,9037,5142,3895,1311,899,412,3060,867,2193,2799,606,2193,261,261,0,5465,3818,1647,4578,3239,1339,887,579,308,1823,1356,467,1660,1297,363,163,59,104
112,Erie County (Northeast) PUMA,435,350,85,435,350,85,0,0,0,172,87,85,172,87,85,0,0,0,216,216,0,216,216,0,0,0,0,47,47,0,47,47,0,0,0,0
113,NYC-Brooklyn Community District 8--Crown Heights North & Prospect Heights PUMA,4435,1897,2538,3632,1802,1830,803,95,708,2710,985,1725,2400,890,1510,310,95,215,865,396,469,716,396,320,149,0,149,860,516,344,516,516,0,344,0,344
114,NYC-Queens Community District 3--Jackson Heights & North Corona PUMA,8281,4378,3903,7149,4023,3126,1132,355,777,2473,783,1690,2212,783,1429,261,0,261,5044,2927,2117,4173,2572,1601,871,355,516,764,668,96,764,668,96,0,0,0
115,Fulton & Montgomery Counties PUMA,2810,1916,894,2076,1700,376,734,216,518,297,211,86,297,211,86,0,0,0,2315,1705,610,1779,1489,290,536,216,320,198,0,198,0,0,0,198,0,198
116,Niagara County (Southwest)--Greater Niagara Falls & North Tonawanda Area PUMA,1288,622,666,1288,622,666,0,0,0,145,0,145,145,0,145,0,0,0,1143,622,521,1143,622,521,0,0,0,0,0,0,0,0,0,0,0,0
117,"Steuben (North & West), Schuyler & Chemung (North) Counties PUMA",330,116,214,242,116,126,88,0,88,0,0,0,0,0,0,0,0,0,264,116,148,242,116,126,22,0,22,66,0,66,0,0,0,66,0,66
118,NYC-Brooklyn Community District 4--Bushwick PUMA,11451,6283,5168,9592,5578,4014,1859,705,1154,3849,1848,2001,3412,1540,1872,437,308,129,6030,3638,2392,5206,3450,1756,824,188,636,1572,797,775,974,588,386,598,209,389
119,"NYC-Manhattan Community District 4 & 5--Chelsea, Clinton & Midtown Business District PUMA",5835,3239,2596,4515,2397,2118,1320,842,478,4233,2384,1849,3943,2384,1559,290,0,290,1414,855,559,572,13,559,842,842,0,188,0,188,0,0,0,188,0,188
120,"NYC-Brooklyn Community District 6--Park Slope, Carroll Gardens & Red Hook PUMA",5218,2346,2872,4588,2050,2538,630,296,334,3720,1269,2451,3427,1269,2158,293,0,293,1365,1077,288,1069,781,288,296,296,0,133,0,133,92,0,92,41,0,41
121,NYC-Brooklyn Community District 3--Bedford-Stuyvesant PUMA,5174,2304,2870,4389,1923,2466,785,381,404,2133,818,1315,1716,728,988,417,90,327,2710,1229,1481,2342,938,1404,368,291,77,331,257,74,331,257,74,0,0,0
122,NYC-Queens Community District 10--Howard Beach & Ozone Park PUMA,7279,4266,3013,6414,4085,2329,865,181,684,1963,703,1260,1880,703,1177,83,0,83,4854,3258,1596,4229,3077,1152,625,181,444,462,305,157,305,305,0,157,0,157
123,Suffolk County (Northwest)--Huntington Town (North) PUMA,4065,2596,1469,3745,2596,1149,320,0,320,1797,943,854,1684,943,741,113,0,113,1362,747,615,1155,747,408,207,0,207,906,906,0,906,906,0,0,0,0
124,Orange County (Southeast) PUMA,3709,2357,1352,3248,2357,891,461,0,461,593,313,280,593,313,280,0,0,0,2552,1636,916,2247,1636,611,305,0,305,564,408,156,408,408,0,156,0,156
125,Nassau County (East Central)--Oyster Bay Town (Central) PUMA,1201,652,549,1120,652,468,81,0,81,899,596,303,899,596,303,0,0,0,221,56,165,221,56,165,0,0,0,81,0,81,0,0,0,81,0,81
126,Suffolk County (Northwest)--Smithtown Town PUMA,1478,598,880,1107,598,509,371,0,371,776,254,522,661,254,407,115,0,115,635,344,291,379,344,35,256,0,256,67,0,67,67,0,67,0,0,0
127,"NYC-Brooklyn Community District 17--East Flatbush, Farragut & Rugby PUMA",964,255,709,662,117,545,302,138,164,407,67,340,407,67,340,0,0,0,343,138,205,205,0,205,138,138,0,214,50,164,50,50,0,164,0,164
128,"NYC-Bronx Community District 9--Castle Hill, Clason Point & Parkchester PUMA",21275,8984,12291,16149,7343,8806,5126,1641,3485,4950,1858,3092,4005,1400,2605,945,458,487,13555,5497,8058,10444,4639,5805,3111,858,2253,2770,1629,1141,1700,1304,396,1070,325,745
129,NYC-Queens Community District 9--Richmond Hill & Woodhaven PUMA,8506,4949,3557,6883,3891,2992,1623,1058,565,2509,1111,1398,2119,1049,1070,390,62,328,5585,3776,1809,4468,2780,1688,1117,996,121,412,62,350,296,62,234,116,0,116
130,Westchester County (Southwest)--Yonkers City PUMA,14340,6747,7593,12490,6008,6482,1850,739,1111,5104,1936,3168,4356,1799,2557,748,137,611,7082,3172,3910,6394,2801,3593,688,371,317,2154,1639,515,1740,1408,332,414,231,183
131,Broome (Outer West) & Tioga Counties PUMA,572,245,327,572,245,327,0,0,0,365,38,327,365,38,327,0,0,0,93,93,0,93,93,0,0,0,0,114,114,0,114,114,0,0,0,0
132,NYC-Brooklyn Community District 10--Bay Ridge & Dyker Heights PUMA,5277,2438,2839,3998,1709,2289,1279,729,550,2843,1332,1511,2336,1056,1280,507,276,231,1825,646,1179,1339,479,860,486,167,319,609,460,149,323,174,149,286,286,0
133,"NYC-Queens Community District 5--Ridgewood, Glendale & Middle Village PUMA",14725,8250,6475,13923,7791,6132,802,459,343,3751,1418,2333,3620,1287,2333,131,131,0,8988,5152,3836,8684,5103,3581,304,49,255,1986,1680,306,1619,1401,218,367,279,88
134,NYC-Manhattan Community District 10--Central Harlem PUMA,7202,2745,4457,5575,2136,3439,1627,609,1018,3139,774,2365,2736,774,1962,403,0,403,3281,1622,1659,2353,1140,1213,928,482,446,782,349,433,486,222,264,296,127,169
135,"NYC-Queens Community District 11--Bayside, Douglaston & Little Neck PUMA",3638,1891,1747,2952,1495,1457,686,396,290,1595,823,772,1527,823,704,68,0,68,2043,1068,975,1425,672,753,618,396,222,0,0,0,0,0,0,0,0,0
136,Erie County (Northwest) PUMA,925,556,369,785,454,331,140,102,38,365,102,263,263,0,263,102,102,0,560,454,106,522,454,68,38,0,38,0,0,0,0,0,0,0,0,0
137,NYC-Queens Community District 2--Sunnyside & Woodside PUMA,4120,2298,1822,3800,2162,1638,320,136,184,1157,351,806,1157,351,806,0,0,0,2379,1406,973,2059,1270,789,320,136,184,584,541,43,584,541,43,0,0,0
138,Suffolk County (Southwest)--Babylon Town (Southeast) PUMA,2313,1226,1087,1634,831,803,679,395,284,961,343,618,881,343,538,80,0,80,1246,883,363,753,488,265,493,395,98,106,0,106,0,0,0,106,0,106
139,"NYC-Staten Island Community District 3--Tottenville, Great Kills & Annadale PUMA",4810,2337,2473,4576,2205,2371,234,132,102,1704,593,1111,1572,461,1111,132,132,0,3106,1744,1362,3004,1744,1260,102,0,102,0,0,0,0,0,0,0,0,0
140,Nassau County (West Central)--Hempstead Town (West Central) PUMA,5343,3211,2132,4442,2527,1915,901,684,217,1890,635,1255,1756,576,1180,134,59,75,3303,2426,877,2595,1860,735,708,566,142,150,150,0,91,91,0,59,59,0
141,Nassau County (Central)--Hempstead Town (Northeast) PUMA,3711,2122,1589,3404,2008,1396,307,114,193,1066,319,747,973,319,654,93,0,93,2584,1742,842,2370,1628,742,214,114,100,61,61,0,61,61,0,0,0,0
142,Nassau County (Southwest)--Hempstead Town (Southwest) & Long Beach City PUMA,1971,1971,0,1749,1749,0,222,222,0,1288,1288,0,1288,1288,0,0,0,0,618,618,0,396,396,0,222,222,0,65,65,0,65,65,0,0,0,0
143,NYC-Brooklyn Community District 11--Bensonhurst & Bath Beach PUMA,4863,2566,2297,3966,2178,1788,897,388,509,1556,617,939,1366,569,797,190,48,142,3034,1676,1358,2466,1475,991,568,201,367,273,273,0,134,134,0,139,139,0
144,Nassau County (South Central)--Hempstead Town (Southeast) PUMA,2881,1384,1497,2378,1384,994,503,0,503,1400,498,902,991,498,493,409,0,409,1196,601,595,1102,601,501,94,0,94,285,285,0,285,285,0,0,0,0
145,Nassau County (West Central)--North Hempstead Town (South) PUMA,3715,2153,1562,3444,2153,1291,271,0,271,1546,846,700,1465,846,619,81,0,81,1979,1307,672,1979,1307,672,0,0,0,190,0,190,0,0,0,190,0,190
146,Capital Region,13651,6805,6846,11134,5951,5183,2517,854,1663,3314,1741,1573,3065,1646,1419,249,95,154,10033,4809,5224,7765,4050,3715,2268,759,1509,304,255,49,304,255,49,0,0,0
147,Central NY,6223,3435,2788,4493,2775,1718,1730,660,1070,1844,812,1032,1259,672,587,585,140,445,3592,2265,1327,2948,1844,1104,644,421,223,787,358,429,286,259,27,501,99,402
148,Finger Lakes,21147,10583,10564,17396,9232,8164,3751,1351,2400,4191,2075,2116,3498,1804,1694,693,271,422,13010,5950,7060,10518,5274,5244,2492,676,1816,3946,2558,1388,3380,2154,1226,566,404,162
149,Long Island,87145,48354,38791,74921,43666,31255,12224,4688,7536,35087,15445,19642,31181,14669,16512,3906,776,3130,45551,28379,17172,38194,24723,13471,7357,3656,3701,6507,4530,1977,5546,4274,1272,961,256,705
150,Mid-Hudson,85602,48244,37358,73520,42836,30684,12082,5408,6674,29184,13374,15810,26025,12267,13758,3159,1107,2052,49736,29845,19891,41947,26089,15858,7789,3756,4033,6682,5025,1657,5548,4480,1068,1134,545,589
151,Mohawk Valley,7821,5017,2804,6231,4163,2068,1590,854,736,1423,302,1121,1302,302,1000,121,0,121,5431,4016,1415,4423,3425,998,1008,591,417,967,699,268,506,436,70,461,263,198
152,New York City,429302,216448,212854,354232,185980,168252,75070,30468,44602,145254,60219,85035,129465,54804,74661,15789,5415,10374,238572,128657,109915,192295,109068,83227,46277,19589,26688,45476,27572,17904,32472,22108,10364,13004,5464,7540
153,North Country,4027,2593,1434,3786,2565,1221,241,28,213,1114,554,560,901,554,347,213,0,213,2758,1884,874,2730,1856,874,28,28,0,155,155,0,155,155,0,0,0,0
154,Southern Tier,6270,2328,3942,5035,1552,3483,1235,776,459,2006,108,1898,1960,62,1898,46,46,0,4019,2041,1978,2896,1311,1585,1123,730,393,245,179,66,179,179,0,66,0,66
155,Western NY,20094,9579,10515,17404,8391,9013,2690,1188,1502,4041,1578,2463,3939,1476,2463,102,102,0,13613,7015,6598,11558,6176,5382,2055,839,1216,2440,986,1454,1907,739,1168,533,247,286
