,puma,Total_geo,Total_geo_m,Total_geo_f,Total_Emp_mf_t,Total_emp_m,Total_emp_f,Total_UnEmp_mf_t,Total_UnEmp_m,Total_UnEmp_f,Total_BABS,Total_BABS_m,Total_BABS_f,BABS_Emp_mf_t,BABS_emp_m,BABS_emp_f,BABS_UnEmp_mf_t,BABS_UnEmp_m,BABS_UnEmp_f,Total_HS,Total_HS_m,Total_HS_f,HS_Emp_mf_t,HS_emp_m,HS_emp_f,HS_UnEmp_mf_t,HS_UnEmp_m,HS_UnEmp_f,Total_HSINC,Total_HSINC_m,Total_HSINC_f,HSINC_Emp_mf_t,HSINC_emp_m,HSINC_emp_f,HSINC_UnEmp_mf_t,HSINC_UnEmp_m,HSINC_UnEmp_f
0,Total Geo,683212,356582,326630,640273,330709,309564,42939,25873,17066,227274,96335,130939,220019,92685,127334,7255,3650,3605,392030,219440,172590,363860,201870,161990,28170,17570,10600,63908,40807,23101,56394,36154,20240,7514,4653,2861
1,"NYC-Manhattan Community District 9--Hamilton Heights, Manhattanville & West Harlem PUMA",8122,3964,4158,7913,3949,3964,209,15,194,3305,1616,1689,3305,1616,1689,0,0,0,4527,2089,2438,4318,2074,2244,209,15,194,290,259,31,290,259,31,0,0,0
2,Ulster County (East) PUMA,3022,1830,1192,2936,1830,1106,86,0,86,620,269,351,549,269,280,71,0,71,2402,1561,841,2387,1561,826,15,0,15,0,0,0,0,0,0,0,0,0
3,Albany County (East Central)--Albany City PUMA,3027,1025,2002,2282,1025,1257,745,0,745,876,413,463,876,413,463,0,0,0,2102,612,1490,1357,612,745,745,0,745,49,0,49,49,0,49,0,0,0
4,Chemung (South) & Steuben (East) Counties--Greater Elmira & Greater Corning Cities PUMA,1308,337,971,1308,337,971,0,0,0,351,0,351,351,0,351,0,0,0,957,337,620,957,337,620,0,0,0,0,0,0,0,0,0,0,0,0
5,Ontario & Yates Counties PUMA,2100,1052,1048,1929,1052,877,171,0,171,498,343,155,498,343,155,0,0,0,1175,378,797,1004,378,626,171,0,171,427,331,96,427,331,96,0,0,0
6,Suffolk County (North Central)--Brookhaven Town (North) PUMA,2939,1999,940,2939,1999,940,0,0,0,1512,1051,461,1512,1051,461,0,0,0,1322,843,479,1322,843,479,0,0,0,105,105,0,105,105,0,0,0,0
7,Westchester County (South Central)--New Rochelle & Mount Vernon Cities PUMA,8678,4309,4369,8572,4309,4263,106,0,106,3499,1136,2363,3393,1136,2257,106,0,106,4830,2981,1849,4830,2981,1849,0,0,0,349,192,157,349,192,157,0,0,0
8,"Clinton, Franklin, Essex & Hamilton Counties PUMA",681,280,401,681,280,401,0,0,0,192,115,77,192,115,77,0,0,0,489,165,324,489,165,324,0,0,0,0,0,0,0,0,0,0,0,0
9,Oneida County (Central)--Greater Utica & Rome Cities PUMA,3647,1897,1750,3160,1537,1623,487,360,127,1098,52,1046,971,52,919,127,0,127,2479,1845,634,2119,1485,634,360,360,0,70,0,70,70,0,70,0,0,0
10,"NYC-Bronx Community District 3 & 6--Belmont, Crotona Park East & East Tremont PUMA",15553,6282,9271,13888,5340,8548,1665,942,723,3710,1270,2440,3627,1205,2422,83,65,18,9346,4127,5219,8344,3552,4792,1002,575,427,2497,885,1612,1917,583,1334,580,302,278
11,Livingston & Wyoming Counties PUMA,105,38,67,105,38,67,0,0,0,10,0,10,10,0,10,0,0,0,95,38,57,95,38,57,0,0,0,0,0,0,0,0,0,0,0,0
12,NYC-Manhattan Community District 3--Chinatown & Lower East Side PUMA,9546,3747,5799,9354,3555,5799,192,192,0,3370,485,2885,3370,485,2885,0,0,0,5259,2764,2495,5067,2572,2495,192,192,0,917,498,419,917,498,419,0,0,0
13,Suffolk County (West Central)--Babylon Town (Northwest) PUMA,5109,2328,2781,4703,2328,2375,406,0,406,902,361,541,902,361,541,0,0,0,3507,1628,1879,3152,1628,1524,355,0,355,700,339,361,649,339,310,51,0,51
14,Broome County (West Central)--Greater Binghamton City & Greater Johnson City Village PUMA,1636,920,716,1636,920,716,0,0,0,175,24,151,175,24,151,0,0,0,1396,831,565,1396,831,565,0,0,0,65,65,0,65,65,0,0,0,0
15,Nassau County (Northwest)--North Hempstead Town (North) PUMA,1544,678,866,1544,678,866,0,0,0,819,438,381,819,438,381,0,0,0,725,240,485,725,240,485,0,0,0,0,0,0,0,0,0,0,0,0
16,Monroe County (Central)--Rochester City (East) PUMA,6560,3344,3216,5901,2805,3096,659,539,120,616,402,214,530,316,214,86,86,0,4664,1947,2717,4257,1660,2597,407,287,120,1280,995,285,1114,829,285,166,166,0
17,Westchester County (Northwest) PUMA,4277,2724,1553,4277,2724,1553,0,0,0,1119,632,487,1119,632,487,0,0,0,2748,1831,917,2748,1831,917,0,0,0,410,261,149,410,261,149,0,0,0
18,NYC-Brooklyn Community District 16--Brownsville & Ocean Hill PUMA,5378,2234,3144,4893,1800,3093,485,434,51,1362,334,1028,1362,334,1028,0,0,0,3204,1457,1747,2817,1121,1696,387,336,51,812,443,369,714,345,369,98,98,0
19,Onondaga County (Central)--Syracuse City PUMA,2261,1429,832,2121,1289,832,140,140,0,791,540,251,791,540,251,0,0,0,1470,889,581,1330,749,581,140,140,0,0,0,0,0,0,0,0,0,0
20,Westchester County (Northeast) PUMA,2677,1449,1228,2677,1449,1228,0,0,0,1987,1246,741,1987,1246,741,0,0,0,690,203,487,690,203,487,0,0,0,0,0,0,0,0,0,0,0,0
21,Madison & Cortland Counties PUMA,373,249,124,373,249,124,0,0,0,80,14,66,80,14,66,0,0,0,293,235,58,293,235,58,0,0,0,0,0,0,0,0,0,0,0,0
22,Erie County (West Central)--Buffalo City (West) PUMA,5743,2498,3245,5242,2354,2888,501,144,357,1320,275,1045,1101,275,826,219,0,219,3678,1837,1841,3540,1837,1703,138,0,138,745,386,359,601,242,359,144,144,0
23,Monroe County (Central)--Rochester City (West) PUMA,3162,1729,1433,3135,1729,1406,27,0,27,609,479,130,609,479,130,0,0,0,2098,849,1249,2071,849,1222,27,0,27,455,401,54,455,401,54,0,0,0
24,Suffolk County (Central)--Islip Town (East) PUMA,3234,2355,879,3234,2355,879,0,0,0,1774,971,803,1774,971,803,0,0,0,1460,1384,76,1460,1384,76,0,0,0,0,0,0,0,0,0,0,0,0
25,Nassau County (Central)--Hempstead Town (East Central) PUMA,2412,1429,983,2412,1429,983,0,0,0,1269,458,811,1269,458,811,0,0,0,1143,971,172,1143,971,172,0,0,0,0,0,0,0,0,0,0,0,0
26,"NYC-Bronx Community District 5--Morris Heights, Fordham South & Mount Hope PUMA",9308,5167,4141,8608,4843,3765,700,324,376,1631,607,1024,1434,607,827,197,0,197,6222,3484,2738,5838,3160,2678,384,324,60,1455,1076,379,1336,1076,260,119,0,119
27,St. Lawrence County PUMA,394,220,174,357,183,174,37,37,0,107,8,99,107,8,99,0,0,0,287,212,75,250,175,75,37,37,0,0,0,0,0,0,0,0,0,0
28,Columbia & Greene Counties PUMA,806,432,374,806,432,374,0,0,0,137,34,103,137,34,103,0,0,0,651,380,271,651,380,271,0,0,0,18,18,0,18,18,0,0,0,0
29,NYC-Brooklyn Community District 2--Brooklyn Heights & Fort Greene PUMA,6059,2804,3255,5757,2621,3136,302,183,119,3708,1798,1910,3525,1615,1910,183,183,0,1765,841,924,1646,841,805,119,0,119,586,165,421,586,165,421,0,0,0
30,"NYC-Queens Community District 8--Briarwood, Fresh Meadows & Hillcrest PUMA",6541,2717,3824,6541,2717,3824,0,0,0,2779,1410,1369,2779,1410,1369,0,0,0,3650,1307,2343,3650,1307,2343,0,0,0,112,0,112,112,0,112,0,0,0
31,Monroe County (North & West) PUMA,1625,897,728,1625,897,728,0,0,0,314,0,314,314,0,314,0,0,0,1311,897,414,1311,897,414,0,0,0,0,0,0,0,0,0,0,0,0
32,Schenectady County--Schenectady City PUMA,1419,497,922,1331,409,922,88,88,0,505,119,386,505,119,386,0,0,0,914,378,536,826,290,536,88,88,0,0,0,0,0,0,0,0,0,0
33,"Rockland County (West)--Spring Valley, Suffern Villages & Monsey PUMA",2996,1836,1160,2996,1836,1160,0,0,0,1080,797,283,1080,797,283,0,0,0,1916,1039,877,1916,1039,877,0,0,0,0,0,0,0,0,0,0,0,0
34,Niagara County (North & East) PUMA,831,583,248,831,583,248,0,0,0,477,374,103,477,374,103,0,0,0,354,209,145,354,209,145,0,0,0,0,0,0,0,0,0,0,0,0
35,Suffolk County (Central)--Brookhaven Town (Central) PUMA,4431,2235,2196,4388,2192,2196,43,43,0,1730,668,1062,1730,668,1062,0,0,0,2658,1524,1134,2658,1524,1134,0,0,0,43,43,0,0,0,0,43,43,0
36,Suffolk County (East) PUMA,1775,732,1043,1775,732,1043,0,0,0,844,176,668,844,176,668,0,0,0,839,556,283,839,556,283,0,0,0,92,0,92,92,0,92,0,0,0
37,Warren & Washington Counties PUMA,260,159,101,260,159,101,0,0,0,95,95,0,95,95,0,0,0,0,165,64,101,165,64,101,0,0,0,0,0,0,0,0,0,0,0,0
38,NYC-Queens Community District 6--Forest Hills & Rego Park PUMA,4124,1862,2262,3968,1706,2262,156,156,0,1490,681,809,1334,525,809,156,156,0,2408,1132,1276,2408,1132,1276,0,0,0,226,49,177,226,49,177,0,0,0
39,"NYC-Brooklyn Community District 9--Crown Heights South, Prospect Lefferts & Wingate PUMA",2808,1249,1559,2808,1249,1559,0,0,0,1429,486,943,1429,486,943,0,0,0,1256,640,616,1256,640,616,0,0,0,123,123,0,123,123,0,0,0,0
40,Westchester County (Central)--White Plains City PUMA,4839,2652,2187,4839,2652,2187,0,0,0,2423,1167,1256,2423,1167,1256,0,0,0,2416,1485,931,2416,1485,931,0,0,0,0,0,0,0,0,0,0,0,0
41,"NYC-Bronx Community District 1 & 2--Hunts Point, Longwood & Melrose PUMA",18635,8426,10209,15862,7503,8359,2773,923,1850,4336,2043,2293,3705,1717,1988,631,326,305,12438,5269,7169,10632,4761,5871,1806,508,1298,1861,1114,747,1525,1025,500,336,89,247
42,Erie County (North Central) PUMA,989,454,535,989,454,535,0,0,0,242,164,78,242,164,78,0,0,0,747,290,457,747,290,457,0,0,0,0,0,0,0,0,0,0,0,0
43,Chautauqua County PUMA,2947,1142,1805,2651,846,1805,296,296,0,146,0,146,146,0,146,0,0,0,2220,1046,1174,1924,750,1174,296,296,0,581,96,485,581,96,485,0,0,0
44,Dutchess County (Southwest) PUMA,4172,2343,1829,4118,2289,1829,54,54,0,988,204,784,988,204,784,0,0,0,2938,1893,1045,2884,1839,1045,54,54,0,246,246,0,246,246,0,0,0,0
45,Westchester County (Southeast) PUMA,3867,2375,1492,3817,2375,1442,50,0,50,2394,1609,785,2394,1609,785,0,0,0,1347,640,707,1297,640,657,50,0,50,126,126,0,126,126,0,0,0,0
46,Rockland County (North)--New City & Congers PUMA,7387,4458,2929,6842,4182,2660,545,276,269,2321,662,1659,2321,662,1659,0,0,0,4488,3218,1270,3943,2942,1001,545,276,269,578,578,0,578,578,0,0,0,0
47,NYC-Staten Island Community District 2--New Springville & South Beach PUMA,4832,1983,2849,4705,1856,2849,127,127,0,1447,674,773,1320,547,773,127,127,0,3131,1164,1967,3131,1164,1967,0,0,0,254,145,109,254,145,109,0,0,0
48,Suffolk County (Southwest)--Islip Town (South) PUMA,4998,2337,2661,4998,2337,2661,0,0,0,2110,347,1763,2110,347,1763,0,0,0,2657,1990,667,2657,1990,667,0,0,0,231,0,231,231,0,231,0,0,0
49,Erie County (West Central)--Buffalo City (East) PUMA,3845,1622,2223,3562,1622,1940,283,0,283,495,108,387,495,108,387,0,0,0,3207,1514,1693,2924,1514,1410,283,0,283,143,0,143,143,0,143,0,0,0
50,Wayne & Seneca Counties PUMA,1039,842,197,1039,842,197,0,0,0,170,170,0,170,170,0,0,0,0,670,473,197,670,473,197,0,0,0,199,199,0,199,199,0,0,0,0
51,Monroe County (South) PUMA,1255,589,666,1132,589,543,123,0,123,708,293,415,708,293,415,0,0,0,547,296,251,424,296,128,123,0,123,0,0,0,0,0,0,0,0,0
52,Tompkins County PUMA,1425,225,1200,1425,225,1200,0,0,0,1045,46,999,1045,46,999,0,0,0,380,179,201,380,179,201,0,0,0,0,0,0,0,0,0,0,0,0
53,Suffolk County (South Central)--Brookhaven Town (South) PUMA,6559,3541,3018,6006,3379,2627,553,162,391,1720,351,1369,1720,351,1369,0,0,0,4235,2633,1602,3708,2497,1211,527,136,391,604,557,47,578,531,47,26,26,0
54,"Otsego, Schoharie, Oneida (South) & Herkimer (South) Counties PUMA",991,704,287,949,662,287,42,42,0,155,39,116,155,39,116,0,0,0,369,198,171,358,187,171,11,11,0,467,467,0,436,436,0,31,31,0
55,NYC-Manhattan Community District 8--Upper East Side PUMA,2967,2602,365,2967,2602,365,0,0,0,2731,2366,365,2731,2366,365,0,0,0,236,236,0,236,236,0,0,0,0,0,0,0,0,0,0,0,0,0
56,"NYC-Manhattan Community District 1 & 2--Battery Park City, Greenwich Village & Soho PUMA",3656,2134,1522,3656,2134,1522,0,0,0,2909,1521,1388,2909,1521,1388,0,0,0,704,570,134,704,570,134,0,0,0,43,43,0,43,43,0,0,0,0
57,"NYC-Manhattan Community District 12--Washington Heights, Inwood & Marble Hill PUMA",22379,12879,9500,19898,10995,8903,2481,1884,597,7145,2403,4742,6691,2220,4471,454,183,271,13128,8789,4339,11224,7211,4013,1904,1578,326,2106,1687,419,1983,1564,419,123,123,0
58,NYC-Brooklyn Community District 18--Canarsie & Flatlands PUMA,4262,2108,2154,4056,1947,2109,206,161,45,1142,421,721,1142,421,721,0,0,0,2803,1461,1342,2597,1300,1297,206,161,45,317,226,91,317,226,91,0,0,0
59,"NYC-Bronx Community District 12--Wakefield, Williamsbridge & Woodlawn PUMA",5910,3222,2688,5247,3011,2236,663,211,452,1798,1098,700,1798,1098,700,0,0,0,3256,1534,1722,2675,1323,1352,581,211,370,856,590,266,774,590,184,82,0,82
60,Suffolk County (Central)--Islip Town (Northwest) PUMA,11559,6689,4870,9632,4853,4779,1927,1836,91,2902,859,2043,2676,633,2043,226,226,0,7212,4838,2374,5511,3228,2283,1701,1610,91,1445,992,453,1445,992,453,0,0,0
61,"NYC-Queens Community District 14--Far Rockaway, Breezy Point & Broad Channel PUMA",4074,1399,2675,4074,1399,2675,0,0,0,744,173,571,744,173,571,0,0,0,3200,1226,1974,3200,1226,1974,0,0,0,130,0,130,130,0,130,0,0,0
62,Saratoga County (South & Central) PUMA,1687,722,965,1687,722,965,0,0,0,248,0,248,248,0,248,0,0,0,1439,722,717,1439,722,717,0,0,0,0,0,0,0,0,0,0,0,0
63,Cattaraugus & Allegany Counties PUMA,573,272,301,573,272,301,0,0,0,19,0,19,19,0,19,0,0,0,369,147,222,369,147,222,0,0,0,185,125,60,185,125,60,0,0,0
64,Genesee & Orleans Counties PUMA,642,407,235,235,0,235,407,407,0,181,0,181,181,0,181,0,0,0,54,0,54,54,0,54,0,0,0,407,407,0,0,0,0,407,407,0
65,Cayuga & Onondaga (South) Counties PUMA,641,246,395,542,147,395,99,99,0,241,0,241,241,0,241,0,0,0,274,147,127,274,147,127,0,0,0,126,99,27,27,0,27,99,99,0
66,Sullivan & Ulster (West) Counties PUMA,2501,1356,1145,2450,1356,1094,51,0,51,582,265,317,582,265,317,0,0,0,1817,989,828,1766,989,777,51,0,51,102,102,0,102,102,0,0,0,0
67,"NYC-Bronx Community District 7--Bedford Park, Fordham North & Norwood PUMA",12409,5544,6865,10579,5036,5543,1830,508,1322,2092,453,1639,2092,453,1639,0,0,0,8413,4433,3980,7536,4063,3473,877,370,507,1904,658,1246,951,520,431,953,138,815
68,Suffolk County (Central)--Brookhaven Town (West Central) PUMA,3792,2474,1318,3784,2466,1318,8,8,0,1884,1128,756,1884,1128,756,0,0,0,1697,1135,562,1697,1135,562,0,0,0,211,211,0,203,203,0,8,8,0
69,NYC-Queens Community District 1--Astoria & Long Island City PUMA,9218,5337,3881,8745,4864,3881,473,473,0,4466,2046,2420,4375,1955,2420,91,91,0,4521,3060,1461,4139,2678,1461,382,382,0,231,231,0,231,231,0,0,0,0
70,Jefferson & Lewis Counties PUMA,2710,1972,738,2669,1931,738,41,41,0,766,431,335,766,431,335,0,0,0,1944,1541,403,1903,1500,403,41,41,0,0,0,0,0,0,0,0,0,0
71,Nassau County (West Central)--Hempstead Town (Northwest) PUMA,3626,2541,1085,3419,2334,1085,207,207,0,1965,1343,622,1965,1343,622,0,0,0,1222,867,355,1015,660,355,207,207,0,439,331,108,439,331,108,0,0,0
72,Nassau County (Central)--Hempstead Town (North Central)--Meadowbrook Corridor PUMA,3023,1527,1496,2920,1424,1496,103,103,0,1173,585,588,1173,585,588,0,0,0,1595,687,908,1492,584,908,103,103,0,255,255,0,255,255,0,0,0,0
73,Orange County (Northeast)--Greater Newburgh City PUMA,6998,3988,3010,6858,3848,3010,140,140,0,1544,949,595,1544,949,595,0,0,0,5054,2824,2230,4914,2684,2230,140,140,0,400,215,185,400,215,185,0,0,0
74,"NYC-Bronx Community District 11--Pelham Parkway, Morris Park & Laconia PUMA",17358,9885,7473,16536,9586,6950,822,299,523,3847,1327,2520,3662,1327,2335,185,0,185,11748,7384,4364,11281,7255,4026,467,129,338,1763,1174,589,1593,1004,589,170,170,0
75,"NYC-Queens Community District 12--Jamaica, Hollis & St. Albans PUMA",5325,2604,2721,5041,2493,2548,284,111,173,838,434,404,838,434,404,0,0,0,3838,1855,1983,3727,1744,1983,111,111,0,649,315,334,476,315,161,173,0,173
76,Erie County (Central) PUMA,1291,934,357,1232,875,357,59,59,0,450,312,138,450,312,138,0,0,0,411,290,121,352,231,121,59,59,0,430,332,98,430,332,98,0,0,0
77,"NYC-Staten Island Community District 1--Port Richmond, Stapleton & Mariner's Harbor PUMA",11427,6086,5341,10384,5043,5341,1043,1043,0,2404,1252,1152,2327,1175,1152,77,77,0,7874,3989,3885,7389,3504,3885,485,485,0,1149,845,304,668,364,304,481,481,0
78,"NYC-Brooklyn Community District 15--Sheepshead Bay, Gerritsen Beach & Homecrest PUMA",2526,1254,1272,2328,1056,1272,198,198,0,870,422,448,870,422,448,0,0,0,1386,676,710,1286,576,710,100,100,0,270,156,114,172,58,114,98,98,0
79,"NYC-Bronx Community District 8--Riverdale, Fieldston & Kingsbridge PUMA",12561,6872,5689,10787,5341,5446,1774,1531,243,4999,2348,2651,4186,1535,2651,813,813,0,5795,3161,2634,5158,2621,2537,637,540,97,1767,1363,404,1443,1185,258,324,178,146
80,NYC-Brooklyn Community District 5--East New York & Starrett City PUMA,10237,5255,4982,9723,4741,4982,514,514,0,3121,1237,1884,3121,1237,1884,0,0,0,6299,3356,2943,5785,2842,2943,514,514,0,817,662,155,817,662,155,0,0,0
81,Onondaga County (Central)--Syracuse City (Outer) PUMA,1374,735,639,1374,735,639,0,0,0,237,124,113,237,124,113,0,0,0,559,435,124,559,435,124,0,0,0,578,176,402,578,176,402,0,0,0
82,"NYC-Manhattan Community District 6--Murray Hill, Gramercy & Stuyvesant Town PUMA",3184,1574,1610,3184,1574,1610,0,0,0,2782,1172,1610,2782,1172,1610,0,0,0,180,180,0,180,180,0,0,0,0,222,222,0,222,222,0,0,0,0
83,"Chenango, Delaware & Broome (East) Counties PUMA",999,485,514,999,485,514,0,0,0,70,0,70,70,0,70,0,0,0,929,485,444,929,485,444,0,0,0,0,0,0,0,0,0,0,0,0
84,Orange County (Northwest) PUMA,5910,3642,2268,5831,3563,2268,79,79,0,829,253,576,829,253,576,0,0,0,4941,3249,1692,4862,3170,1692,79,79,0,140,140,0,140,140,0,0,0,0
85,NYC-Brooklyn Community District 7--Sunset Park & Windsor Terrace PUMA,7186,3906,3280,6555,3424,3131,631,482,149,2340,940,1400,2176,850,1326,164,90,74,4102,2700,1402,3635,2308,1327,467,392,75,744,266,478,744,266,478,0,0,0
86,Nassau County (Northeast)--Oyster Bay Town (North) & Glen Cove City PUMA,1232,627,605,1232,627,605,0,0,0,511,279,232,511,279,232,0,0,0,533,240,293,533,240,293,0,0,0,188,108,80,188,108,80,0,0,0
87,Dutchess County (North & East) PUMA,2194,1025,1169,2036,943,1093,158,82,76,904,444,460,904,444,460,0,0,0,1139,506,633,1057,424,633,82,82,0,151,75,76,75,75,0,76,0,76
88,Putnam County PUMA,2914,1705,1209,2761,1583,1178,153,122,31,1206,744,462,1206,744,462,0,0,0,1216,839,377,1185,839,346,31,0,31,492,122,370,370,0,370,122,122,0
89,Albany County (Outside Albany City) PUMA,2452,1615,837,2452,1615,837,0,0,0,434,101,333,434,101,333,0,0,0,1821,1317,504,1821,1317,504,0,0,0,197,197,0,197,197,0,0,0,0
90,"NYC-Bronx Community District 10--Co-op City, Pelham Bay & Schuylerville PUMA",16189,8548,7641,14942,7717,7225,1247,831,416,5500,2213,3287,5500,2213,3287,0,0,0,9863,5723,4140,8677,4953,3724,1186,770,416,826,612,214,765,551,214,61,61,0
91,NYC-Queens Community District 4--Elmhurst & South Corona PUMA,5878,3517,2361,5831,3470,2361,47,47,0,912,538,374,865,491,374,47,47,0,4188,2532,1656,4188,2532,1656,0,0,0,778,447,331,778,447,331,0,0,0
92,"NYC-Brooklyn Community District 12--Borough Park, Kensington & Ocean Parkway PUMA",1851,835,1016,1787,835,952,64,0,64,840,232,608,840,232,608,0,0,0,778,464,314,714,464,250,64,0,64,233,139,94,233,139,94,0,0,0
93,Nassau County (Southeast)--Oyster Bay Town (South) PUMA,3665,1536,2129,3527,1398,2129,138,138,0,1635,772,863,1635,772,863,0,0,0,1933,764,1169,1795,626,1169,138,138,0,97,0,97,97,0,97,0,0,0
94,Suffolk County (Northwest)--Huntington Town (South) PUMA,1249,679,570,1249,679,570,0,0,0,514,162,352,514,162,352,0,0,0,735,517,218,735,517,218,0,0,0,0,0,0,0,0,0,0,0,0
95,Oswego County PUMA,735,441,294,626,332,294,109,109,0,0,0,0,0,0,0,0,0,0,652,358,294,543,249,294,109,109,0,83,83,0,83,83,0,0,0,0
96,Rensselaer County--Troy City PUMA,2725,1020,1705,2581,969,1612,144,51,93,313,273,40,262,222,40,51,51,0,2412,747,1665,2319,747,1572,93,0,93,0,0,0,0,0,0,0,0,0
97,Saratoga County (Outer) PUMA,1059,1059,0,1059,1059,0,0,0,0,560,560,0,560,560,0,0,0,0,499,499,0,499,499,0,0,0,0,0,0,0,0,0,0,0,0,0
98,Herkimer (North & Central) & Oneida (Outer) Counties PUMA,153,153,0,153,153,0,0,0,0,0,0,0,0,0,0,0,0,0,153,153,0,153,153,0,0,0,0,0,0,0,0,0,0,0,0,0
99,Monroe County (East) PUMA,2245,757,1488,2048,757,1291,197,0,197,943,421,522,943,421,522,0,0,0,1222,336,886,1025,336,689,197,0,197,80,0,80,80,0,80,0,0,0
100,"NYC-Queens Community District 13--Queens Village, Cambria Heights & Rosedale PUMA",3600,1813,1787,3536,1813,1723,64,0,64,827,183,644,827,183,644,0,0,0,2773,1630,1143,2709,1630,1079,64,0,64,0,0,0,0,0,0,0,0,0
101,Erie County (South) PUMA,739,319,420,739,319,420,0,0,0,345,156,189,345,156,189,0,0,0,394,163,231,394,163,231,0,0,0,0,0,0,0,0,0,0,0,0
102,Monroe County (Central)--Greece & Gates Towns PUMA,1656,660,996,1593,660,933,63,0,63,175,0,175,175,0,175,0,0,0,1152,596,556,1089,596,493,63,0,63,329,64,265,329,64,265,0,0,0
103,NYC-Manhattan Community District 7--Upper West Side & West Side PUMA,8345,4231,4114,7379,3642,3737,966,589,377,2861,1172,1689,2323,1011,1312,538,161,377,4597,2631,1966,4597,2631,1966,0,0,0,887,428,459,459,0,459,428,428,0
104,NYC-Manhattan Community District 11--East Harlem PUMA,12431,6400,6031,11930,6028,5902,501,372,129,3933,1220,2713,3800,1087,2713,133,133,0,6352,3163,3189,6113,2924,3189,239,239,0,2146,2017,129,2017,2017,0,129,0,129
105,"NYC-Queens Community District 7--Flushing, Murray Hill & Whitestone PUMA",7806,4256,3550,7397,3847,3550,409,409,0,2336,703,1633,2336,703,1633,0,0,0,4619,3102,1517,4303,2786,1517,316,316,0,851,451,400,758,358,400,93,93,0
106,NYC-Brooklyn Community District 1--Greenpoint & Williamsburg PUMA,8301,4614,3687,8257,4614,3643,44,0,44,5121,2982,2139,5077,2982,2095,44,0,44,2141,961,1180,2141,961,1180,0,0,0,1039,671,368,1039,671,368,0,0,0
107,Onondaga County (North) PUMA,890,293,597,797,293,504,93,0,93,495,134,361,495,134,361,0,0,0,395,159,236,302,159,143,93,0,93,0,0,0,0,0,0,0,0,0
108,NYC-Brooklyn Community District 14--Flatbush & Midwood PUMA,3869,2364,1505,3747,2242,1505,122,122,0,1255,524,731,1255,524,731,0,0,0,2023,1338,685,1901,1216,685,122,122,0,591,502,89,591,502,89,0,0,0
109,"Rockland County (South)--Orangetown, Clarkstown (South) & Ramapo (Southeast) Towns PUMA",2828,1813,1015,2791,1813,978,37,0,37,1566,748,818,1529,748,781,37,0,37,1262,1065,197,1262,1065,197,0,0,0,0,0,0,0,0,0,0,0,0
110,NYC-Brooklyn Community District 13--Brighton Beach & Coney Island PUMA,3425,1579,1846,2850,1579,1271,575,0,575,928,633,295,928,633,295,0,0,0,1492,946,546,1278,946,332,214,0,214,1005,0,1005,644,0,644,361,0,361
111,"NYC-Bronx Community District 4--Concourse, Highbridge & Mount Eden PUMA",11054,6690,4364,9667,5670,3997,1387,1020,367,2977,867,2110,2977,867,2110,0,0,0,5790,4003,1787,4867,3447,1420,923,556,367,2287,1820,467,1823,1356,467,464,464,0
112,Erie County (Northeast) PUMA,562,477,85,435,350,85,127,127,0,172,87,85,172,87,85,0,0,0,343,343,0,216,216,0,127,127,0,47,47,0,47,47,0,0,0,0
113,NYC-Brooklyn Community District 8--Crown Heights North & Prospect Heights PUMA,4283,1897,2386,4283,1897,2386,0,0,0,2710,985,1725,2710,985,1725,0,0,0,865,396,469,865,396,469,0,0,0,708,516,192,708,516,192,0,0,0
114,NYC-Queens Community District 3--Jackson Heights & North Corona PUMA,9156,5005,4151,7900,4217,3683,1256,788,468,2749,1072,1677,2253,783,1470,496,289,207,5591,3213,2378,5000,2883,2117,591,330,261,816,720,96,647,551,96,169,169,0
115,Fulton & Montgomery Counties PUMA,2869,1824,1045,2681,1824,857,188,0,188,297,211,86,297,211,86,0,0,0,2411,1613,798,2223,1613,610,188,0,188,161,0,161,161,0,161,0,0,0
116,Niagara County (Southwest)--Greater Niagara Falls & North Tonawanda Area PUMA,1288,622,666,1288,622,666,0,0,0,145,0,145,145,0,145,0,0,0,1143,622,521,1143,622,521,0,0,0,0,0,0,0,0,0,0,0,0
117,"Steuben (North & West), Schuyler & Chemung (North) Counties PUMA",330,116,214,330,116,214,0,0,0,0,0,0,0,0,0,0,0,0,264,116,148,264,116,148,0,0,0,66,0,66,66,0,66,0,0,0
118,NYC-Brooklyn Community District 4--Bushwick PUMA,11117,5949,5168,11021,5853,5168,96,96,0,3849,1848,2001,3849,1848,2001,0,0,0,5808,3416,2392,5712,3320,2392,96,96,0,1460,685,775,1460,685,775,0,0,0
119,"NYC-Manhattan Community District 4 & 5--Chelsea, Clinton & Midtown Business District PUMA",6889,3660,3229,5630,3239,2391,1259,421,838,4233,2384,1849,4028,2384,1644,205,0,205,2176,984,1192,1414,855,559,762,129,633,480,292,188,188,0,188,292,292,0
120,"NYC-Brooklyn Community District 6--Park Slope, Carroll Gardens & Red Hook PUMA",5242,2324,2918,4753,2155,2598,489,169,320,3829,1373,2456,3446,1269,2177,383,104,279,1239,951,288,1174,886,288,65,65,0,174,0,174,133,0,133,41,0,41
121,NYC-Brooklyn Community District 3--Bedford-Stuyvesant PUMA,5855,2716,3139,5050,2254,2796,805,462,343,2245,930,1315,2133,818,1315,112,112,0,3010,1529,1481,2660,1179,1481,350,350,0,600,257,343,257,257,0,343,0,343
122,NYC-Queens Community District 10--Howard Beach & Ozone Park PUMA,7512,4222,3290,7055,4222,2833,457,0,457,2027,703,1324,1880,703,1177,147,0,147,5023,3214,1809,4713,3214,1499,310,0,310,462,305,157,462,305,157,0,0,0
123,Suffolk County (Northwest)--Huntington Town (North) PUMA,4065,2596,1469,4065,2596,1469,0,0,0,1797,943,854,1797,943,854,0,0,0,1362,747,615,1362,747,615,0,0,0,906,906,0,906,906,0,0,0,0
124,Orange County (Southeast) PUMA,3665,2313,1352,3554,2202,1352,111,111,0,593,313,280,593,313,280,0,0,0,2508,1592,916,2397,1481,916,111,111,0,564,408,156,564,408,156,0,0,0
125,Nassau County (East Central)--Oyster Bay Town (Central) PUMA,1201,652,549,1201,652,549,0,0,0,899,596,303,899,596,303,0,0,0,221,56,165,221,56,165,0,0,0,81,0,81,81,0,81,0,0,0
126,Suffolk County (Northwest)--Smithtown Town PUMA,1498,704,794,1392,598,794,106,106,0,776,254,522,776,254,522,0,0,0,655,450,205,549,344,205,106,106,0,67,0,67,67,0,67,0,0,0
127,"NYC-Brooklyn Community District 17--East Flatbush, Farragut & Rugby PUMA",964,255,709,964,255,709,0,0,0,407,67,340,407,67,340,0,0,0,343,138,205,343,138,205,0,0,0,214,50,164,214,50,164,0,0,0
128,"NYC-Bronx Community District 9--Castle Hill, Clason Point & Parkchester PUMA",21569,9457,12112,20235,8584,11651,1334,873,461,4950,1858,3092,4750,1858,2892,200,0,200,13942,5970,7972,12808,5097,7711,1134,873,261,2677,1629,1048,2677,1629,1048,0,0,0
129,NYC-Queens Community District 9--Richmond Hill & Woodhaven PUMA,8336,4662,3674,7906,4451,3455,430,211,219,2469,1071,1398,2418,1071,1347,51,0,51,5434,3508,1926,5138,3380,1758,296,128,168,433,83,350,350,0,350,83,83,0
130,Westchester County (Southwest)--Yonkers City PUMA,14124,6455,7669,13600,6007,7593,524,448,76,5043,1799,3244,4967,1799,3168,76,0,76,7158,3248,3910,7035,3125,3910,123,123,0,1923,1408,515,1598,1083,515,325,325,0
131,Broome (Outer West) & Tioga Counties PUMA,458,131,327,458,131,327,0,0,0,365,38,327,365,38,327,0,0,0,93,93,0,93,93,0,0,0,0,0,0,0,0,0,0,0,0,0
132,NYC-Brooklyn Community District 10--Bay Ridge & Dyker Heights PUMA,5457,2618,2839,5277,2438,2839,180,180,0,2843,1332,1511,2843,1332,1511,0,0,0,2005,826,1179,1825,646,1179,180,180,0,609,460,149,609,460,149,0,0,0
133,"NYC-Queens Community District 5--Ridgewood, Glendale & Middle Village PUMA",15047,8534,6513,14142,7892,6250,905,642,263,3751,1418,2333,3556,1273,2283,195,145,50,9394,5520,3874,8684,5023,3661,710,497,213,1902,1596,306,1902,1596,306,0,0,0
134,NYC-Manhattan Community District 10--Central Harlem PUMA,7829,3372,4457,7069,2730,4339,760,642,118,3210,845,2365,3051,774,2277,159,71,88,3837,2178,1659,3251,1622,1629,586,556,30,782,349,433,767,334,433,15,15,0
135,"NYC-Queens Community District 11--Bayside, Douglaston & Little Neck PUMA",3553,1806,1747,3553,1806,1747,0,0,0,1510,738,772,1510,738,772,0,0,0,2043,1068,975,2043,1068,975,0,0,0,0,0,0,0,0,0,0,0,0
136,Erie County (Northwest) PUMA,745,376,369,653,284,369,92,92,0,365,102,263,365,102,263,0,0,0,380,274,106,288,182,106,92,92,0,0,0,0,0,0,0,0,0,0
137,NYC-Queens Community District 2--Sunnyside & Woodside PUMA,4196,2298,1898,4077,2298,1779,119,0,119,1157,351,806,1157,351,806,0,0,0,2455,1406,1049,2336,1406,930,119,0,119,584,541,43,584,541,43,0,0,0
138,Suffolk County (Southwest)--Babylon Town (Southeast) PUMA,2584,1226,1358,2313,1226,1087,271,0,271,1232,343,889,961,343,618,271,0,271,1246,883,363,1246,883,363,0,0,0,106,0,106,106,0,106,0,0,0
139,"NYC-Staten Island Community District 3--Tottenville, Great Kills & Annadale PUMA",5058,2585,2473,4668,2195,2473,390,390,0,1770,659,1111,1704,593,1111,66,66,0,3288,1926,1362,2964,1602,1362,324,324,0,0,0,0,0,0,0,0,0,0
140,Nassau County (West Central)--Hempstead Town (West Central) PUMA,5363,3231,2132,5284,3152,2132,79,79,0,1831,576,1255,1831,576,1255,0,0,0,3382,2505,877,3303,2426,877,79,79,0,150,150,0,150,150,0,0,0,0
141,Nassau County (Central)--Hempstead Town (Northeast) PUMA,3711,2122,1589,3711,2122,1589,0,0,0,1066,319,747,1066,319,747,0,0,0,2584,1742,842,2584,1742,842,0,0,0,61,61,0,61,61,0,0,0,0
142,Nassau County (Southwest)--Hempstead Town (Southwest) & Long Beach City PUMA,1971,1971,0,1971,1971,0,0,0,0,1288,1288,0,1288,1288,0,0,0,0,618,618,0,618,618,0,0,0,0,65,65,0,65,65,0,0,0,0
143,NYC-Brooklyn Community District 11--Bensonhurst & Bath Beach PUMA,4704,2566,2138,4352,2293,2059,352,273,79,1556,617,939,1508,569,939,48,48,0,2875,1676,1199,2571,1451,1120,304,225,79,273,273,0,273,273,0,0,0,0
144,Nassau County (South Central)--Hempstead Town (Southeast) PUMA,2775,1278,1497,2775,1278,1497,0,0,0,1294,392,902,1294,392,902,0,0,0,1196,601,595,1196,601,595,0,0,0,285,285,0,285,285,0,0,0,0
145,Nassau County (West Central)--North Hempstead Town (South) PUMA,3495,2153,1342,3495,2153,1342,0,0,0,1546,846,700,1546,846,700,0,0,0,1759,1307,452,1759,1307,452,0,0,0,190,0,190,190,0,190,0,0,0
146,Capital Region,13435,6529,6906,12458,6390,6068,977,139,838,3168,1595,1573,3117,1544,1573,51,51,0,10003,4719,5284,9077,4631,4446,926,88,838,264,215,49,264,215,49,0,0,0
147,Central NY,6274,3393,2881,5833,3045,2788,441,348,93,1844,812,1032,1844,812,1032,0,0,0,3643,2223,1420,3301,1974,1327,342,249,93,787,358,429,688,259,429,99,99,0
148,Finger Lakes,20389,10315,10074,18742,9369,9373,1647,946,701,4224,2108,2116,4138,2022,2116,86,86,0,12988,5810,7178,12000,5523,6477,988,287,701,3177,2397,780,2604,1824,780,573,573,0
149,Long Island,87810,49640,38170,83969,46958,37011,3841,2682,1159,34993,15506,19487,34496,15280,19216,497,226,271,46496,29726,16770,43280,27347,15933,3216,2379,837,6321,4408,1913,6193,4331,1862,128,77,51
150,Mid-Hudson,83049,46273,36776,80955,44961,35994,2094,1312,782,28698,13237,15461,28408,13237,15171,290,0,290,48870,29163,19707,47589,28298,19291,1281,865,416,5481,3873,1608,4958,3426,1532,523,447,76
151,Mohawk Valley,7660,4578,3082,6943,4176,2767,717,402,315,1550,302,1248,1423,302,1121,127,0,127,5412,3809,1603,4853,3438,1415,559,371,188,698,467,231,667,436,231,31,31,0
152,New York City,435101,221869,213232,403315,202621,200694,31786,19248,12538,145550,60535,85015,139565,57248,82317,5985,3287,2698,244633,133296,111337,224848,120617,104231,19785,12679,7106,44918,28038,16880,38902,24756,14146,6016,3282,2734
153,North Country,3785,2472,1313,3707,2394,1313,78,78,0,1065,554,511,1065,554,511,0,0,0,2720,1918,802,2642,1840,802,78,78,0,0,0,0,0,0,0,0,0,0
154,Southern Tier,6156,2214,3942,6156,2214,3942,0,0,0,2006,108,1898,2006,108,1898,0,0,0,4019,2041,1978,4019,2041,1978,0,0,0,131,65,66,131,65,66,0,0,0
155,Western NY,19553,9299,10254,18195,8581,9614,1358,718,640,4176,1578,2598,3957,1578,2379,219,0,219,13246,6735,6511,12251,6161,6090,995,574,421,2131,986,1145,1987,842,1145,144,144,0
