,puma,Total_geo,Total_geo_m,Total_geo_f,Total_FT_mf_t,Total_FT_m,Total_FT_f,Total_PT_mf_t,Total_PT_m,Total_PT_f,Total_BABS,Total_BABS_m,Total_BABS_f,BABS_FT_mf_t,BABS_FT_m,BABS_FT_f,BABS_PT_mf_t,BABS_PT_m,BABS_PT_f,Total_HS,Total_HS_m,Total_HS_f,HS_FT_mf_t,HS_FT_m,HS_FT_f,HS_PT_mf_t,HS_PT_m,HS_PT_f,Total_HSINC,Total_HSINC_m,Total_HSINC_f,HSINC_FT_mf_t,HSINC_FT_m,HSINC_FT_f,HSINC_PT_mf_t,HSINC_PT_m,HSINC_PT_f
0,Total Geo,5714961,2905969,2808992,4776041,2592037,2184004,938920,313932,624988,2581729,1213530,1368199,2245090,1111737,1133353,336639,101793,234846,2889870,1543441,1346429,2352612,1358124,994488,537258,185317,351941,243362,148998,94364,178339,122176,56163,65023,26822,38201
1,NYC-Manhattan Community District 7--Upper West Side & West Side PUMA,69349,33442,35907,55379,27758,27621,13970,5684,8286,59925,27049,32876,49032,23620,25412,10893,3429,7464,8725,6215,2510,5648,3960,1688,3077,2255,822,699,178,521,699,178,521,0,0,0
2,Nassau County (West Central)--Hempstead Town (Northwest) PUMA,37082,19529,17553,31793,18384,13409,5289,1145,4144,19475,9639,9836,17461,9354,8107,2014,285,1729,15949,8815,7134,12998,8066,4932,2951,749,2202,1658,1075,583,1334,964,370,324,111,213
3,NYC-Brooklyn Community District 2--Brooklyn Heights & Fort Greene PUMA,51291,25331,25960,45673,23694,21979,5618,1637,3981,40452,19287,21165,36520,18385,18135,3932,902,3030,9349,5446,3903,7802,4778,3024,1547,668,879,1490,598,892,1351,531,820,139,67,72
4,Madison & Cortland Counties PUMA,44697,23768,20929,37396,21672,15724,7301,2096,5205,14110,6500,7610,11865,5931,5934,2245,569,1676,29384,16431,12953,24342,14918,9424,5042,1513,3529,1203,837,366,1189,823,366,14,14,0
5,Ontario & Yates Counties PUMA,53982,28420,25562,44492,25907,18585,9490,2513,6977,20336,9466,10870,17770,9180,8590,2566,286,2280,30128,16373,13755,23501,14207,9294,6627,2166,4461,3518,2581,937,3221,2520,701,297,61,236
6,Monroe County (Central)--Greece & Gates Towns PUMA,52761,26615,26146,43649,23734,19915,9112,2881,6231,17225,7546,9679,14629,6756,7873,2596,790,1806,34128,18022,16106,27788,15988,11800,6340,2034,4306,1408,1047,361,1232,990,242,176,57,119
7,Nassau County (East Central)--Oyster Bay Town (Central) PUMA,28960,14312,14648,24393,13571,10822,4567,741,3826,16452,7729,8723,13990,7545,6445,2462,184,2278,11557,6018,5539,9452,5461,3991,2105,557,1548,951,565,386,951,565,386,0,0,0
8,"Clinton, Franklin, Essex & Hamilton Counties PUMA",60866,31338,29528,49361,27230,22131,11505,4108,7397,13786,6081,7705,11822,5419,6403,1964,662,1302,43542,22654,20888,35079,19792,15287,8463,2862,5601,3538,2603,935,2460,2019,441,1078,584,494
9,NYC-Manhattan Community District 8--Upper East Side PUMA,79676,36678,42998,69577,34174,35403,10099,2504,7595,66033,29975,36058,58901,28479,30422,7132,1496,5636,13643,6703,6940,10676,5695,4981,2967,1008,1959,0,0,0,0,0,0,0,0,0
10,Suffolk County (Southwest)--Islip Town (South) PUMA,39873,21147,18726,32650,18514,14136,7223,2633,4590,17764,8473,9291,15899,8068,7831,1865,405,1460,21092,12001,9091,16218,9913,6305,4874,2088,2786,1017,673,344,533,533,0,484,140,344
11,Erie County (Northwest) PUMA,43350,20610,22740,36359,19054,17305,6991,1556,5435,17553,8052,9501,15408,7738,7670,2145,314,1831,24404,11610,12794,19916,10525,9391,4488,1085,3403,1393,948,445,1035,791,244,358,157,201
12,"NYC-Queens Community District 8--Briarwood, Fresh Meadows & Hillcrest PUMA",22476,10096,12380,19702,9605,10097,2774,491,2283,12890,5993,6897,11701,5937,5764,1189,56,1133,8666,3809,4857,7178,3374,3804,1488,435,1053,920,294,626,823,294,529,97,0,97
13,NYC-Brooklyn Community District 5--East New York & Starrett City PUMA,24577,11279,13298,20535,9032,11503,4042,2247,1795,5955,2671,3284,4863,2085,2778,1092,586,506,16024,8012,8012,13288,6388,6900,2736,1624,1112,2598,596,2002,2384,559,1825,214,37,177
14,Rockland County (North)--New City & Congers PUMA,30807,14959,15848,25827,13105,12722,4980,1854,3126,15457,7562,7895,13543,6874,6669,1914,688,1226,13619,6501,7118,10897,5556,5341,2722,945,1777,1731,896,835,1387,675,712,344,221,123
15,"Otsego, Schoharie, Oneida (South) & Herkimer (South) Counties PUMA",43967,22831,21136,36635,20562,16073,7332,2269,5063,11069,4460,6609,9873,4138,5735,1196,322,874,30451,16933,13518,24955,15282,9673,5496,1651,3845,2447,1438,1009,1807,1142,665,640,296,344
16,NYC-Brooklyn Community District 7--Sunset Park & Windsor Terrace PUMA,21413,10926,10487,16702,8503,8199,4711,2423,2288,14470,6526,7944,11793,5150,6643,2677,1376,1301,5183,3322,1861,3707,2452,1255,1476,870,606,1760,1078,682,1202,901,301,558,177,381
17,NYC-Brooklyn Community District 11--Bensonhurst & Bath Beach PUMA,21187,10213,10974,17016,8227,8789,4171,1986,2185,9121,3270,5851,7217,2463,4754,1904,807,1097,11189,6421,4768,9348,5487,3861,1841,934,907,877,522,355,451,277,174,426,245,181
18,Tompkins County PUMA,34089,17024,17065,28504,14196,14308,5585,2828,2757,19701,10272,9429,16347,8662,7685,3354,1610,1744,13488,5903,7585,11308,4685,6623,2180,1218,962,900,849,51,849,849,0,51,0,51
19,Dutchess County (Southwest) PUMA,57206,30116,27090,47796,27334,20462,9410,2782,6628,20478,8810,11668,17466,8249,9217,3012,561,2451,33723,19636,14087,27856,17658,10198,5867,1978,3889,3005,1670,1335,2474,1427,1047,531,243,288
20,NYC-Queens Community District 9--Richmond Hill & Woodhaven PUMA,24139,12832,11307,19869,10769,9100,4270,2063,2207,10026,4579,5447,8172,3851,4321,1854,728,1126,13152,7451,5701,10736,6116,4620,2416,1335,1081,961,802,159,961,802,159,0,0,0
21,Westchester County (Northwest) PUMA,43227,22728,20499,37188,20410,16778,6039,2318,3721,25653,12830,12823,22993,11930,11063,2660,900,1760,16395,9052,7343,13102,7720,5382,3293,1332,1961,1179,846,333,1093,760,333,86,86,0
22,Albany County (Outside Albany City) PUMA,78497,39607,38890,67446,36122,31324,11051,3485,7566,33173,16794,16379,28953,15418,13535,4220,1376,2844,42504,20407,22097,36110,18577,17533,6394,1830,4564,2820,2406,414,2383,2127,256,437,279,158
23,Monroe County (South) PUMA,63399,32759,30640,53377,30194,23183,10022,2565,7457,37637,18649,18988,32601,17377,15224,5036,1272,3764,24349,13141,11208,19723,11990,7733,4626,1151,3475,1413,969,444,1053,827,226,360,142,218
24,Jefferson & Lewis Counties PUMA,51691,28168,23523,42839,25698,17141,8852,2470,6382,11790,5334,6456,10644,4982,5662,1146,352,794,36094,20043,16051,29292,18235,11057,6802,1808,4994,3807,2791,1016,2903,2481,422,904,310,594
25,"Chenango, Delaware & Broome (East) Counties PUMA",39274,19920,19354,30795,17090,13705,8479,2830,5649,8970,3513,5457,7172,3042,4130,1798,471,1327,28432,15260,13172,22372,13162,9210,6060,2098,3962,1872,1147,725,1251,886,365,621,261,360
26,Erie County (Central) PUMA,63498,30941,32557,52753,28000,24753,10745,2941,7804,17853,7442,10411,15259,6878,8381,2594,564,2030,44309,22621,21688,36523,20517,16006,7786,2104,5682,1336,878,458,971,605,366,365,273,92
27,St. Lawrence County PUMA,38053,19607,18446,30704,17013,13691,7349,2594,4755,10729,5610,5119,9748,5409,4339,981,201,780,25334,12464,12870,19400,10268,9132,5934,2196,3738,1990,1533,457,1556,1336,220,434,197,237
28,"NYC-Manhattan Community District 9--Hamilton Heights, Manhattanville & West Harlem PUMA",27698,13265,14433,21018,10493,10525,6680,2772,3908,21316,10429,10887,15787,8055,7732,5529,2374,3155,5512,2149,3363,4792,1999,2793,720,150,570,870,687,183,439,439,0,431,248,183
29,Suffolk County (North Central)--Brookhaven Town (North) PUMA,38630,20726,17904,31329,19404,11925,7301,1322,5979,19479,9806,9673,16830,9199,7631,2649,607,2042,18550,10416,8134,13898,9701,4197,4652,715,3937,601,504,97,601,504,97,0,0,0
30,NYC-Brooklyn Community District 1--Greenpoint & Williamsburg PUMA,52930,29394,23536,44830,26412,18418,8100,2982,5118,35655,18919,16736,32071,17475,14596,3584,1444,2140,15150,8931,6219,11320,7867,3453,3830,1064,2766,2125,1544,581,1439,1070,369,686,474,212
31,Cayuga & Onondaga (South) Counties PUMA,46604,24009,22595,38900,22088,16812,7704,1921,5783,14963,6253,8710,12880,5787,7093,2083,466,1617,29483,16404,13079,24474,15057,9417,5009,1347,3662,2158,1352,806,1546,1244,302,612,108,504
32,Nassau County (Southeast)--Oyster Bay Town (South) PUMA,42150,22714,19436,33472,20609,12863,8678,2105,6573,20674,9566,11108,17317,9051,8266,3357,515,2842,21273,13041,8232,16059,11558,4501,5214,1483,3731,203,107,96,96,0,96,107,107,0
33,Fulton & Montgomery Counties PUMA,40089,20538,19551,33160,18172,14988,6929,2366,4563,7997,3228,4769,7063,2951,4112,934,277,657,28235,15172,13063,22944,13342,9602,5291,1830,3461,3857,2138,1719,3153,1879,1274,704,259,445
34,Onondaga County (Central)--Syracuse City (Outer) PUMA,66541,33516,33025,55802,30500,25302,10739,3016,7723,30122,15066,15056,25610,14059,11551,4512,1007,3505,35170,17780,17390,29173,15904,13269,5997,1876,4121,1249,670,579,1019,537,482,230,133,97
35,NYC-Staten Island Community District 2--New Springville & South Beach PUMA,33830,17388,16442,27280,14509,12771,6550,2879,3671,12743,5549,7194,10496,4878,5618,2247,671,1576,19906,11000,8906,15940,9072,6868,3966,1928,2038,1181,839,342,844,559,285,337,280,57
36,Niagara County (Southwest)--Greater Niagara Falls & North Tonawanda Area PUMA,39552,19447,20105,32362,17002,15360,7190,2445,4745,7644,3091,4553,6239,2804,3435,1405,287,1118,29499,14912,14587,24774,13409,11365,4725,1503,3222,2409,1444,965,1349,789,560,1060,655,405
37,Suffolk County (Central)--Brookhaven Town (Central) PUMA,42353,23813,18540,35369,21799,13570,6984,2014,4970,16669,8529,8140,13261,7222,6039,3408,1307,2101,24465,14281,10184,20979,13664,7315,3486,617,2869,1219,1003,216,1129,913,216,90,90,0
38,"NYC-Bronx Community District 7--Bedford Park, Fordham North & Norwood PUMA",16970,8227,8743,14209,7503,6706,2761,724,2037,4266,1567,2699,3789,1567,2222,477,0,477,10813,5377,5436,8721,4845,3876,2092,532,1560,1891,1283,608,1699,1091,608,192,192,0
39,NYC-Queens Community District 4--Elmhurst & South Corona PUMA,8588,4594,3994,7522,4036,3486,1066,558,508,3807,2020,1787,3574,1938,1636,233,82,151,3895,1999,1896,3144,1605,1539,751,394,357,886,575,311,804,493,311,82,82,0
40,"NYC-Brooklyn Community District 6--Park Slope, Carroll Gardens & Red Hook PUMA",53295,27389,25906,46332,24136,22196,6963,3253,3710,45704,22366,23338,40012,20155,19857,5692,2211,3481,6648,4419,2229,5377,3377,2000,1271,1042,229,943,604,339,943,604,339,0,0,0
41,Suffolk County (Central)--Islip Town (East) PUMA,40444,19396,21048,35491,17946,17545,4953,1450,3503,18359,8273,10086,15954,7361,8593,2405,912,1493,21497,10535,10962,19082,10130,8952,2415,405,2010,588,588,0,455,455,0,133,133,0
42,"NYC-Brooklyn Community District 9--Crown Heights South, Prospect Lefferts & Wingate PUMA",22178,10301,11877,18468,8626,9842,3710,1675,2035,10690,5155,5535,9804,4805,4999,886,350,536,10627,4667,5960,8096,3511,4585,2531,1156,1375,861,479,382,568,310,258,293,169,124
43,"NYC-Queens Community District 7--Flushing, Murray Hill & Whitestone PUMA",30164,16300,13864,25126,14449,10677,5038,1851,3187,14555,6807,7748,11580,5896,5684,2975,911,2064,15034,9138,5896,13195,8359,4836,1839,779,1060,575,355,220,351,194,157,224,161,63
44,NYC-Queens Community District 3--Jackson Heights & North Corona PUMA,17022,9493,7529,15294,9271,6023,1728,222,1506,8330,5254,3076,7637,5048,2589,693,206,487,7184,3232,3952,6149,3216,2933,1035,16,1019,1508,1007,501,1508,1007,501,0,0,0
45,Saratoga County (Outer) PUMA,50205,26451,23754,42263,24446,17817,7942,2005,5937,18266,8942,9324,16168,8348,7820,2098,594,1504,30961,16711,14250,25237,15300,9937,5724,1411,4313,978,798,180,858,798,60,120,0,120
46,"NYC-Bronx Community District 12--Wakefield, Williamsbridge & Woodlawn PUMA",21715,10048,11667,17224,7268,9956,4491,2780,1711,6423,2637,3786,5361,1788,3573,1062,849,213,13605,6481,7124,10258,4550,5708,3347,1931,1416,1687,930,757,1605,930,675,82,0,82
47,"NYC-Brooklyn Community District 15--Sheepshead Bay, Gerritsen Beach & Homecrest PUMA",17901,9664,8237,14941,8882,6059,2960,782,2178,8809,4012,4797,7455,3771,3684,1354,241,1113,8567,5390,3177,7216,4931,2285,1351,459,892,525,262,263,270,180,90,255,82,173
48,Wayne & Seneca Counties PUMA,49273,25698,23575,41352,22592,18760,7921,3106,4815,11531,5228,6303,9483,4386,5097,2048,842,1206,34714,18242,16472,29829,16620,13209,4885,1622,3263,3028,2228,800,2040,1586,454,988,642,346
49,Schenectady County--Schenectady City PUMA,53836,27742,26094,44411,23816,20595,9425,3926,5499,22181,10661,11520,19763,10372,9391,2418,289,2129,29185,15587,13598,23530,12617,10913,5655,2970,2685,2470,1494,976,1118,827,291,1352,667,685
50,NYC-Brooklyn Community District 10--Bay Ridge & Dyker Heights PUMA,27072,14568,12504,23936,13142,10794,3136,1426,1710,17453,8192,9261,16179,7816,8363,1274,376,898,8927,6113,2814,7223,5115,2108,1704,998,706,692,263,429,534,211,323,158,52,106
51,Nassau County (Northwest)--North Hempstead Town (North) PUMA,27951,15290,12661,24427,14578,9849,3524,712,2812,20546,10951,9595,17519,10568,6951,3027,383,2644,7056,4088,2968,6711,3827,2884,345,261,84,349,251,98,197,183,14,152,68,84
52,Suffolk County (West Central)--Babylon Town (Northwest) PUMA,34200,18565,15635,26829,14928,11901,7371,3637,3734,12711,5209,7502,10426,4310,6116,2285,899,1386,20183,12294,7889,15421,9636,5785,4762,2658,2104,1306,1062,244,982,982,0,324,80,244
53,"NYC-Manhattan Community District 4 & 5--Chelsea, Clinton & Midtown Business District PUMA",67787,39606,28181,60340,35537,24803,7447,4069,3378,58926,33871,25055,53798,31279,22519,5128,2592,2536,8303,5314,2989,6303,4156,2147,2000,1158,842,558,421,137,239,102,137,319,319,0
54,Columbia & Greene Counties PUMA,38808,20166,18642,31741,17804,13937,7067,2362,4705,13251,6199,7052,10988,5819,5169,2263,380,1883,23983,12980,11003,19896,11385,8511,4087,1595,2492,1574,987,587,857,600,257,717,387,330
55,Rensselaer County--Troy City PUMA,68659,35471,33188,58521,31623,26898,10138,3848,6290,23201,9922,13279,19679,8975,10704,3522,947,2575,42297,23062,19235,36409,20508,15901,5888,2554,3334,3161,2487,674,2433,2140,293,728,347,381
56,Erie County (West Central)--Buffalo City (West) PUMA,36426,19419,17007,31186,17133,14053,5240,2286,2954,19087,9474,9613,16642,8573,8069,2445,901,1544,16164,9196,6968,13474,7820,5654,2690,1376,1314,1175,749,426,1070,740,330,105,9,96
57,Erie County (South) PUMA,75475,39151,36324,64021,36487,27534,11454,2664,8790,28436,12948,15488,24639,11970,12669,3797,978,2819,44710,24552,20158,37245,22940,14305,7465,1612,5853,2329,1651,678,2137,1577,560,192,74,118
58,Oneida County (Central)--Greater Utica & Rome Cities PUMA,50079,25628,24451,41205,21753,19452,8874,3875,4999,15570,7785,7785,13493,6874,6619,2077,911,1166,31850,15962,15888,26143,13624,12519,5707,2338,3369,2659,1881,778,1569,1255,314,1090,626,464
59,"NYC-Manhattan Community District 12--Washington Heights, Inwood & Marble Hill PUMA",54124,26675,27449,42634,22627,20007,11490,4048,7442,32299,14872,17427,26740,12741,13999,5559,2131,3428,18390,10708,7682,14227,8856,5371,4163,1852,2311,3435,1095,2340,1667,1030,637,1768,65,1703
60,NYC-Brooklyn Community District 13--Brighton Beach & Coney Island PUMA,12793,5549,7244,11515,5061,6454,1278,488,790,4834,1370,3464,4662,1370,3292,172,0,172,6486,3277,3209,5700,2789,2911,786,488,298,1473,902,571,1153,902,251,320,0,320
61,NYC-Manhattan Community District 10--Central Harlem PUMA,39300,16917,22383,32598,13363,19235,6702,3554,3148,20292,8860,11432,18163,8003,10160,2129,857,1272,16860,6500,10360,13094,4457,8637,3766,2043,1723,2148,1557,591,1341,903,438,807,654,153
62,Nassau County (West Central)--North Hempstead Town (South) PUMA,30750,15190,15560,25787,13893,11894,4963,1297,3666,18393,8862,9531,16152,8596,7556,2241,266,1975,12047,6125,5922,9325,5094,4231,2722,1031,1691,310,203,107,310,203,107,0,0,0
63,NYC-Brooklyn Community District 16--Brownsville & Ocean Hill PUMA,19838,8934,10904,17040,8270,8770,2798,664,2134,5021,2495,2526,4387,2219,2168,634,276,358,13091,5436,7655,11013,5048,5965,2078,388,1690,1726,1003,723,1640,1003,637,86,0,86
64,Albany County (East Central)--Albany City PUMA,34745,17733,17012,30101,15866,14235,4644,1867,2777,13898,6871,7027,12759,6683,6076,1139,188,951,18768,9851,8917,15917,8558,7359,2851,1293,1558,2079,1011,1068,1425,625,800,654,386,268
65,Nassau County (West Central)--Hempstead Town (West Central) PUMA,28607,16275,12332,23588,13982,9606,5019,2293,2726,14965,7940,7025,12945,7232,5713,2020,708,1312,13132,8062,5070,10458,6565,3893,2674,1497,1177,510,273,237,185,185,0,325,88,237
66,Chemung (South) & Steuben (East) Counties--Greater Elmira & Greater Corning Cities PUMA,39185,19554,19631,33422,18022,15400,5763,1532,4231,12299,4727,7572,10496,4339,6157,1803,388,1415,25400,13685,11715,21770,12871,8899,3630,814,2816,1486,1142,344,1156,812,344,330,330,0
67,"NYC-Bronx Community District 3 & 6--Belmont, Crotona Park East & East Tremont PUMA",25079,9632,15447,21134,8803,12331,3945,829,3116,4950,1918,3032,4206,1780,2426,744,138,606,16190,5591,10599,13754,5096,8658,2436,495,1941,3939,2123,1816,3174,1927,1247,765,196,569
68,"NYC-Bronx Community District 5--Morris Heights, Fordham South & Mount Hope PUMA",15869,7238,8631,13343,6487,6856,2526,751,1775,4336,1351,2985,3807,1232,2575,529,119,410,8717,4113,4604,7211,3577,3634,1506,536,970,2816,1774,1042,2325,1678,647,491,96,395
69,"NYC-Bronx Community District 8--Riverdale, Fieldston & Kingsbridge PUMA",26072,12519,13553,21934,11375,10559,4138,1144,2994,14783,7120,7663,13068,6728,6340,1715,392,1323,9959,4749,5210,7872,3997,3875,2087,752,1335,1330,650,680,994,650,344,336,0,336
70,Erie County (Northeast) PUMA,48077,24798,23279,40305,21888,18417,7772,2910,4862,21943,10085,11858,19541,9414,10127,2402,671,1731,25014,13712,11302,19644,11473,8171,5370,2239,3131,1120,1001,119,1120,1001,119,0,0,0
71,NYC-Manhattan Community District 11--East Harlem PUMA,30538,13756,16782,24249,11595,12654,6289,2161,4128,15481,6625,8856,14094,6270,7824,1387,355,1032,12931,5755,7176,9553,4818,4735,3378,937,2441,2126,1376,750,602,507,95,1524,869,655
72,Orange County (Southeast) PUMA,40164,22568,17596,33200,20608,12592,6964,1960,5004,17070,8747,8323,14952,8416,6536,2118,331,1787,21326,12433,8893,17292,11236,6056,4034,1197,2837,1768,1388,380,956,956,0,812,432,380
73,Westchester County (Southeast) PUMA,28182,14975,13207,23707,13766,9941,4475,1209,3266,19935,10314,9621,17931,9624,8307,2004,690,1314,7744,4158,3586,5273,3639,1634,2471,519,1952,503,503,0,503,503,0,0,0,0
74,NYC-Queens Community District 1--Astoria & Long Island City PUMA,47834,25099,22735,41723,22930,18793,6111,2169,3942,33714,17057,16657,30339,15895,14444,3375,1162,2213,12853,7507,5346,10621,6500,4121,2232,1007,1225,1267,535,732,763,535,228,504,0,504
75,Livingston & Wyoming Counties PUMA,38607,19638,18969,32441,17886,14555,6166,1752,4414,8797,3528,5269,7946,3125,4821,851,403,448,26967,14681,12286,22285,13354,8931,4682,1327,3355,2843,1429,1414,2210,1407,803,633,22,611
76,Suffolk County (Central)--Brookhaven Town (West Central) PUMA,46210,22765,23445,37500,20922,16578,8710,1843,6867,15309,6173,9136,12767,5823,6944,2542,350,2192,30109,16281,13828,24186,14872,9314,5923,1409,4514,792,311,481,547,227,320,245,84,161
77,Westchester County (Southwest)--Yonkers City PUMA,41892,20533,21359,36830,18853,17977,5062,1680,3382,19282,7991,11291,17622,7732,9890,1660,259,1401,20449,11334,9115,17346,9913,7433,3103,1421,1682,2161,1208,953,1862,1208,654,299,0,299
78,Erie County (North Central) PUMA,42932,21011,21921,33752,19551,14201,9180,1460,7720,26981,13526,13455,22239,12521,9718,4742,1005,3737,15701,7386,8315,11294,6962,4332,4407,424,3983,250,99,151,219,68,151,31,31,0
79,Saratoga County (South & Central) PUMA,44943,24480,20463,37936,23309,14627,7007,1171,5836,22396,11114,11282,18908,10574,8334,3488,540,2948,21535,12875,8660,18438,12295,6143,3097,580,2517,1012,491,521,590,440,150,422,51,371
80,Suffolk County (South Central)--Brookhaven Town (South) PUMA,46308,22110,24198,37066,20022,17044,9242,2088,7154,14717,5643,9074,13031,5544,7487,1686,99,1587,29162,14882,14280,22812,13460,9352,6350,1422,4928,2429,1585,844,1223,1018,205,1206,567,639
81,"NYC-Staten Island Community District 3--Tottenville, Great Kills & Annadale PUMA",56005,27305,28700,47708,25170,22538,8297,2135,6162,22098,10713,11385,19579,10059,9520,2519,654,1865,32862,15742,17120,27491,14614,12877,5371,1128,4243,1045,850,195,638,497,141,407,353,54
82,Herkimer (North & Central) & Oneida (Outer) Counties PUMA,46060,23830,22230,38560,21235,17325,7500,2595,4905,12335,5557,6778,10399,4552,5847,1936,1005,931,30732,16437,14295,25744,15089,10655,4988,1348,3640,2993,1836,1157,2417,1594,823,576,242,334
83,Niagara County (North & East) PUMA,43165,22901,20264,35490,20748,14742,7675,2153,5522,12496,5608,6888,11360,5502,5858,1136,106,1030,28322,15935,12387,22460,14020,8440,5862,1915,3947,2347,1358,989,1670,1226,444,677,132,545
84,Monroe County (Central)--Rochester City (East) PUMA,34484,17618,16866,26436,14281,12155,8048,3337,4711,11887,5745,6142,10372,5019,5353,1515,726,789,19535,9683,9852,14084,7913,6171,5451,1770,3681,3062,2190,872,1980,1349,631,1082,841,241
85,Warren & Washington Counties PUMA,50370,26180,24190,39604,22643,16961,10766,3537,7229,13462,4766,8696,10113,3713,6400,3349,1053,2296,34664,19784,14880,28121,17712,10409,6543,2072,4471,2244,1630,614,1370,1218,152,874,412,462
86,Nassau County (Southwest)--Hempstead Town (Southwest) & Long Beach City PUMA,32589,16044,16545,26395,14319,12076,6194,1725,4469,19396,9151,10245,16155,7928,8227,3241,1223,2018,12900,6729,6171,10010,6227,3783,2890,502,2388,293,164,129,230,164,66,63,0,63
87,NYC-Brooklyn Community District 8--Crown Heights North & Prospect Heights PUMA,37385,17935,19450,30711,15315,15396,6674,2620,4054,22122,10163,11959,19569,9089,10480,2553,1074,1479,13269,6643,6626,9998,5282,4716,3271,1361,1910,1994,1129,865,1144,944,200,850,185,665
88,Onondaga County (Central)--Syracuse City PUMA,39986,19912,20074,31628,16414,15214,8358,3498,4860,15144,7077,8067,12210,6146,6064,2934,931,2003,20355,10964,9391,16179,9059,7120,4176,1905,2271,4487,1871,2616,3239,1209,2030,1248,662,586
89,Westchester County (Central)--White Plains City PUMA,52118,26623,25495,45457,24469,20988,6661,2154,4507,37168,17789,19379,31841,15846,15995,5327,1943,3384,14437,8426,6011,13103,8215,4888,1334,211,1123,513,408,105,513,408,105,0,0,0
90,NYC-Brooklyn Community District 3--Bedford-Stuyvesant PUMA,40265,20161,20104,33099,16918,16181,7166,3243,3923,15936,7507,8429,13706,6403,7303,2230,1104,1126,21645,11238,10407,17672,9583,8089,3973,1655,2318,2684,1416,1268,1721,932,789,963,484,479
91,"NYC-Bronx Community District 1 & 2--Hunts Point, Longwood & Melrose PUMA",21410,9333,12077,15398,7099,8299,6012,2234,3778,4024,1393,2631,3521,1314,2207,503,79,424,13583,6678,6905,9641,4926,4715,3942,1752,2190,3803,1262,2541,2236,859,1377,1567,403,1164
92,Cattaraugus & Allegany Counties PUMA,44354,22997,21357,35895,19953,15942,8459,3044,5415,9397,4230,5167,8073,3667,4406,1324,563,761,32153,16857,15296,25814,14763,11051,6339,2094,4245,2804,1910,894,2008,1523,485,796,387,409
93,Oswego County PUMA,45226,23285,21941,36762,20997,15765,8464,2288,6176,8098,3825,4273,6987,3511,3476,1111,314,797,33075,17369,15706,27353,15950,11403,5722,1419,4303,4053,2091,1962,2422,1536,886,1631,555,1076
94,"NYC-Queens Community District 5--Ridgewood, Glendale & Middle Village PUMA",37153,20012,17141,33529,18541,14988,3624,1471,2153,13328,6349,6979,12385,6054,6331,943,295,648,22329,13141,9188,19794,11965,7829,2535,1176,1359,1496,522,974,1350,522,828,146,0,146
95,Monroe County (East) PUMA,52512,26162,26350,44553,24517,20036,7959,1645,6314,24832,12158,12674,21317,11541,9776,3515,617,2898,25988,12739,13249,21681,11741,9940,4307,998,3309,1692,1265,427,1555,1235,320,137,30,107
96,Westchester County (South Central)--New Rochelle & Mount Vernon Cities PUMA,47708,22783,24925,41216,21146,20070,6492,1637,4855,28096,12249,15847,24705,11788,12917,3391,461,2930,17345,9353,7992,14826,8249,6577,2519,1104,1415,2267,1181,1086,1685,1109,576,582,72,510
97,"NYC-Queens Community District 14--Far Rockaway, Breezy Point & Broad Channel PUMA",24660,11388,13272,19789,10519,9270,4871,869,4002,11210,5455,5755,9084,5282,3802,2126,173,1953,11512,5362,6150,9804,4666,5138,1708,696,1012,1938,571,1367,901,571,330,1037,0,1037
98,"NYC-Brooklyn Community District 12--Borough Park, Kensington & Ocean Parkway PUMA",26481,15848,10633,17943,12488,5455,8538,3360,5178,8701,5325,3376,7312,4613,2699,1389,712,677,14277,8015,6262,8287,5907,2380,5990,2108,3882,3503,2508,995,2344,1968,376,1159,540,619
99,"NYC-Bronx Community District 10--Co-op City, Pelham Bay & Schuylerville PUMA",29360,14638,14722,25411,12517,12894,3949,2121,1828,9840,3978,5862,7765,2908,4857,2075,1070,1005,17862,9728,8134,16092,8677,7415,1770,1051,719,1658,932,726,1554,932,622,104,0,104
100,"NYC-Queens Community District 11--Bayside, Douglaston & Little Neck PUMA",22902,12711,10191,19448,11411,8037,3454,1300,2154,13291,6097,7194,12215,5563,6652,1076,534,542,9111,6152,2959,6830,5483,1347,2281,669,1612,500,462,38,403,365,38,97,97,0
101,"NYC-Manhattan Community District 6--Murray Hill, Gramercy & Stuyvesant Town PUMA",59614,27268,32346,56265,25686,30579,3349,1582,1767,56205,24661,31544,53491,23617,29874,2714,1044,1670,3248,2446,802,2698,1993,705,550,453,97,161,161,0,76,76,0,85,85,0
102,Chautauqua County PUMA,48593,25140,23453,38472,22068,16404,10121,3072,7049,12419,5927,6492,10202,4931,5271,2217,996,1221,31927,16491,15436,25520,15120,10400,6407,1371,5036,4247,2722,1525,2750,2017,733,1497,705,792
103,NYC-Brooklyn Community District 18--Canarsie & Flatlands PUMA,36009,15514,20495,31511,14303,17208,4498,1211,3287,15715,5460,10255,13929,4959,8970,1786,501,1285,18780,9277,9503,16166,8567,7599,2614,710,1904,1514,777,737,1416,777,639,98,0,98
104,Erie County (West Central)--Buffalo City (East) PUMA,44640,20848,23792,34063,17905,16158,10577,2943,7634,9020,3812,5208,8054,3592,4462,966,220,746,31772,15750,16022,24378,13416,10962,7394,2334,5060,3848,1286,2562,1631,897,734,2217,389,1828
105,Genesee & Orleans Counties PUMA,40222,21180,19042,34101,19587,14514,6121,1593,4528,9975,4225,5750,8947,4001,4946,1028,224,804,28080,15353,12727,23296,14078,9218,4784,1275,3509,2167,1602,565,1858,1508,350,309,94,215
106,"NYC-Staten Island Community District 1--Port Richmond, Stapleton & Mariner's Harbor PUMA",38696,17676,21020,33183,15745,17438,5513,1931,3582,15751,6580,9171,13738,6283,7455,2013,297,1716,21417,10811,10606,18128,9275,8853,3289,1536,1753,1528,285,1243,1317,187,1130,211,98,113
107,"Steuben (North & West), Schuyler & Chemung (North) Counties PUMA",38144,19973,18171,32012,17952,14060,6132,2021,4111,10297,4175,6122,9116,3754,5362,1181,421,760,25243,14360,10883,20663,12783,7880,4580,1577,3003,2604,1438,1166,2233,1415,818,371,23,348
108,Nassau County (South Central)--Hempstead Town (Southeast) PUMA,33374,17544,15830,28364,15544,12820,5010,2000,3010,17833,7902,9931,15674,7164,8510,2159,738,1421,15467,9642,5825,12626,8380,4246,2841,1262,1579,74,0,74,64,0,64,10,0,10
109,"NYC-Bronx Community District 9--Castle Hill, Clason Point & Parkchester PUMA",32329,13620,18709,24808,10730,14078,7521,2890,4631,7384,2042,5342,5649,1538,4111,1735,504,1231,21165,9715,11450,16830,7689,9141,4335,2026,2309,3780,1863,1917,2329,1503,826,1451,360,1091
110,Suffolk County (East) PUMA,42380,23433,18947,36136,21579,14557,6244,1854,4390,18244,8806,9438,16112,8098,8014,2132,708,1424,22650,13180,9470,18708,12204,6504,3942,976,2966,1486,1447,39,1316,1277,39,170,170,0
111,Orange County (Northwest) PUMA,40004,20989,19015,33054,18575,14479,6950,2414,4536,13464,5898,7566,11899,5559,6340,1565,339,1226,25153,13978,11175,19969,11903,8066,5184,2075,3109,1387,1113,274,1186,1113,73,201,0,201
112,Broome County (West Central)--Greater Binghamton City & Greater Johnson City Village PUMA,39374,19666,19708,31472,17012,14460,7902,2654,5248,13613,6298,7315,11699,5899,5800,1914,399,1515,23760,12251,11509,18385,10427,7958,5375,1824,3551,2001,1117,884,1388,686,702,613,431,182
113,"NYC-Bronx Community District 11--Pelham Parkway, Morris Park & Laconia PUMA",25443,12207,13236,19861,10812,9049,5582,1395,4187,8501,2944,5557,7502,2826,4676,999,118,881,14734,7897,6837,10880,6620,4260,3854,1277,2577,2208,1366,842,1479,1366,113,729,0,729
114,Suffolk County (Northwest)--Smithtown Town PUMA,43194,23087,20107,38316,22244,16072,4878,843,4035,23596,11697,11899,21696,11320,10376,1900,377,1523,19598,11390,8208,16620,10924,5696,2978,466,2512,0,0,0,0,0,0,0,0,0
115,Ulster County (East) PUMA,57431,29642,27789,47509,26850,20659,9922,2792,7130,20139,9429,10710,18117,9019,9098,2022,410,1612,34936,18602,16334,27721,16706,11015,7215,1896,5319,2356,1611,745,1671,1125,546,685,486,199
116,Westchester County (Northeast) PUMA,47928,24809,23119,40731,22416,18315,7197,2393,4804,32675,17353,15322,28710,16216,12494,3965,1137,2828,14816,7456,7360,11787,6200,5587,3029,1256,1773,437,0,437,234,0,234,203,0,203
117,NYC-Brooklyn Community District 4--Bushwick PUMA,32270,19835,12435,27647,17875,9772,4623,1960,2663,14751,7796,6955,12753,6911,5842,1998,885,1113,14629,10053,4576,12899,9310,3589,1730,743,987,2890,1986,904,1995,1654,341,895,332,563
118,NYC-Manhattan Community District 3--Chinatown & Lower East Side PUMA,43524,24277,19247,37983,21405,16578,5541,2872,2669,32217,17869,14348,29074,16294,12780,3143,1575,1568,10933,6167,4766,8741,4943,3798,2192,1224,968,374,241,133,168,168,0,206,73,133
119,Dutchess County (North & East) PUMA,46576,25485,21091,38618,22217,16401,7958,3268,4690,19898,9448,10450,16791,8481,8310,3107,967,2140,24350,14259,10091,20030,12285,7745,4320,1974,2346,2328,1778,550,1797,1451,346,531,327,204
120,Nassau County (Central)--Hempstead Town (North Central)--Meadowbrook Corridor PUMA,25388,10684,14704,22389,9948,12441,2999,736,2263,9400,3604,5796,8332,3297,5035,1068,307,761,14380,6209,8171,12698,5840,6858,1682,369,1313,1608,871,737,1359,811,548,249,60,189
121,Broome (Outer West) & Tioga Counties PUMA,43101,23691,19410,36587,21450,15137,6514,2241,4273,12488,6030,6458,10361,5344,5017,2127,686,1441,28509,16181,12328,24617,15024,9593,3892,1157,2735,2104,1480,624,1609,1082,527,495,398,97
122,"Rockland County (South)--Orangetown, Clarkstown (South) & Ramapo (Southeast) Towns PUMA",32390,17606,14784,26499,15619,10880,5891,1987,3904,16110,7712,8398,13084,6857,6227,3026,855,2171,15903,9682,6221,13163,8615,4548,2740,1067,1673,377,212,165,252,147,105,125,65,60
123,"NYC-Brooklyn Community District 17--East Flatbush, Farragut & Rugby PUMA",17940,7701,10239,15480,6917,8563,2460,784,1676,5936,1643,4293,5031,1516,3515,905,127,778,11123,5483,5640,9568,4826,4742,1555,657,898,881,575,306,881,575,306,0,0,0
124,Orange County (Northeast)--Greater Newburgh City PUMA,40992,21115,19877,35688,19697,15991,5304,1418,3886,14324,6958,7366,12520,6222,6298,1804,736,1068,25665,13407,12258,22466,12870,9596,3199,537,2662,1003,750,253,702,605,97,301,145,156
125,"NYC-Manhattan Community District 1 & 2--Battery Park City, Greenwich Village & Soho PUMA",62305,33810,28495,56332,30797,25535,5973,3013,2960,57071,30043,27028,52602,27911,24691,4469,2132,2337,4892,3491,1401,3572,2728,844,1320,763,557,342,276,66,158,158,0,184,118,66
126,NYC-Queens Community District 6--Forest Hills & Rego Park PUMA,23204,12541,10663,20956,11809,9147,2248,732,1516,17001,8187,8814,15921,7895,8026,1080,292,788,5751,4068,1683,4665,3660,1005,1086,408,678,452,286,166,370,254,116,82,32,50
127,Onondaga County (North) PUMA,53223,26482,26741,45799,24323,21476,7424,2159,5265,23504,10971,12533,21128,10475,10653,2376,496,1880,28835,14668,14167,23787,13005,10782,5048,1663,3385,884,843,41,884,843,41,0,0,0
128,Nassau County (Northeast)--Oyster Bay Town (North) & Glen Cove City PUMA,34566,19261,15305,28254,17698,10556,6312,1563,4749,22248,12212,10036,18532,11286,7246,3716,926,2790,11732,6601,5131,9196,6024,3172,2536,577,1959,586,448,138,526,388,138,60,60,0
129,Monroe County (North & West) PUMA,43999,21541,22458,36119,19214,16905,7880,2327,5553,17887,8391,9496,15645,7745,7900,2242,646,1596,24620,12089,12531,19063,10489,8574,5557,1600,3957,1492,1061,431,1411,980,431,81,81,0
130,Sullivan & Ulster (West) Counties PUMA,36380,19043,17337,30459,16745,13714,5921,2298,3623,11801,4709,7092,10107,3843,6264,1694,866,828,21885,12693,9192,18214,11638,6576,3671,1055,2616,2694,1641,1053,2138,1264,874,556,377,179
131,Suffolk County (Southwest)--Babylon Town (Southeast) PUMA,35964,17642,18322,29801,15505,14296,6163,2137,4026,14384,5742,8642,12621,5244,7377,1763,498,1265,20238,11086,9152,16033,9447,6586,4205,1639,2566,1342,814,528,1147,814,333,195,0,195
132,Suffolk County (Northwest)--Huntington Town (North) PUMA,35661,18783,16878,30300,17188,13112,5361,1595,3766,21810,11256,10554,18380,10325,8055,3430,931,2499,13470,7165,6305,11694,6637,5057,1776,528,1248,381,362,19,226,226,0,155,136,19
133,"NYC-Queens Community District 12--Jamaica, Hollis & St. Albans PUMA",44792,18816,25976,39002,15916,23086,5790,2900,2890,12552,3695,8857,11537,3254,8283,1015,441,574,29887,13692,16195,25605,11437,14168,4282,2255,2027,2353,1429,924,1860,1225,635,493,204,289
134,"NYC-Queens Community District 13--Queens Village, Cambria Heights & Rosedale PUMA",42369,21138,21231,37292,19017,18275,5077,2121,2956,14678,5853,8825,13357,5348,8009,1321,505,816,26572,14584,11988,23112,13167,9945,3460,1417,2043,1119,701,418,823,502,321,296,199,97
135,Monroe County (Central)--Rochester City (West) PUMA,29585,13513,16072,22361,11032,11329,7224,2481,4743,6463,3456,3007,5658,2881,2777,805,575,230,19746,8486,11260,14434,7080,7354,5312,1406,3906,3376,1571,1805,2269,1071,1198,1107,500,607
136,NYC-Queens Community District 10--Howard Beach & Ozone Park PUMA,23438,12197,11241,19816,10297,9519,3622,1900,1722,9182,3856,5326,7721,2815,4906,1461,1041,420,13385,7609,5776,11435,6885,4550,1950,724,1226,871,732,139,660,597,63,211,135,76
137,Suffolk County (Central)--Islip Town (Northwest) PUMA,20156,9043,11113,17016,8323,8693,3140,720,2420,3941,1653,2288,3560,1653,1907,381,0,381,15002,6623,8379,12377,5903,6474,2625,720,1905,1213,767,446,1079,767,312,134,0,134
138,Putnam County PUMA,39891,20248,19643,32593,18557,14036,7298,1691,5607,17627,7859,9768,14644,7023,7621,2983,836,2147,21373,11788,9585,17197,10933,6264,4176,855,3321,891,601,290,752,601,151,139,0,139
139,NYC-Queens Community District 2--Sunnyside & Woodside PUMA,29038,15161,13877,24479,13252,11227,4559,1909,2650,16494,8164,8330,14073,7233,6840,2421,931,1490,10971,5853,5118,9210,5107,4103,1761,746,1015,1573,1144,429,1196,912,284,377,232,145
140,Nassau County (Central)--Hempstead Town (East Central) PUMA,39699,21171,18528,34562,20418,14144,5137,753,4384,24515,11601,12914,21425,11326,10099,3090,275,2815,14761,9209,5552,12796,8751,4045,1965,458,1507,423,361,62,341,341,0,82,20,62
141,Suffolk County (Northwest)--Huntington Town (South) PUMA,37605,19232,18373,30861,17860,13001,6744,1372,5372,20841,10853,9988,16963,10259,6704,3878,594,3284,15762,8045,7717,13633,7336,6297,2129,709,1420,1002,334,668,265,265,0,737,69,668
142,"NYC-Bronx Community District 4--Concourse, Highbridge & Mount Eden PUMA",16180,5707,10473,13497,4572,8925,2683,1135,1548,4208,1041,3167,3757,760,2997,451,281,170,10103,4176,5927,8447,3322,5125,1656,854,802,1869,490,1379,1293,490,803,576,0,576
143,Nassau County (Central)--Hempstead Town (Northeast) PUMA,38697,19350,19347,32176,16702,15474,6521,2648,3873,16846,8240,8606,14881,7253,7628,1965,987,978,20907,10474,10433,16502,8903,7599,4405,1571,2834,944,636,308,793,546,247,151,90,61
144,NYC-Brooklyn Community District 14--Flatbush & Midwood PUMA,32036,16991,15045,25023,13690,11333,7013,3301,3712,18421,8562,9859,15254,7454,7800,3167,1108,2059,12665,7859,4806,9351,5872,3479,3314,1987,1327,950,570,380,418,364,54,532,206,326
145,"Rockland County (West)--Spring Valley, Suffern Villages & Monsey PUMA",22563,12521,10042,14986,8711,6275,7577,3810,3767,8297,4572,3725,6281,3677,2604,2016,895,1121,12029,6377,5652,7436,3916,3520,4593,2461,2132,2237,1572,665,1269,1118,151,968,454,514
146,Capital Region,420063,217830,202233,352023,195629,156394,68040,22201,45839,159828,75269,84559,137331,69902,67429,22497,5367,17130,243897,131257,112640,203658,116952,86706,40239,14305,25934,16338,11304,5034,11034,8775,2259,5304,2529,2775
147,Central NY,296277,150972,145305,246287,135994,110293,49990,14978,35012,105941,49692,56249,90680,45909,44771,15261,3783,11478,176302,93616,82686,145308,83893,61415,30994,9723,21271,14034,7664,6370,10299,6192,4107,3735,1472,2263
148,Finger Lakes,458824,233144,225680,378881,208944,169937,79943,24200,55743,166570,78392,88178,144368,72011,72357,22202,6381,15821,268255,138809,129446,215684,123460,92224,52571,15349,37222,23999,15943,8056,18829,13473,5356,5170,2470,2700
149,Long Island,902791,467106,435685,754264,425880,328384,148527,41226,107301,438567,209510,229057,377883,195026,182857,60684,14484,46200,442939,243192,199747,360492,218523,141969,82447,24669,57778,21285,14404,6881,15889,12331,3558,5396,2073,3323
150,Mid-Hudson,705459,366743,338716,591358,329078,262280,114101,37665,76436,337474,160230,177244,293206,147356,145850,44268,12874,31394,341148,189135,152013,277678,167252,110426,63470,21883,41587,26837,17378,9459,20474,14470,6004,6363,2908,3455
151,Mohawk Valley,180195,92827,87368,149560,81722,67838,30635,11105,19530,46971,21030,25941,40828,18515,22313,6143,2515,3628,121268,64504,56764,99786,57337,42449,21482,7167,14315,11956,7293,4663,8946,5870,3076,3010,1423,1587
152,New York City,1837513,911143,926370,1553314,799338,753976,284199,111805,172394,1029876,483172,546704,905733,438578,467155,124143,44594,79549,722284,381105,341179,586078,322495,263583,136206,58610,77596,85353,46866,38487,61503,38265,23238,23850,8601,15249
153,North Country,150610,79113,71497,122904,69941,52963,27706,9172,18534,36305,17025,19280,32214,15810,16404,4091,1215,2876,104970,55161,49809,83771,48295,35476,21199,6866,14333,9335,6927,2408,6919,5836,1083,2416,1091,1325
154,Southern Tier,233167,119828,113339,192792,105722,87070,40375,14106,26269,77368,35015,42353,65191,31040,34151,12177,3975,8202,144832,77640,67192,119115,68952,50163,25717,8688,17029,10967,7173,3794,8486,5730,2756,2481,1443,1038
155,Western NY,530062,267263,262799,434658,239789,194869,95404,27474,67930,182829,84195,98634,157656,77590,80066,25173,6605,18568,323975,169022,154953,261042,150965,110077,62933,18057,44876,23258,14046,9212,15960,11234,4726,7298,2812,4486
