,puma,Total_geo,Total_geo_m,Total_geo_f,Total_Emp_mf_t,Total_emp_m,Total_emp_f,Total_UnEmp_mf_t,Total_UnEmp_m,Total_UnEmp_f,Total_BABS,Total_BABS_m,Total_BABS_f,BABS_Emp_mf_t,BABS_emp_m,BABS_emp_f,BABS_UnEmp_mf_t,BABS_UnEmp_m,BABS_UnEmp_f,Total_HS,Total_HS_m,Total_HS_f,HS_Emp_mf_t,HS_emp_m,HS_emp_f,HS_UnEmp_mf_t,HS_UnEmp_m,HS_UnEmp_f,Total_HSINC,Total_HSINC_m,Total_HSINC_f,HSINC_Emp_mf_t,HSINC_emp_m,HSINC_emp_f,HSINC_UnEmp_mf_t,HSINC_UnEmp_m,HSINC_UnEmp_f
0,Total Geo,5672967,2901926,2771041,5373057,2730691,2642366,299910,171235,128675,2550029,1205408,1344621,2470868,1163967,1306901,79161,41441,37720,2870955,1540394,1330561,2693162,1438524,1254638,177793,101870,75923,251983,156124,95859,209027,128200,80827,42956,27924,15032
1,NYC-Manhattan Community District 7--Upper West Side & West Side PUMA,68394,33507,34887,66848,32136,34712,1546,1371,175,59677,27400,32277,58321,26219,32102,1356,1181,175,8018,5929,2089,7828,5739,2089,190,190,0,699,178,521,699,178,521,0,0,0
2,Nassau County (West Central)--Hempstead Town (Northwest) PUMA,37413,19746,17667,36294,19110,17184,1119,636,483,19583,9754,9829,19109,9519,9590,474,235,239,16123,8868,7255,15560,8549,7011,563,319,244,1707,1124,583,1625,1042,583,82,82,0
3,NYC-Brooklyn Community District 2--Brooklyn Heights & Fort Greene PUMA,51630,25902,25728,48905,24689,24216,2725,1213,1512,40084,19395,20689,38453,18906,19547,1631,489,1142,10268,6121,4147,9223,5446,3777,1045,675,370,1278,386,892,1229,337,892,49,49,0
4,Madison & Cortland Counties PUMA,44747,23946,20801,42489,22623,19866,2258,1323,935,13969,6759,7210,13603,6479,7124,366,280,86,29284,16091,13193,27873,15307,12566,1411,784,627,1494,1096,398,1013,837,176,481,259,222
5,Ontario & Yates Counties PUMA,52343,28037,24306,50371,27058,23313,1972,979,993,19865,9223,10642,19618,9178,10440,247,45,202,29243,16254,12989,27591,15377,12214,1652,877,775,3235,2560,675,3162,2503,659,73,57,16
6,Monroe County (Central)--Greece & Gates Towns PUMA,51316,26274,25042,50023,25528,24495,1293,746,547,16823,7499,9324,16582,7413,9169,241,86,155,33085,17728,15357,32113,17148,14965,972,580,392,1408,1047,361,1328,967,361,80,80,0
7,Nassau County (East Central)--Oyster Bay Town (Central) PUMA,28986,14573,14413,27839,13957,13882,1147,616,531,16411,7729,8682,16010,7553,8457,401,176,225,11624,6279,5345,10878,5839,5039,746,440,306,951,565,386,951,565,386,0,0,0
8,"Clinton, Franklin, Essex & Hamilton Counties PUMA",57914,29613,28301,54471,27606,26865,3443,2007,1436,13334,5955,7379,12794,5843,6951,540,112,428,41456,21241,20215,38881,19631,19250,2575,1610,965,3124,2417,707,2796,2132,664,328,285,43
9,NYC-Manhattan Community District 8--Upper East Side PUMA,78773,36298,42475,76501,34736,41765,2272,1562,710,65570,29719,35851,63501,28360,35141,2069,1359,710,13203,6579,6624,13000,6376,6624,203,203,0,0,0,0,0,0,0,0,0,0
10,Suffolk County (Southwest)--Islip Town (South) PUMA,39658,21028,18630,38004,20441,17563,1654,587,1067,17765,8452,9313,16992,8207,8785,773,245,528,20876,11903,8973,20098,11561,8537,778,342,436,1017,673,344,914,673,241,103,0,103
11,Erie County (Northwest) PUMA,43142,20930,22212,41889,20216,21673,1253,714,539,17755,8369,9386,17018,8052,8966,737,317,420,23994,11613,12381,23478,11216,12262,516,397,119,1393,948,445,1393,948,445,0,0,0
12,"NYC-Queens Community District 8--Briarwood, Fresh Meadows & Hillcrest PUMA",23168,10606,12562,20836,8894,11942,2332,1712,620,13153,6221,6932,11945,5277,6668,1208,944,264,8864,4091,4773,8096,3323,4773,768,768,0,1151,294,857,795,294,501,356,0,356
13,NYC-Brooklyn Community District 5--East New York & Starrett City PUMA,25246,11307,13939,23263,10694,12569,1983,613,1370,5811,2594,3217,5584,2453,3131,227,141,86,16908,8212,8696,15397,7740,7657,1511,472,1039,2527,501,2026,2282,501,1781,245,0,245
14,Rockland County (North)--New City & Congers PUMA,30131,14825,15306,28427,14137,14290,1704,688,1016,15055,7413,7642,14269,6997,7272,786,416,370,13443,6614,6829,12525,6342,6183,918,272,646,1633,798,835,1633,798,835,0,0,0
15,"Otsego, Schoharie, Oneida (South) & Herkimer (South) Counties PUMA",42717,22578,20139,40317,21348,18969,2400,1230,1170,11162,4613,6549,10888,4402,6486,274,211,63,29167,16586,12581,27349,15598,11751,1818,988,830,2388,1379,1009,2080,1348,732,308,31,277
16,NYC-Brooklyn Community District 7--Sunset Park & Windsor Terrace PUMA,21056,10673,10383,20191,10321,9870,865,352,513,14304,6460,7844,13907,6285,7622,397,175,222,5049,3192,1857,4670,3029,1641,379,163,216,1703,1021,682,1614,1007,607,89,14,75
17,NYC-Brooklyn Community District 11--Bensonhurst & Bath Beach PUMA,21579,10899,10680,20051,9644,10407,1528,1255,273,9105,3205,5900,8645,2895,5750,460,310,150,11382,6861,4521,10710,6227,4483,672,634,38,1092,833,259,696,522,174,396,311,85
18,Tompkins County PUMA,32794,16412,16382,31628,15626,16002,1166,786,380,18809,9776,9033,18251,9278,8973,558,498,60,13389,6091,7298,12881,5903,6978,508,188,320,596,545,51,496,445,51,100,100,0
19,Dutchess County (Southwest) PUMA,54580,28797,25783,51965,27237,24728,2615,1560,1055,19461,8948,10513,18685,8572,10113,776,376,400,32629,18768,13861,31010,17584,13426,1619,1184,435,2490,1081,1409,2270,1081,1189,220,0,220
20,NYC-Queens Community District 9--Richmond Hill & Woodhaven PUMA,24556,13086,11470,23215,12425,10790,1341,661,680,9971,4579,5392,9649,4385,5264,322,194,128,13386,7467,5919,12605,7238,5367,781,229,552,1199,1040,159,961,802,159,238,238,0
21,Westchester County (Northwest) PUMA,41969,22431,19538,40555,21924,18631,1414,507,907,24673,12588,12085,24228,12344,11884,445,244,201,16077,9023,7054,15174,8760,6414,903,263,640,1219,820,399,1153,820,333,66,0,66
22,Albany County (Outside Albany City) PUMA,77080,39291,37789,73834,37242,36592,3246,2049,1197,32740,16761,15979,32278,16391,15887,462,370,92,41516,20163,21353,39301,18905,20396,2215,1258,957,2824,2367,457,2255,1946,309,569,421,148
23,Monroe County (South) PUMA,61817,32539,29278,60003,31861,28142,1814,678,1136,37324,18525,18799,36519,18405,18114,805,120,685,22977,12942,10035,22191,12487,9704,786,455,331,1516,1072,444,1293,969,324,223,103,120
24,Jefferson & Lewis Counties PUMA,50198,27474,22724,47512,26292,21220,2686,1182,1504,11219,5053,6166,11179,5038,6141,40,15,25,35079,19589,15490,33607,19240,14367,1472,349,1123,3900,2832,1068,2726,2014,712,1174,818,356
25,"Chenango, Delaware & Broome (East) Counties PUMA",38001,19366,18635,36340,18331,18009,1661,1035,626,8715,3435,5280,8553,3391,5162,162,44,118,27423,14808,12615,26219,14088,12131,1204,720,484,1863,1123,740,1568,852,716,295,271,24
26,Erie County (Central) PUMA,62868,30502,32366,59524,28708,30816,3344,1794,1550,17580,7366,10214,17052,7227,9825,528,139,389,44170,22307,21863,41586,20801,20785,2584,1506,1078,1118,829,289,886,680,206,232,149,83
27,St. Lawrence County PUMA,36334,18704,17630,34305,17720,16585,2029,984,1045,9989,5338,4651,9903,5252,4651,86,86,0,24268,11914,12354,22862,11371,11491,1406,543,863,2077,1452,625,1540,1097,443,537,355,182
28,"NYC-Manhattan Community District 9--Hamilton Heights, Manhattanville & West Harlem PUMA",28185,14114,14071,25407,12195,13212,2778,1919,859,20235,10049,10186,19434,9768,9666,801,281,520,6566,2864,3702,5351,1988,3363,1215,876,339,1384,1201,183,622,439,183,762,762,0
29,Suffolk County (North Central)--Brookhaven Town (North) PUMA,37505,20441,17064,36327,19681,16646,1178,760,418,18896,9756,9140,18424,9361,9063,472,395,77,18008,10181,7827,17302,9816,7486,706,365,341,601,504,97,601,504,97,0,0,0
30,NYC-Brooklyn Community District 1--Greenpoint & Williamsburg PUMA,53065,29599,23466,49565,27054,22511,3500,2545,955,35408,18723,16685,33666,17614,16052,1742,1109,633,15441,9241,6200,13774,7896,5878,1667,1345,322,2216,1635,581,2125,1544,581,91,91,0
31,Cayuga & Onondaga (South) Counties PUMA,45334,23167,22167,43884,22071,21813,1450,1096,354,14554,6135,8419,14350,6011,8339,204,124,80,28647,15662,12985,27472,14751,12721,1175,911,264,2133,1370,763,2062,1309,753,71,61,10
32,Nassau County (Southeast)--Oyster Bay Town (South) PUMA,41812,22716,19096,40354,21925,18429,1458,791,667,20361,9505,10856,20122,9418,10704,239,87,152,21248,13104,8144,20029,12400,7629,1219,704,515,203,107,96,203,107,96,0,0,0
33,Fulton & Montgomery Counties PUMA,38899,19914,18985,36353,18345,18008,2546,1569,977,7725,3117,4608,7548,2976,4572,177,141,36,27446,14749,12697,25488,13393,12095,1958,1356,602,3728,2048,1680,3317,1976,1341,411,72,339
34,Onondaga County (Central)--Syracuse City (Outer) PUMA,65635,32710,32925,62930,31340,31590,2705,1370,1335,29721,14769,14952,28920,14413,14507,801,356,445,34462,17161,17301,32895,16257,16638,1567,904,663,1452,780,672,1115,670,445,337,110,227
35,NYC-Staten Island Community District 2--New Springville & South Beach PUMA,34108,17761,16347,32474,16878,15596,1634,883,751,12792,5724,7068,12345,5441,6904,447,283,164,20038,11101,8937,18948,10598,8350,1090,503,587,1278,936,342,1181,839,342,97,97,0
36,Niagara County (Southwest)--Greater Niagara Falls & North Tonawanda Area PUMA,39315,19335,19980,36375,17537,18838,2940,1798,1142,7654,3101,4553,7578,3025,4553,76,76,0,29181,14859,14322,27250,13765,13485,1931,1094,837,2480,1375,1105,1547,747,800,933,628,305
37,Suffolk County (Central)--Brookhaven Town (Central) PUMA,41877,23581,18296,40130,22340,17790,1747,1241,506,16348,8338,8010,15987,8114,7873,361,224,137,24310,14240,10070,22924,13223,9701,1386,1017,369,1219,1003,216,1219,1003,216,0,0,0
38,"NYC-Bronx Community District 7--Bedford Park, Fordham North & Norwood PUMA",18196,9119,9077,15521,7682,7839,2675,1437,1238,4370,1671,2699,4004,1466,2538,366,205,161,11401,5703,5698,9838,5145,4693,1563,558,1005,2425,1745,680,1679,1071,608,746,674,72
39,NYC-Queens Community District 4--Elmhurst & South Corona PUMA,8833,4681,4152,8588,4594,3994,245,87,158,3965,2020,1945,3807,2020,1787,158,0,158,3982,2086,1896,3895,1999,1896,87,87,0,886,575,311,886,575,311,0,0,0
40,"NYC-Brooklyn Community District 6--Park Slope, Carroll Gardens & Red Hook PUMA",52817,27359,25458,50290,26054,24236,2527,1305,1222,44952,22062,22890,43741,21516,22225,1211,546,665,6910,4681,2229,5969,4208,1761,941,473,468,955,616,339,580,330,250,375,286,89
41,Suffolk County (Central)--Islip Town (East) PUMA,40644,19524,21120,38323,18109,20214,2321,1415,906,18423,8141,10282,17797,7898,9899,626,243,383,21590,10752,10838,20071,9756,10315,1519,996,523,631,631,0,455,455,0,176,176,0
42,"NYC-Brooklyn Community District 9--Crown Heights South, Prospect Lefferts & Wingate PUMA",22831,10863,11968,20816,9383,11433,2015,1480,535,10741,5233,5508,9949,4583,5366,792,650,142,11023,5021,6002,10097,4412,5685,926,609,317,1067,609,458,770,388,382,297,221,76
43,"NYC-Queens Community District 7--Flushing, Murray Hill & Whitestone PUMA",29407,15720,13687,28043,15031,13012,1364,689,675,13973,6557,7416,13369,6202,7167,604,355,249,14859,8808,6051,14153,8528,5625,706,280,426,575,355,220,521,301,220,54,54,0
44,NYC-Queens Community District 3--Jackson Heights & North Corona PUMA,16598,9343,7255,16074,9171,6903,524,172,352,8308,5291,3017,8230,5254,2976,78,37,41,6969,3232,3737,6578,3152,3426,391,80,311,1321,820,501,1266,765,501,55,55,0
45,Saratoga County (Outer) PUMA,49012,26029,22983,47112,25280,21832,1900,749,1151,17839,8632,9207,17218,8293,8925,621,339,282,30263,16619,13644,28984,16209,12775,1279,410,869,910,778,132,910,778,132,0,0,0
46,"NYC-Bronx Community District 12--Wakefield, Williamsbridge & Woodlawn PUMA",22193,10559,11634,20679,9621,11058,1514,938,576,6561,2775,3786,6374,2637,3737,187,138,49,13952,6923,7029,12857,6123,6734,1095,800,295,1680,861,819,1448,861,587,232,0,232
47,"NYC-Brooklyn Community District 15--Sheepshead Bay, Gerritsen Beach & Homecrest PUMA",18342,9968,8374,17079,9426,7653,1263,542,721,8998,4158,4840,8331,3899,4432,667,259,408,8761,5490,3271,8270,5312,2958,491,178,313,583,320,263,478,215,263,105,105,0
48,Wayne & Seneca Counties PUMA,48593,25524,23069,46112,23643,22469,2481,1881,600,11433,5300,6133,11201,5068,6133,232,232,0,34256,18120,16136,32201,16665,15536,2055,1455,600,2904,2104,800,2710,1910,800,194,194,0
49,Schenectady County--Schenectady City PUMA,51835,27346,24489,49543,26096,23447,2292,1250,1042,21254,10427,10827,20890,10397,10493,364,30,334,28025,15397,12628,26233,14255,11978,1792,1142,650,2556,1522,1034,2420,1444,976,136,78,58
50,NYC-Brooklyn Community District 10--Bay Ridge & Dyker Heights PUMA,26881,14443,12438,25690,13620,12070,1191,823,368,17122,8070,9052,16812,7760,9052,310,310,0,9067,6110,2957,8239,5597,2642,828,513,315,692,263,429,639,263,376,53,0,53
51,Nassau County (Northwest)--North Hempstead Town (North) PUMA,27683,15307,12376,26737,14724,12013,946,583,363,20312,11068,9244,19549,10583,8966,763,485,278,7022,3988,3034,6839,3890,2949,183,98,85,349,251,98,349,251,98,0,0,0
52,Suffolk County (West Central)--Babylon Town (Northwest) PUMA,35609,19626,15983,32712,17746,14966,2897,1880,1017,13408,5707,7701,11984,4746,7238,1424,961,463,20904,12754,8150,19534,11938,7596,1370,816,554,1297,1165,132,1194,1062,132,103,103,0
53,"NYC-Manhattan Community District 4 & 5--Chelsea, Clinton & Midtown Business District PUMA",67513,38583,28930,65013,37815,27198,2500,768,1732,58506,32881,25625,56649,32534,24115,1857,347,1510,8449,5281,3168,7806,4860,2946,643,421,222,558,421,137,558,421,137,0,0,0
54,Columbia & Greene Counties PUMA,37930,19843,18087,37003,19311,17692,927,532,395,12733,6010,6723,12540,6010,6530,193,0,193,23444,12570,10874,23124,12452,10672,320,118,202,1753,1263,490,1339,849,490,414,414,0
55,Rensselaer County--Troy City PUMA,67215,35387,31828,63546,33142,30404,3669,2245,1424,22254,9816,12438,21473,9441,12032,781,375,406,41795,22908,18887,39288,21270,18018,2507,1638,869,3166,2663,503,2785,2431,354,381,232,149
56,Erie County (West Central)--Buffalo City (West) PUMA,35639,18997,16642,33536,17736,15800,2103,1261,842,18856,9400,9456,17912,8894,9018,944,506,438,15617,8848,6769,14517,8093,6424,1100,755,345,1166,749,417,1107,749,358,59,0,59
57,Erie County (South) PUMA,73896,38581,35315,71328,36910,34418,2568,1671,897,28345,13090,15255,27359,12255,15104,986,835,151,43294,23840,19454,41786,23078,18708,1508,762,746,2257,1651,606,2183,1577,606,74,74,0
58,Oneida County (Central)--Greater Utica & Rome Cities PUMA,48586,24583,24003,45252,22524,22728,3334,2059,1275,15308,7690,7618,14937,7364,7573,371,326,45,30560,15142,15418,28388,13754,14634,2172,1388,784,2718,1751,967,1927,1406,521,791,345,446
59,"NYC-Manhattan Community District 12--Washington Heights, Inwood & Marble Hill PUMA",53474,27437,26037,50852,25318,25534,2622,2119,503,31118,14754,16364,30912,14754,16158,206,0,206,19115,11199,7916,17088,9469,7619,2027,1730,297,3241,1484,1757,2852,1095,1757,389,389,0
60,NYC-Brooklyn Community District 13--Brighton Beach & Coney Island PUMA,13382,6395,6987,11458,5263,6195,1924,1132,792,4960,1889,3071,3882,1370,2512,1078,519,559,6622,3277,3345,6171,3059,3112,451,218,233,1800,1229,571,1405,834,571,395,395,0
61,NYC-Manhattan Community District 10--Central Harlem PUMA,40257,17444,22813,35917,14922,20995,4340,2522,1818,20168,8725,11443,18932,7987,10945,1236,738,498,17697,7186,10511,14861,5402,9459,2836,1784,1052,2392,1533,859,2124,1533,591,268,0,268
62,Nassau County (West Central)--North Hempstead Town (South) PUMA,30634,15344,15290,30208,15049,15159,426,295,131,18214,8876,9338,18003,8721,9282,211,155,56,12035,6265,5770,11895,6125,5770,140,140,0,385,203,182,310,203,107,75,0,75
63,NYC-Brooklyn Community District 16--Brownsville & Ocean Hill PUMA,21261,10440,10821,18141,8127,10014,3120,2313,807,5021,2495,2526,4701,2175,2526,320,320,0,13721,6063,7658,11903,5052,6851,1818,1011,807,2519,1882,637,1537,900,637,982,982,0
64,Albany County (East Central)--Albany City PUMA,35300,17805,17495,32678,16524,16154,2622,1281,1341,13841,6871,6970,13736,6871,6865,105,0,105,19253,9790,9463,17120,8818,8302,2133,972,1161,2206,1144,1062,1822,835,987,384,309,75
65,Nassau County (West Central)--Hempstead Town (West Central) PUMA,28552,16516,12036,27502,15707,11795,1050,809,241,14953,7990,6963,14390,7622,6768,563,368,195,13089,8253,4836,12602,7812,4790,487,441,46,510,273,237,510,273,237,0,0,0
66,Chemung (South) & Steuben (East) Counties--Greater Elmira & Greater Corning Cities PUMA,38606,19689,18917,36189,17913,18276,2417,1776,641,12119,4727,7392,11531,4433,7098,588,294,294,24705,13524,11181,23788,12954,10834,917,570,347,1782,1438,344,870,526,344,912,912,0
67,"NYC-Bronx Community District 3 & 6--Belmont, Crotona Park East & East Tremont PUMA",27236,10492,16744,23279,9285,13994,3957,1207,2750,5003,2009,2994,4865,1871,2994,138,138,0,16944,5902,11042,14612,5291,9321,2332,611,1721,5289,2581,2708,3802,2123,1679,1487,458,1029
68,"NYC-Bronx Community District 5--Morris Heights, Fordham South & Mount Hope PUMA",16192,7446,8746,14587,6794,7793,1605,652,953,4203,1351,2852,4203,1351,2852,0,0,0,9071,4219,4852,7943,3765,4178,1128,454,674,2918,1876,1042,2441,1678,763,477,198,279
69,"NYC-Bronx Community District 8--Riverdale, Fieldston & Kingsbridge PUMA",26213,12704,13509,24120,11561,12559,2093,1143,950,14497,6905,7592,13504,6258,7246,993,647,346,10482,4956,5526,9575,4653,4922,907,303,604,1234,843,391,1041,650,391,193,193,0
70,Erie County (Northeast) PUMA,45855,24095,21760,45416,23751,21665,439,344,95,21117,9758,11359,20995,9636,11359,122,122,0,23737,13336,10401,23420,13114,10306,317,222,95,1001,1001,0,1001,1001,0,0,0,0
71,NYC-Manhattan Community District 11--East Harlem PUMA,32167,14321,17846,28938,13327,15611,3229,994,2235,15409,6553,8856,15409,6553,8856,0,0,0,14121,5960,8161,11530,5398,6132,2591,562,2029,2637,1808,829,1999,1376,623,638,432,206
72,Orange County (Southeast) PUMA,40126,22535,17591,39057,21892,17165,1069,643,426,17017,8673,8344,16911,8624,8287,106,49,57,21341,12474,8867,20378,11880,8498,963,594,369,1768,1388,380,1768,1388,380,0,0,0
73,Westchester County (Southeast) PUMA,27888,15548,12340,26319,14545,11774,1569,1003,566,19987,10445,9542,19210,10234,8976,777,211,566,6999,4201,2798,6606,3808,2798,393,393,0,902,902,0,503,503,0,399,399,0
74,NYC-Queens Community District 1--Astoria & Long Island City PUMA,48113,25828,22285,45778,24277,21501,2335,1551,784,33482,17161,16321,32518,16519,15999,964,642,322,13316,7973,5343,12175,7223,4952,1141,750,391,1315,694,621,1085,535,550,230,159,71
75,Livingston & Wyoming Counties PUMA,38258,19624,18634,36700,18732,17968,1558,892,666,8377,3377,5000,8226,3320,4906,151,57,94,27162,14861,12301,25791,14062,11729,1371,799,572,2719,1386,1333,2683,1350,1333,36,36,0
76,Suffolk County (Central)--Brookhaven Town (West Central) PUMA,46984,23762,23222,44656,22147,22509,2328,1615,713,15114,6173,8941,14959,6081,8878,155,92,63,31078,17278,13800,28905,15755,13150,2173,1523,650,792,311,481,792,311,481,0,0,0
77,Westchester County (Southwest)--Yonkers City PUMA,42963,20950,22013,40521,19622,20899,2442,1328,1114,19843,8241,11602,18965,7844,11121,878,397,481,20736,11348,9388,19430,10570,8860,1306,778,528,2384,1361,1023,2126,1208,918,258,153,105
78,Erie County (North Central) PUMA,41388,20350,21038,40632,20149,20483,756,201,555,26278,13330,12948,25731,13129,12602,547,201,346,14860,6921,7939,14651,6921,7730,209,0,209,250,99,151,250,99,151,0,0,0
79,Saratoga County (South & Central) PUMA,44637,24307,20330,42983,23536,19447,1654,771,883,22411,11013,11398,22098,10947,11151,313,66,247,21214,12803,8411,20041,12266,7775,1173,537,636,1012,491,521,844,323,521,168,168,0
80,Suffolk County (South Central)--Brookhaven Town (South) PUMA,44857,21396,23461,43258,20467,22791,1599,929,670,13839,5436,8403,13839,5436,8403,0,0,0,28495,14459,14036,27627,14061,13566,868,398,470,2523,1501,1022,1792,970,822,731,531,200
81,"NYC-Staten Island Community District 3--Tottenville, Great Kills & Annadale PUMA",56691,27532,29159,53676,25781,27895,3015,1751,1264,22164,10779,11385,21430,10201,11229,734,578,156,33451,15872,17579,31238,14767,16471,2213,1105,1108,1076,881,195,1008,813,195,68,68,0
82,Herkimer (North & Central) & Oneida (Outer) Counties PUMA,44613,23503,21110,42895,22300,20595,1718,1203,515,11951,5333,6618,11805,5230,6575,146,103,43,29786,16186,13600,28687,15559,13128,1099,627,472,2876,1984,892,2403,1511,892,473,473,0
83,Niagara County (North & East) PUMA,42974,22677,20297,41007,21291,19716,1967,1386,581,12496,5608,6888,12496,5608,6888,0,0,0,27946,15638,12308,26239,14400,11839,1707,1238,469,2532,1431,1101,2272,1283,989,260,148,112
84,Monroe County (Central)--Rochester City (East) PUMA,34839,17840,16999,31224,16151,15073,3615,1689,1926,11667,5745,5922,11216,5489,5727,451,256,195,19520,9724,9796,17486,8771,8715,2034,953,1081,3652,2371,1281,2522,1891,631,1130,480,650
85,Warren & Washington Counties PUMA,48624,25766,22858,46667,24764,21903,1957,1002,955,13363,4620,8743,13234,4573,8661,129,47,82,32744,19243,13501,31189,18561,12628,1555,682,873,2517,1903,614,2244,1630,614,273,273,0
86,Nassau County (Southwest)--Hempstead Town (Southwest) & Long Beach City PUMA,31860,15939,15921,29635,14983,14652,2225,956,1269,18833,8995,9838,17407,8462,8945,1426,533,893,12734,6780,5954,11935,6357,5578,799,423,376,293,164,129,293,164,129,0,0,0
87,NYC-Brooklyn Community District 8--Crown Heights North & Prospect Heights PUMA,37813,18532,19281,35989,17309,18680,1824,1223,601,21681,10150,11531,21236,9755,11481,445,395,50,14069,7184,6885,12770,6436,6334,1299,748,551,2063,1198,865,1983,1118,865,80,80,0
88,Onondaga County (Central)--Syracuse City PUMA,39659,19974,19685,37411,18607,18804,2248,1367,881,14814,7182,7632,14709,7077,7632,105,105,0,20330,10941,9389,18794,10064,8730,1536,877,659,4515,1851,2664,3908,1466,2442,607,385,222
89,Westchester County (Central)--White Plains City PUMA,52624,26735,25889,50582,26080,24502,2042,655,1387,36946,17631,19315,35810,17326,18484,1136,305,831,15165,8696,6469,14259,8346,5913,906,350,556,513,408,105,513,408,105,0,0,0
90,NYC-Brooklyn Community District 3--Bedford-Stuyvesant PUMA,42855,21758,21097,37837,19442,18395,5018,2316,2702,15733,7590,8143,15136,7293,7843,597,297,300,23841,12549,11292,20257,10733,9524,3584,1816,1768,3281,1619,1662,2444,1416,1028,837,203,634
91,"NYC-Bronx Community District 1 & 2--Hunts Point, Longwood & Melrose PUMA",22215,9579,12636,19503,8307,11196,2712,1272,1440,3909,1393,2516,3909,1393,2516,0,0,0,14048,6679,7369,12812,6097,6715,1236,582,654,4258,1507,2751,2782,817,1965,1476,690,786
92,Cattaraugus & Allegany Counties PUMA,43617,23141,20476,40746,21128,19618,2871,2013,858,9118,4135,4983,8890,3992,4898,228,143,85,31536,16815,14721,29296,15348,13948,2240,1467,773,2963,2191,772,2560,1788,772,403,403,0
93,Oswego County PUMA,43967,22425,21542,40576,20080,20496,3391,2345,1046,8027,3985,4042,7721,3702,4019,306,283,23,31579,15993,15586,29640,14682,14958,1939,1311,628,4361,2447,1914,3215,1696,1519,1146,751,395
94,"NYC-Queens Community District 5--Ridgewood, Glendale & Middle Village PUMA",37672,20150,17522,35823,19401,16422,1849,749,1100,13031,6285,6746,12739,6194,6545,292,91,201,22883,13213,9670,21634,12731,8903,1249,482,767,1758,652,1106,1450,476,974,308,176,132
95,Monroe County (East) PUMA,51497,25900,25597,50089,24731,25358,1408,1169,239,23918,11614,12304,23591,11287,12304,327,327,0,26041,13068,12973,24960,12226,12734,1081,842,239,1538,1218,320,1538,1218,320,0,0,0
96,Westchester County (South Central)--New Rochelle & Mount Vernon Cities PUMA,47965,23459,24506,45769,21934,23835,2196,1525,671,28185,12547,15638,27316,12171,15145,869,376,493,17647,9640,8007,16483,8654,7829,1164,986,178,2133,1272,861,1970,1109,861,163,163,0
97,"NYC-Queens Community District 14--Far Rockaway, Breezy Point & Broad Channel PUMA",26627,12574,14053,22858,10556,12302,3769,2018,1751,12034,6052,5982,10665,5110,5555,1369,942,427,12372,5817,6555,10412,4991,5421,1960,826,1134,2221,705,1516,1781,455,1326,440,250,190
98,"NYC-Brooklyn Community District 12--Borough Park, Kensington & Ocean Parkway PUMA",26569,15784,10785,25443,15099,10344,1126,685,441,8496,5174,3322,8101,5014,3087,395,160,235,14623,8155,6468,13892,7630,6262,731,525,206,3450,2455,995,3450,2455,995,0,0,0
99,"NYC-Bronx Community District 10--Co-op City, Pelham Bay & Schuylerville PUMA",31661,16088,15573,28588,13983,14605,3073,2105,968,10514,4246,6268,9592,3847,5745,922,399,523,19604,11228,8376,17862,9728,8134,1742,1500,242,1543,614,929,1134,408,726,409,206,203
100,"NYC-Queens Community District 11--Bayside, Douglaston & Little Neck PUMA",23363,12635,10728,21638,11617,10021,1725,1018,707,13450,6316,7134,13013,5948,7065,437,368,69,9413,5857,3556,8125,5207,2918,1288,650,638,500,462,38,500,462,38,0,0,0
101,"NYC-Manhattan Community District 6--Murray Hill, Gramercy & Stuyvesant Town PUMA",59048,26476,32572,56707,25289,31418,2341,1187,1154,55652,23785,31867,53395,22682,30713,2257,1103,1154,3235,2530,705,3151,2446,705,84,84,0,161,161,0,161,161,0,0,0,0
102,Chautauqua County PUMA,48509,24797,23712,45339,23071,22268,3170,1726,1444,12369,5979,6390,11977,5740,6237,392,239,153,31882,16170,15712,29745,14877,14868,2137,1293,844,4258,2648,1610,3617,2454,1163,641,194,447
103,NYC-Brooklyn Community District 18--Canarsie & Flatlands PUMA,36554,15981,20573,34159,14721,19438,2395,1260,1135,15587,5461,10126,14934,4992,9942,653,469,184,19268,9598,9670,17753,8994,8759,1515,604,911,1699,922,777,1472,735,737,227,187,40
104,Erie County (West Central)--Buffalo City (East) PUMA,44437,20400,24037,39959,17941,22018,4478,2459,2019,9157,3743,5414,8842,3743,5099,315,0,315,31884,15606,16278,28811,13739,15072,3073,1867,1206,3396,1051,2345,2306,459,1847,1090,592,498
105,Genesee & Orleans Counties PUMA,39030,20660,18370,37354,19823,17531,1676,837,839,9637,4001,5636,9599,4001,5598,38,0,38,27328,15128,12200,25885,14466,11419,1443,662,781,2065,1531,534,1870,1356,514,195,175,20
106,"NYC-Staten Island Community District 1--Port Richmond, Stapleton & Mariner's Harbor PUMA",38155,17433,20722,36794,16873,19921,1361,560,801,15765,6518,9247,15364,6434,8930,401,84,317,20924,10692,10232,19964,10216,9748,960,476,484,1466,223,1243,1466,223,1243,0,0,0
107,"Steuben (North & West), Schuyler & Chemung (North) Counties PUMA",36620,19512,17108,34211,17973,16238,2409,1539,870,10118,4056,6062,9591,3939,5652,527,117,410,23862,13988,9874,22339,12869,9470,1523,1119,404,2640,1468,1172,2281,1165,1116,359,303,56
108,Nassau County (South Central)--Hempstead Town (Southeast) PUMA,32557,17078,15479,31341,16359,14982,1216,719,497,17743,7818,9925,17177,7527,9650,566,291,275,14683,9260,5423,14090,8832,5258,593,428,165,131,0,131,74,0,74,57,0,57
109,"NYC-Bronx Community District 9--Castle Hill, Clason Point & Parkchester PUMA",33832,14599,19233,29868,12922,16946,3964,1677,2287,7743,2509,5234,6853,2042,4811,890,467,423,21913,10250,11663,19880,9465,10415,2033,785,1248,4176,1840,2336,3135,1415,1720,1041,425,616
110,Suffolk County (East) PUMA,39877,21624,18253,38425,20614,17811,1452,1010,442,17820,8732,9088,17544,8608,8936,276,124,152,21443,12317,9126,20638,11802,8836,805,515,290,614,575,39,243,204,39,371,371,0
111,Orange County (Northwest) PUMA,39072,20500,18572,38069,19998,18071,1003,502,501,13423,5883,7540,13156,5816,7340,267,67,200,24253,13495,10758,23619,13162,10457,634,333,301,1396,1122,274,1294,1020,274,102,102,0
112,Broome County (West Central)--Greater Binghamton City & Greater Johnson City Village PUMA,38991,19369,19622,36999,18308,18691,1992,1061,931,13226,6170,7056,12861,5834,7027,365,336,29,23769,12087,11682,22265,11485,10780,1504,602,902,1996,1112,884,1873,989,884,123,123,0
113,"NYC-Bronx Community District 11--Pelham Parkway, Morris Park & Laconia PUMA",26982,12614,14368,24306,11696,12610,2676,918,1758,8764,2982,5782,8093,2890,5203,671,92,579,15466,7955,7511,14230,7593,6637,1236,362,874,2752,1677,1075,1983,1213,770,769,464,305
114,Suffolk County (Northwest)--Smithtown Town PUMA,43670,23657,20013,42231,22510,19721,1439,1147,292,23697,11945,11752,23065,11417,11648,632,528,104,19973,11712,8261,19166,11093,8073,807,619,188,0,0,0,0,0,0,0,0,0
115,Ulster County (East) PUMA,55178,28218,26960,52965,27024,25941,2213,1194,1019,18894,8614,10280,18558,8348,10210,336,266,70,33791,17925,15866,32179,17193,14986,1612,732,880,2493,1679,814,2228,1483,745,265,196,69
116,Westchester County (Northeast) PUMA,46047,24311,21736,44774,23569,21205,1273,742,531,31284,16807,14477,30456,16433,14023,828,374,454,14582,7504,7078,14137,7136,7001,445,368,77,181,0,181,181,0,181,0,0,0
117,NYC-Brooklyn Community District 4--Bushwick PUMA,32979,20563,12416,30117,18283,11834,2862,2280,582,14663,7708,6955,14222,7343,6879,441,365,76,15175,10405,4770,13594,9018,4576,1581,1387,194,3141,2450,691,2301,1922,379,840,528,312
118,NYC-Manhattan Community District 3--Chinatown & Lower East Side PUMA,43609,24545,19064,40456,22655,17801,3153,1890,1263,32579,17849,14730,30543,16871,13672,2036,978,1058,10729,6528,4201,9612,5616,3996,1117,912,205,301,168,133,301,168,133,0,0,0
119,Dutchess County (North & East) PUMA,44881,24125,20756,42089,22388,19701,2792,1737,1055,19579,9288,10291,19121,8961,10160,458,327,131,23320,13263,10057,21594,12388,9206,1726,875,851,1982,1574,408,1374,1039,335,608,535,73
120,Nassau County (Central)--Hempstead Town (North Central)--Meadowbrook Corridor PUMA,25879,10947,14932,24106,10077,14029,1773,870,903,9314,3518,5796,9161,3518,5643,153,0,153,14914,6624,8290,13743,5849,7894,1171,775,396,1651,805,846,1202,710,492,449,95,354
121,Broome (Outer West) & Tioga Counties PUMA,42047,23149,18898,39654,21607,18047,2393,1542,851,12211,5845,6366,11954,5604,6350,257,241,16,27851,15929,11922,25738,14651,11087,2113,1278,835,1985,1375,610,1962,1352,610,23,23,0
122,"Rockland County (South)--Orangetown, Clarkstown (South) & Ramapo (Southeast) Towns PUMA",32241,17711,14530,31215,16837,14378,1026,874,152,16048,7650,8398,16001,7645,8356,47,5,42,15816,9849,5967,14837,8980,5857,979,869,110,377,212,165,377,212,165,0,0,0
123,"NYC-Brooklyn Community District 17--East Flatbush, Farragut & Rugby PUMA",18282,8271,10011,16738,7203,9535,1544,1068,476,5718,1720,3998,5351,1643,3708,367,77,290,11386,5821,5565,10754,5233,5521,632,588,44,1178,730,448,633,327,306,545,403,142
124,Orange County (Northeast)--Greater Newburgh City PUMA,40944,20616,20328,38846,19750,19096,2098,866,1232,13941,6958,6983,13421,6525,6896,520,433,87,26000,12908,13092,24422,12475,11947,1578,433,1145,1003,750,253,1003,750,253,0,0,0
125,"NYC-Manhattan Community District 1 & 2--Battery Park City, Greenwich Village & Soho PUMA",63174,34390,28784,60218,33110,27108,2956,1280,1676,57349,30180,27169,55260,29619,25641,2089,561,1528,5058,3509,1549,4616,3215,1401,442,294,148,767,701,66,342,276,66,425,425,0
126,NYC-Queens Community District 6--Forest Hills & Rego Park PUMA,23189,12725,10464,22239,12211,10028,950,514,436,17087,8472,8615,16739,8124,8615,348,348,0,5650,3967,1683,5048,3801,1247,602,166,436,452,286,166,452,286,166,0,0,0
127,Onondaga County (North) PUMA,53179,26446,26733,51388,25420,25968,1791,1026,765,23095,10724,12371,23022,10651,12371,73,73,0,29092,14879,14213,27635,14038,13597,1457,841,616,992,843,149,731,731,0,261,112,149
128,Nassau County (Northeast)--Oyster Bay Town (North) & Glen Cove City PUMA,33608,19069,14539,32859,18647,14212,749,422,327,21529,11973,9556,21204,11802,9402,325,171,154,11553,6708,4845,11129,6457,4672,424,251,173,526,388,138,526,388,138,0,0,0
129,Monroe County (North & West) PUMA,42473,20923,21550,41131,20320,20811,1342,603,739,17391,8069,9322,16979,7948,9031,412,121,291,23590,11793,11797,22778,11429,11349,812,364,448,1492,1061,431,1374,943,431,118,118,0
130,Sullivan & Ulster (West) Counties PUMA,35693,18291,17402,33531,16976,16555,2162,1315,847,11400,4391,7009,11210,4391,6819,190,0,190,21390,12238,9152,20199,11504,8695,1191,734,457,2903,1662,1241,2122,1081,1041,781,581,200
131,Suffolk County (Southwest)--Babylon Town (Southeast) PUMA,36093,17698,18395,34435,16879,17556,1658,819,839,14509,5657,8852,14092,5600,8492,417,57,360,20218,11142,9076,19466,10789,8677,752,353,399,1366,899,467,877,490,387,489,409,80
132,Suffolk County (Northwest)--Huntington Town (North) PUMA,34784,18092,16692,34174,17660,16514,610,432,178,21482,11165,10317,20942,10733,10209,540,432,108,13076,6701,6375,13006,6701,6305,70,0,70,226,226,0,226,226,0,0,0,0
133,"NYC-Queens Community District 12--Jamaica, Hollis & St. Albans PUMA",46510,20539,25971,42022,17878,24144,4488,2661,1827,12855,3885,8970,12105,3545,8560,750,340,410,30798,14710,16088,27718,13047,14671,3080,1663,1417,2857,1944,913,2199,1286,913,658,658,0
134,"NYC-Queens Community District 13--Queens Village, Cambria Heights & Rosedale PUMA",43141,22257,20884,40537,20675,19862,2604,1582,1022,15159,6486,8673,14138,5771,8367,1021,715,306,26794,14913,11881,25653,14267,11386,1141,646,495,1188,858,330,746,637,109,442,221,221
135,Monroe County (Central)--Rochester City (West) PUMA,28489,13115,15374,25480,11184,14296,3009,1931,1078,6024,3332,2692,5874,3182,2692,150,150,0,19320,8225,11095,17067,6879,10188,2253,1346,907,3145,1558,1587,2539,1123,1416,606,435,171
136,NYC-Queens Community District 10--Howard Beach & Ozone Park PUMA,22718,11428,11290,21018,10580,10438,1700,848,852,8463,3466,4997,8391,3394,4997,72,72,0,13173,7231,5942,11889,6587,5302,1284,644,640,1082,731,351,738,599,139,344,132,212
137,Suffolk County (Central)--Islip Town (Northwest) PUMA,19883,8979,10904,19011,8345,10666,872,634,238,3628,1553,2075,3628,1553,2075,0,0,0,15070,6659,8411,14198,6025,8173,872,634,238,1185,767,418,1185,767,418,0,0,0
138,Putnam County PUMA,38113,19347,18766,37635,18869,18766,478,478,0,17092,7579,9513,17092,7579,9513,0,0,0,20130,11167,8963,19652,10689,8963,478,478,0,891,601,290,891,601,290,0,0,0
139,NYC-Queens Community District 2--Sunnyside & Woodside PUMA,28833,14989,13844,26975,13537,13438,1858,1452,406,16363,8066,8297,15542,7474,8068,821,592,229,11001,5883,5118,10237,5151,5086,764,732,32,1469,1040,429,1196,912,284,273,128,145
140,Nassau County (Central)--Hempstead Town (East Central) PUMA,39520,20830,18690,37933,20528,17405,1587,302,1285,24212,11305,12907,22982,11063,11919,1230,242,988,14885,9164,5721,14528,9104,5424,357,60,297,423,361,62,423,361,62,0,0,0
141,Suffolk County (Northwest)--Huntington Town (South) PUMA,37079,19063,18016,36170,18441,17729,909,622,287,20489,10527,9962,20262,10527,9735,227,0,227,15588,8202,7386,14906,7580,7326,682,622,60,1002,334,668,1002,334,668,0,0,0
142,"NYC-Bronx Community District 4--Concourse, Highbridge & Mount Eden PUMA",17044,6638,10406,15517,5524,9993,1527,1114,413,4350,1041,3309,4208,1041,3167,142,0,142,10315,4597,5718,9624,3993,5631,691,604,87,2379,1000,1379,1685,490,1195,694,510,184
143,Nassau County (Central)--Hempstead Town (Northeast) PUMA,38953,19342,19611,37267,18440,18827,1686,902,784,17273,8401,8872,16370,7984,8386,903,417,486,21029,10473,10556,20246,9988,10258,783,485,298,651,468,183,651,468,183,0,0,0
144,NYC-Brooklyn Community District 14--Flatbush & Midwood PUMA,31512,16999,14513,29767,16121,13646,1745,878,867,18555,8570,9985,17967,8369,9598,588,201,387,12134,7773,4361,11215,7258,3957,919,515,404,823,656,167,585,494,91,238,162,76
145,"Rockland County (West)--Spring Valley, Suffern Villages & Monsey PUMA",23112,13124,9988,21487,11915,9572,1625,1209,416,8229,4550,3679,8050,4371,3679,179,179,0,12128,6721,5407,11318,6090,5228,810,631,179,2755,1853,902,2119,1454,665,636,399,237
146,Capital Region,411633,215774,195859,393366,205895,187471,18267,9879,8388,156435,74150,82285,153467,72923,80544,2968,1227,1741,238254,129493,108761,225280,122736,102544,12974,6757,6217,16944,12131,4813,14619,10236,4383,2325,1895,430
147,Central NY,292521,148668,143853,278678,140141,138537,13843,8527,5316,104180,49554,54626,102325,48333,53992,1855,1221,634,173394,90727,82667,164309,85099,79210,9085,5628,3457,14947,8387,6560,12044,6709,5335,2903,1678,1225
148,Finger Lakes,448655,230436,218219,428487,219031,209456,20168,11405,8763,162459,76685,85774,159405,75291,84114,3054,1394,1660,262522,137843,124679,248063,129510,118553,14459,8333,6126,23674,15908,7766,21019,14230,6789,2655,1678,977
149,Long Island,895977,465878,430099,859931,444886,415045,36046,20992,15054,434156,208514,225642,420999,202053,218946,13157,6461,6696,441568,244066,197502,421315,231302,190013,20253,12764,7489,20253,13298,6955,17617,11531,6086,2636,1767,869
150,Mid-Hudson,693527,361523,332004,663806,344697,319109,29721,16826,12895,331057,158206,172851,322459,154181,168278,8598,4025,4573,335447,185834,149613,317822,175561,142261,17625,10273,7352,27023,17483,9540,23525,14955,8570,3498,2528,970
151,Mohawk Valley,174815,90578,84237,164817,84517,80300,9998,6061,3937,46146,20753,25393,45178,19972,25206,968,781,187,116959,62663,54296,109912,58304,51608,7047,4359,2688,11710,7162,4548,9727,6241,3486,1983,921,1062
152,New York City,1862694,931976,930718,1736912,861710,875202,125782,70266,55516,1025131,483312,541819,984568,461301,523267,40563,22011,18552,742908,394644,348264,677102,358468,318634,65806,36176,29630,94655,54020,40635,75242,41941,33301,19413,12079,7334
153,North Country,144446,75791,68655,136288,71618,64670,8158,4173,3985,34542,16346,18196,33876,16133,17743,666,213,453,100803,52744,48059,95350,50242,45108,5453,2502,2951,9101,6701,2400,7062,5243,1819,2039,1458,581
154,Southern Tier,227059,117497,109562,215021,109758,105263,12038,7739,4299,75198,34009,41189,72741,32479,40262,2457,1530,927,140999,76427,64572,133230,71950,61280,7769,4477,3292,10862,7061,3801,9050,5329,3721,1812,1732,80
155,Western NY,521640,263805,257835,495751,248438,247313,25889,15367,10522,180725,83879,96846,175850,81301,94549,4875,2578,2297,318101,165953,152148,300779,155352,145427,17322,10601,6721,22814,13973,8841,19122,11785,7337,3692,2188,1504
