,puma,Total_geo,Total_geo_m,Total_geo_f,Total_NP_mf_t,Total_NP_m,Total_NP_f,Total_P_mf_t,Total_P_m,Total_P_f,Total_BABS,Total_BABS_m,Total_BABS_f,BABS_NP_mf_t,BABS_NP_m,BABS_NP_f,BABS_P_mf_t,BABS_P_m,BABS_P_f,Total_HS,Total_HS_m,Total_HS_f,HS_NP_mf_t,HS_NP_m,HS_NP_f,HS_P_mf_t,HS_P_m,HS_P_f,Total_HSINC,Total_HSINC_m,Total_HSINC_f,HSINC_NP_mf_t,HSINC_NP_m,HSINC_NP_f,HSINC_P_mf_t,HSINC_P_m,HSINC_P_f
0,Total Geo,4765155,2581715,2183440,4479245,2440155,2039090,285910,141560,144350,2244280,1111142,1133138,2196841,1087762,1109079,47439,23380,24059,2345689,1351316,994373,2148802,1257092,891710,196887,94224,102663,175186,119257,55929,133602,95301,38301,41584,23956,17628
1,NYC-Manhattan Community District 7--Upper West Side & West Side PUMA,80046,36520,43526,70724,32236,38488,9322,4284,5038,66153,28163,37990,62551,26399,36152,3602,1764,1838,12144,7670,4474,7670,5659,2011,4474,2011,2463,1749,687,1062,503,178,325,1246,509,737
2,Nassau County (West Central)--Hempstead Town (Northwest) PUMA,44324,22302,22022,41764,21303,20461,2560,999,1561,22626,10490,12136,21752,10052,11700,874,438,436,19094,10453,8641,17879,9912,7967,1215,541,674,2604,1359,1245,2133,1339,794,471,20,451
3,NYC-Brooklyn Community District 2--Brooklyn Heights & Fort Greene PUMA,62750,31501,31249,52083,25322,26761,10667,6179,4488,43955,20739,23216,41440,19200,22240,2515,1539,976,15558,9276,6282,9478,5591,3887,6080,3685,2395,3237,1486,1751,1165,531,634,2072,955,1117
4,Madison & Cortland Counties PUMA,57025,28737,28288,46681,24447,22234,10344,4290,6054,15159,7198,7961,14361,6614,7747,798,584,214,38677,19450,19227,30396,16752,13644,8281,2698,5583,3189,2089,1100,1924,1081,843,1265,1008,257
5,Ontario & Yates Counties PUMA,64916,32039,32877,54883,27919,26964,10033,4120,5913,22316,10056,12260,21443,9812,11631,873,244,629,37858,18983,18875,30488,15884,14604,7370,3099,4271,4742,3000,1742,2952,2223,729,1790,777,1013
6,Monroe County (Central)--Greece & Gates Towns PUMA,61922,30248,31674,54335,27182,27153,7587,3066,4521,18559,7855,10704,17072,7504,9568,1487,351,1136,40889,20910,19979,35652,18624,17028,5237,2286,2951,2474,1483,991,1611,1054,557,863,429,434
7,Nassau County (East Central)--Oyster Bay Town (Central) PUMA,35407,17301,18106,33562,16483,17079,1845,818,1027,18696,8303,10393,17968,8073,9895,728,230,498,15317,8433,6884,14200,7845,6355,1117,588,529,1394,565,829,1394,565,829,0,0,0
8,"Clinton, Franklin, Essex & Hamilton Counties PUMA",79698,40262,39436,61776,32084,29692,17922,8178,9744,14728,6337,8391,13982,6249,7733,746,88,658,57241,29222,28019,43751,23114,20637,13490,6108,7382,7729,4703,3026,4043,2721,1322,3686,1982,1704
9,NYC-Manhattan Community District 8--Upper East Side PUMA,87976,39360,48616,83037,37542,45495,4939,1818,3121,73169,32035,41134,70169,31097,39072,3000,938,2062,14731,7325,7406,12868,6445,6423,1863,880,983,76,0,76,0,0,0,76,0,76
10,Suffolk County (Southwest)--Islip Town (South) PUMA,49077,24611,24466,44624,22262,22362,4453,2349,2104,19704,8797,10907,19560,8653,10907,144,144,0,27492,14373,13119,24394,13115,11279,3098,1258,1840,1881,1441,440,670,494,176,1211,947,264
11,Erie County (Northwest) PUMA,50514,23757,26757,44013,21609,22404,6501,2148,4353,19113,8637,10476,18750,8539,10211,363,98,265,29521,13921,15600,24103,12299,11804,5418,1622,3796,1880,1199,681,1160,771,389,720,428,292
12,"NYC-Queens Community District 8--Briarwood, Fresh Meadows & Hillcrest PUMA",29428,13512,15916,25294,11729,13565,4134,1783,2351,15787,7938,7849,14652,7144,7508,1135,794,341,11820,5006,6814,9612,4188,5424,2208,818,1390,1821,568,1253,1030,397,633,791,171,620
13,NYC-Brooklyn Community District 5--East New York & Starrett City PUMA,34124,15126,18998,21256,10672,10584,12868,4454,8414,6521,2902,3619,5817,2546,3271,704,356,348,23396,11116,12280,14028,7802,6226,9368,3314,6054,4207,1108,3099,1411,324,1087,2796,784,2012
14,Rockland County (North)--New City & Congers PUMA,36546,17245,19301,34372,16611,17761,2174,634,1540,16778,7718,9060,16333,7431,8902,445,287,158,17350,8219,9131,15924,7983,7941,1426,236,1190,2418,1308,1110,2115,1197,918,303,111,192
15,"Otsego, Schoharie, Oneida (South) & Herkimer (South) Counties PUMA",53681,26538,27143,44629,22126,22503,9052,4412,4640,12532,5101,7431,11039,4418,6621,1493,683,810,37441,19717,17724,31419,16553,14866,6022,3164,2858,3708,1720,1988,2171,1155,1016,1537,565,972
16,NYC-Brooklyn Community District 7--Sunset Park & Windsor Terrace PUMA,25259,12896,12363,20589,10685,9904,4670,2211,2459,15341,6799,8542,14484,6329,8155,857,470,387,7106,4150,2956,4891,3518,1373,2215,632,1583,2812,1947,865,1214,838,376,1598,1109,489
17,NYC-Brooklyn Community District 11--Bensonhurst & Bath Beach PUMA,27386,12766,14620,22863,10333,12530,4523,2433,2090,10517,3619,6898,9372,2917,6455,1145,702,443,15135,8195,6940,12648,7090,5558,2487,1105,1382,1734,952,782,843,326,517,891,626,265
18,Tompkins County PUMA,41126,20041,21085,34620,17586,17034,6506,2455,4051,22104,10790,11314,20311,10435,9876,1793,355,1438,17667,8224,9443,13303,6379,6924,4364,1845,2519,1355,1027,328,1006,772,234,349,255,94
19,Dutchess County (Southwest) PUMA,69641,33245,36396,61526,30716,30810,8115,2529,5586,23023,9768,13255,22348,9512,12836,675,256,419,42629,21782,20847,36325,19816,16509,6304,1966,4338,3989,1695,2294,2853,1388,1465,1136,307,829
20,NYC-Queens Community District 9--Richmond Hill & Woodhaven PUMA,29670,15010,14660,23706,12558,11148,5964,2452,3512,11159,4844,6315,9517,4207,5310,1642,637,1005,16461,8812,7649,12919,7385,5534,3542,1427,2115,2050,1354,696,1270,966,304,780,388,392
21,Westchester County (Northwest) PUMA,51170,25274,25896,46189,23523,22666,4981,1751,3230,28608,13349,15259,27834,13003,14831,774,346,428,20634,10856,9778,17366,9700,7666,3268,1156,2112,1928,1069,859,989,820,169,939,249,690
22,Albany County (Outside Albany City) PUMA,92352,45284,47068,83528,40545,42983,8824,4739,4085,37036,18669,18367,35090,17734,17356,1946,935,1011,51102,23573,27529,45965,20835,25130,5137,2738,2399,4214,3042,1172,2473,1976,497,1741,1066,675
23,Monroe County (South) PUMA,72806,36204,36602,67451,33351,34100,5355,2853,2502,41269,19257,22012,40250,18714,21536,1019,543,476,28945,15116,13829,25658,13731,11927,3287,1385,1902,2592,1831,761,1543,906,637,1049,925,124
24,Jefferson & Lewis Counties PUMA,64525,32879,31646,51930,27522,24408,12595,5357,7238,13604,5912,7692,12492,5404,7088,1112,508,604,45156,23240,21916,36355,19950,16405,8801,3290,5511,5765,3727,2038,3083,2168,915,2682,1559,1123
25,"Chenango, Delaware & Broome (East) Counties PUMA",52751,26543,26208,39368,20455,18913,13383,6088,7295,10611,4154,6457,9276,3771,5505,1335,383,952,37378,19410,17968,27598,15103,12495,9780,4307,5473,4762,2979,1783,2494,1581,913,2268,1398,870
26,Erie County (Central) PUMA,77540,36829,40711,65567,32079,33488,11973,4750,7223,20046,7897,12149,18699,7421,11278,1347,476,871,54708,27286,27422,44860,23422,21438,9848,3864,5984,2786,1646,1140,2008,1236,772,778,410,368
27,St. Lawrence County PUMA,49714,25048,24666,38285,20055,18230,11429,4993,6436,12188,6273,5915,11377,6050,5327,811,223,588,33453,16515,16938,24876,12795,12081,8577,3720,4857,4073,2260,1813,2032,1210,822,2041,1050,991
28,"NYC-Manhattan Community District 9--Hamilton Heights, Manhattanville & West Harlem PUMA",34239,16225,18014,26465,12966,13499,7774,3259,4515,22543,11051,11492,19287,9389,9898,3256,1662,1594,9063,3790,5273,5950,2589,3361,3113,1201,1912,2633,1384,1249,1228,988,240,1405,396,1009
29,Suffolk County (North Central)--Brookhaven Town (North) PUMA,46496,23803,22693,43090,22230,20860,3406,1573,1833,21993,10375,11618,21624,10213,11411,369,162,207,23156,12731,10425,20850,11498,9352,2306,1233,1073,1347,697,650,616,519,97,731,178,553
30,NYC-Brooklyn Community District 1--Greenpoint & Williamsburg PUMA,64795,34340,30455,49764,27191,22573,15031,7149,7882,37231,19255,17976,35116,18729,16387,2115,526,1589,23514,12556,10958,13195,7494,5701,10319,5062,5257,4050,2529,1521,1453,968,485,2597,1561,1036
31,Cayuga & Onondaga (South) Counties PUMA,55709,27783,27926,48606,25020,23586,7103,2763,4340,17059,6882,10177,15994,6739,9255,1065,143,922,35242,18935,16307,30583,16892,13691,4659,2043,2616,3408,1966,1442,2029,1389,640,1379,577,802
32,Nassau County (Southeast)--Oyster Bay Town (South) PUMA,51781,26693,25088,49776,25936,23840,2005,757,1248,23808,10676,13132,23115,10312,12803,693,364,329,27639,15905,11734,26489,15624,10865,1150,281,869,334,112,222,172,0,172,162,112,50
33,Fulton & Montgomery Counties PUMA,50732,25190,25542,38250,20066,18184,12482,5124,7358,8621,3632,4989,7577,3099,4478,1044,533,511,36328,19055,17273,27803,15426,12377,8525,3629,4896,5783,2503,3280,2870,1541,1329,2913,962,1951
34,Onondaga County (Central)--Syracuse City (Outer) PUMA,77927,37399,40528,69654,33689,35965,8273,3710,4563,33499,16045,17454,31783,15159,16624,1716,886,830,42079,20285,21794,36462,18075,18387,5617,2210,3407,2349,1069,1280,1409,455,954,940,614,326
35,NYC-Staten Island Community District 2--New Springville & South Beach PUMA,45791,22597,23194,40074,19768,20306,5717,2829,2888,15229,6495,8734,14554,6495,8059,675,0,675,27057,14276,12781,23037,11973,11064,4020,2303,1717,3505,1826,1679,2483,1300,1183,1022,526,496
36,Niagara County (Southwest)--Greater Niagara Falls & North Tonawanda Area PUMA,53169,26020,27149,38599,20462,18137,14570,5558,9012,8719,3539,5180,7847,3217,4630,872,322,550,39788,20423,19365,29018,16416,12602,10770,4007,6763,4662,2058,2604,1734,829,905,2928,1229,1699
37,Suffolk County (Central)--Brookhaven Town (Central) PUMA,52259,27692,24567,48154,26302,21852,4105,1390,2715,17754,9038,8716,17239,8796,8443,515,242,273,32186,16821,15365,29258,16027,13231,2928,794,2134,2319,1833,486,1657,1479,178,662,354,308
38,"NYC-Bronx Community District 7--Bedford Park, Fordham North & Norwood PUMA",26644,12804,13840,15857,8835,7022,10787,3969,6818,4993,1992,3001,4356,1992,2364,637,0,637,16349,7442,8907,9480,5214,4266,6869,2228,4641,5302,3370,1932,2021,1629,392,3281,1741,1540
39,NYC-Queens Community District 4--Elmhurst & South Corona PUMA,10853,5210,5643,7791,4477,3314,3062,733,2329,4161,2216,1945,3480,2020,1460,681,196,485,5188,2401,2787,3348,1882,1466,1840,519,1321,1504,593,911,963,575,388,541,18,523
40,"NYC-Brooklyn Community District 6--Park Slope, Carroll Gardens & Red Hook PUMA",58359,28604,29755,54073,27581,26492,4286,1023,3263,47982,22984,24998,46848,22679,24169,1134,305,829,8767,4899,3868,6177,4193,1984,2590,706,1884,1610,721,889,1048,709,339,562,12,550
41,Suffolk County (Central)--Islip Town (East) PUMA,48638,23382,25256,47410,22701,24709,1228,681,547,20134,8910,11224,19858,8871,10987,276,39,237,27502,13659,13843,26587,13054,13533,915,605,310,1002,813,189,965,776,189,37,37,0
42,"NYC-Brooklyn Community District 9--Crown Heights South, Prospect Lefferts & Wingate PUMA",26266,12374,13892,20183,9945,10238,6083,2429,3654,11883,5845,6038,10157,4904,5253,1726,941,785,12445,5358,7087,9199,4349,4850,3246,1009,2237,1938,1171,767,827,692,135,1111,479,632
43,"NYC-Queens Community District 7--Flushing, Murray Hill & Whitestone PUMA",38350,19696,18654,32094,16584,15510,6256,3112,3144,17250,7968,9282,15508,7424,8084,1742,544,1198,19408,10735,8673,15789,8652,7137,3619,2083,1536,1692,993,699,797,508,289,895,485,410
44,NYC-Queens Community District 3--Jackson Heights & North Corona PUMA,20872,11694,9178,18062,10552,7510,2810,1142,1668,9268,5750,3518,8696,5260,3436,572,490,82,9302,4427,4875,7795,4017,3778,1507,410,1097,2302,1517,785,1571,1275,296,731,242,489
45,Saratoga County (Outer) PUMA,60114,29678,30436,54982,27323,27659,5132,2355,2777,21312,9617,11695,19964,9429,10535,1348,188,1160,36912,18588,18324,33795,17001,16794,3117,1587,1530,1890,1473,417,1223,893,330,667,580,87
46,"NYC-Bronx Community District 12--Wakefield, Williamsbridge & Woodlawn PUMA",28795,12395,16400,20472,9436,11036,8323,2959,5364,7287,3062,4225,6618,2848,3770,669,214,455,18267,7773,10494,12535,5938,6597,5732,1835,3897,3241,1560,1681,1319,650,669,1922,910,1012
47,"NYC-Brooklyn Community District 15--Sheepshead Bay, Gerritsen Beach & Homecrest PUMA",24188,11791,12397,20462,10176,10286,3726,1615,2111,10061,4462,5599,9779,4223,5556,282,239,43,12824,6666,6158,10118,5541,4577,2706,1125,1581,1303,663,640,565,412,153,738,251,487
48,Wayne & Seneca Counties PUMA,62457,30282,32175,50764,25413,25351,11693,4869,6824,12770,5742,7028,11776,5210,6566,994,532,462,44665,21851,22814,36938,18789,18149,7727,3062,4665,5022,2689,2333,2050,1414,636,2972,1275,1697
49,Schenectady County--Schenectady City PUMA,68193,33651,34542,56916,28945,27971,11277,4706,6571,24937,11582,13355,23824,11082,12742,1113,500,613,38897,19137,19760,30632,16105,14527,8265,3032,5233,4359,2932,1427,2460,1758,702,1899,1174,725
50,NYC-Brooklyn Community District 10--Bay Ridge & Dyker Heights PUMA,32421,16910,15511,28851,14718,14133,3570,2192,1378,19182,8864,10318,18487,8559,9928,695,305,390,11760,7329,4431,9426,5631,3795,2334,1698,636,1479,717,762,938,528,410,541,189,352
51,Nassau County (Northwest)--North Hempstead Town (North) PUMA,33649,16412,17237,31531,15335,16196,2118,1077,1041,25135,11796,13339,23974,11247,12727,1161,549,612,8131,4331,3800,7399,3944,3455,732,387,345,383,285,98,158,144,14,225,141,84
52,Suffolk County (West Central)--Babylon Town (Northwest) PUMA,42727,22422,20305,36129,19064,17065,6598,3358,3240,14863,6625,8238,13393,6296,7097,1470,329,1141,25855,14572,11283,21174,11810,9364,4681,2762,1919,2009,1225,784,1562,958,604,447,267,180
53,"NYC-Manhattan Community District 4 & 5--Chelsea, Clinton & Midtown Business District PUMA",77043,44690,32353,67818,39446,28372,9225,5244,3981,64534,37375,27159,60276,34168,26108,4258,3207,1051,10717,6553,4164,6984,4857,2127,3733,1696,2037,1792,762,1030,558,421,137,1234,341,893
54,Columbia & Greene Counties PUMA,51342,25028,26314,38947,19679,19268,12395,5349,7046,15366,6688,8678,13812,6436,7376,1554,252,1302,33128,16682,16446,23857,12539,11318,9271,4143,5128,2848,1658,1190,1278,704,574,1570,954,616
55,Rensselaer County--Troy City PUMA,80612,39217,41395,71439,34755,36684,9173,4462,4711,24954,10451,14503,23757,9848,13909,1197,603,594,50549,25399,25150,44164,22179,21985,6385,3220,3165,5109,3367,1742,3518,2728,790,1591,639,952
56,Erie County (West Central)--Buffalo City (West) PUMA,48893,25692,23201,34158,18268,15890,14735,7424,7311,20391,10080,10311,17675,8704,8971,2716,1376,1340,25266,13249,12017,15204,8609,6595,10062,4640,5422,3236,2363,873,1279,955,324,1957,1408,549
57,Erie County (South) PUMA,88520,44577,43943,81482,40497,40985,7038,4080,2958,30741,14021,16720,30299,13767,16532,442,254,188,54168,28384,25784,48362,25024,23338,5806,3360,2446,3611,2172,1439,2821,1706,1115,790,466,324
58,Oneida County (Central)--Greater Utica & Rome Cities PUMA,65076,32288,32788,49357,25555,23802,15719,6733,8986,18140,8761,9379,16443,7712,8731,1697,1049,648,41536,20414,21122,30840,16250,14590,10696,4164,6532,5400,3113,2287,2074,1593,481,3326,1520,1806
59,"NYC-Manhattan Community District 12--Washington Heights, Inwood & Marble Hill PUMA",62302,30680,31622,50347,26366,23981,11955,4314,7641,34908,16247,18661,30560,15022,15538,4348,1225,3123,22162,12243,9919,17817,9788,8029,4345,2455,1890,5232,2190,3042,1970,1556,414,3262,634,2628
60,NYC-Brooklyn Community District 13--Brighton Beach & Coney Island PUMA,19335,9185,10150,13130,5984,7146,6205,3201,3004,6476,2415,4061,5153,1521,3632,1323,894,429,8907,4136,4771,6612,3295,3317,2295,841,1454,3952,2634,1318,1365,1168,197,2587,1466,1121
61,NYC-Manhattan Community District 10--Central Harlem PUMA,54708,23549,31159,38929,16988,21941,15779,6561,9218,23202,9624,13578,19939,8432,11507,3263,1192,2071,25985,11885,14100,16596,7524,9072,9389,4361,5028,5521,2040,3481,2394,1032,1362,3127,1008,2119
62,Nassau County (West Central)--North Hempstead Town (South) PUMA,35595,17446,18149,33554,16708,16846,2041,738,1303,19969,9418,10551,19589,9343,10246,380,75,305,15032,7758,7274,13446,7095,6351,1586,663,923,594,270,324,519,270,249,75,0,75
63,NYC-Brooklyn Community District 16--Brownsville & Ocean Hill PUMA,37549,17825,19724,19523,10107,9416,18026,7718,10308,5686,2723,2963,5063,2365,2698,623,358,265,24903,10878,14025,12473,6706,5767,12430,4172,8258,6960,4224,2736,1987,1036,951,4973,3188,1785
64,Albany County (East Central)--Albany City PUMA,44678,22927,21751,30855,15548,15307,13823,7379,6444,15517,7556,7961,13909,6405,7504,1608,1151,457,24334,12085,12249,15593,8391,7202,8741,3694,5047,4827,3286,1541,1353,752,601,3474,2534,940
65,Nassau County (West Central)--Hempstead Town (West Central) PUMA,33625,18614,15011,31816,17867,13949,1809,747,1062,17095,9072,8023,16814,8955,7859,281,117,164,15789,9155,6634,14729,8639,6090,1060,516,544,741,387,354,273,273,0,468,114,354
66,Chemung (South) & Steuben (East) Counties--Greater Elmira & Greater Corning Cities PUMA,49380,23810,25570,39515,19349,20166,9865,4461,5404,13515,5041,8474,12905,4878,8027,610,163,447,32626,16588,16038,25242,13428,11814,7384,3160,4224,3239,2181,1058,1368,1043,325,1871,1138,733
67,"NYC-Bronx Community District 3 & 6--Belmont, Crotona Park East & East Tremont PUMA",40490,16495,23995,19042,8981,10061,21448,7514,13934,5923,2271,3652,4366,1827,2539,1557,444,1113,23993,8896,15097,11401,4975,6426,12592,3921,8671,10574,5328,5246,3275,2179,1096,7299,3149,4150
68,"NYC-Bronx Community District 5--Morris Heights, Fordham South & Mount Hope PUMA",24263,10988,13275,13021,6351,6670,11242,4637,6605,4784,1351,3433,4411,1351,3060,373,0,373,13292,6013,7279,7137,3986,3151,6155,2027,4128,6187,3624,2563,1473,1014,459,4714,2610,2104
69,"NYC-Bronx Community District 8--Riverdale, Fieldston & Kingsbridge PUMA",31124,14774,16350,26279,13286,12993,4845,1488,3357,15506,7294,8212,14998,7095,7903,508,199,309,13316,6457,6859,10223,5540,4683,3093,917,2176,2302,1023,1279,1058,651,407,1244,372,872
70,Erie County (Northeast) PUMA,54065,26796,27269,49799,25053,24746,4266,1743,2523,23566,10399,13167,22183,9713,12470,1383,686,697,28866,15091,13775,26328,14171,12157,2538,920,1618,1633,1306,327,1288,1169,119,345,137,208
71,NYC-Manhattan Community District 11--East Harlem PUMA,43445,18415,25030,28698,12950,15748,14747,5465,9282,17463,7511,9952,15499,6839,8660,1964,672,1292,18210,7904,10306,11401,5424,5977,6809,2480,4329,7772,3000,4772,1798,687,1111,5974,2313,3661
72,Orange County (Southeast) PUMA,50811,26467,24344,44803,23126,21677,6008,3341,2667,18490,8938,9552,18156,8700,9456,334,238,96,29127,15998,13129,25397,13762,11635,3730,2236,1494,3194,1531,1663,1250,664,586,1944,867,1077
73,Westchester County (Southeast) PUMA,35338,17339,17999,32337,16360,15977,3001,979,2022,24264,11321,12943,22902,10979,11923,1362,342,1020,9982,5064,4918,8533,4479,4054,1449,585,864,1092,954,138,902,902,0,190,52,138
74,NYC-Queens Community District 1--Astoria & Long Island City PUMA,55912,28826,27086,47672,25685,21987,8240,3141,5099,35069,18080,16989,32650,16993,15657,2419,1087,1332,18026,9521,8505,13561,7571,5990,4465,1950,2515,2817,1225,1592,1461,1121,340,1356,104,1252
75,Livingston & Wyoming Counties PUMA,48651,24105,24546,39555,19983,19572,9096,4122,4974,9937,3984,5953,9278,3744,5534,659,240,419,34533,17780,16753,27674,14572,13102,6859,3208,3651,4181,2341,1840,2603,1667,936,1578,674,904
76,Suffolk County (Central)--Brookhaven Town (West Central) PUMA,57914,28999,28915,52299,26032,26267,5615,2967,2648,16479,6507,9972,15850,5986,9864,629,521,108,39554,21532,18022,35340,19642,15698,4214,1890,2324,1881,960,921,1109,404,705,772,556,216
77,Westchester County (Southwest)--Yonkers City PUMA,55925,25583,30342,43538,21645,21893,12387,3938,8449,22852,9466,13386,19905,8340,11565,2947,1126,1821,28582,14077,14505,21992,11949,10043,6590,2128,4462,4491,2040,2451,1641,1356,285,2850,684,2166
78,Erie County (North Central) PUMA,50240,23306,26934,45757,22067,23690,4483,1239,3244,29797,14123,15674,28409,13617,14792,1388,506,882,19922,9013,10909,17129,8382,8747,2793,631,2162,521,170,351,219,68,151,302,102,200
79,Saratoga County (South & Central) PUMA,53773,26883,26890,47230,24747,22483,6543,2136,4407,24716,11544,13172,23699,11460,12239,1017,84,933,26889,14319,12570,22805,12969,9836,4084,1350,2734,2168,1020,1148,726,318,408,1442,702,740
80,Suffolk County (South Central)--Brookhaven Town (South) PUMA,55705,25355,30350,50380,22836,27544,5325,2519,2806,15905,5783,10122,15735,5684,10051,170,99,71,34636,16866,17770,30948,15305,15643,3688,1561,2127,5164,2706,2458,3697,1847,1850,1467,859,608
81,"NYC-Staten Island Community District 3--Tottenville, Great Kills & Annadale PUMA",70899,32804,38095,63816,30141,33675,7083,2663,4420,24264,11150,13114,23718,10985,12733,546,165,381,44814,20412,24402,39193,18475,20718,5621,1937,3684,1821,1242,579,905,681,224,916,561,355
82,Herkimer (North & Central) & Oneida (Outer) Counties PUMA,57867,29445,28422,48243,25132,23111,9624,4313,5311,13572,5698,7874,13037,5424,7613,535,274,261,39227,20793,18434,32011,17742,14269,7216,3051,4165,5068,2954,2114,3195,1966,1229,1873,988,885
83,Niagara County (North & East) PUMA,54410,26779,27631,45347,22562,22785,9063,4217,4846,14201,6012,8189,13483,5481,8002,718,531,187,36302,18911,17391,28826,15654,13172,7476,3257,4219,3907,1856,2051,3038,1427,1611,869,429,440
84,Monroe County (Central)--Rochester City (East) PUMA,45519,21836,23683,30973,16928,14045,14546,4908,9638,12745,5981,6764,11732,5662,6070,1013,319,694,26877,12494,14383,16459,9395,7064,10418,3099,7319,5897,3361,2536,2782,1871,911,3115,1490,1625
85,Warren & Washington Counties PUMA,62905,31393,31512,49719,25618,24101,13186,5775,7411,14680,5032,9648,13610,4628,8982,1070,404,666,42832,22403,20429,33918,19266,14652,8914,3137,5777,5393,3958,1435,2191,1724,467,3202,2234,968
86,Nassau County (Southwest)--Hempstead Town (Southwest) & Long Beach City PUMA,38153,17633,20520,34366,16572,17794,3787,1061,2726,21971,9769,12202,20379,9246,11133,1592,523,1069,15678,7700,7978,13637,7162,6475,2041,538,1503,504,164,340,350,164,186,154,0,154
87,NYC-Brooklyn Community District 8--Crown Heights North & Prospect Heights PUMA,47449,22131,25318,35693,17564,18129,11756,4567,7189,23403,10910,12493,21209,10117,11092,2194,793,1401,20521,9362,11159,13213,6712,6501,7308,2650,4658,3525,1859,1666,1271,735,536,2254,1124,1130
88,Onondaga County (Central)--Syracuse City PUMA,55117,27161,27956,39441,20085,19356,15676,7076,8600,17720,8686,9034,15326,7381,7945,2394,1305,1089,29149,14651,14498,20010,10568,9442,9139,4083,5056,8248,3824,4424,4105,2136,1969,4143,1688,2455
89,Westchester County (Central)--White Plains City PUMA,60045,29120,30925,56688,27522,29166,3357,1598,1759,42159,19009,23150,40447,18038,22409,1712,971,741,16909,9524,7385,15653,9076,6577,1256,448,808,977,587,390,588,408,180,389,179,210
90,NYC-Brooklyn Community District 3--Bedford-Stuyvesant PUMA,54387,27123,27264,34734,17457,17277,19653,9666,9987,17540,7976,9564,14647,6875,7772,2893,1101,1792,30463,15460,15003,17872,9617,8255,12591,5843,6748,6384,3687,2697,2215,965,1250,4169,2722,1447
91,"NYC-Bronx Community District 1 & 2--Hunts Point, Longwood & Melrose PUMA",34423,14906,19517,18060,8527,9533,16363,6379,9984,4605,1393,3212,3942,1010,2932,663,383,280,21323,9831,11492,11258,6316,4942,10065,3515,6550,8495,3682,4813,2860,1201,1659,5635,2481,3154
92,Cattaraugus & Allegany Counties PUMA,59251,29324,29927,42813,21273,21540,16438,8051,8387,10932,4709,6223,9885,4239,5646,1047,470,577,41610,21121,20489,30551,15754,14797,11059,5367,5692,6709,3494,3215,2377,1280,1097,4332,2214,2118
93,Oswego County PUMA,60587,30538,30049,48904,24663,24241,11683,5875,5808,9108,4081,5027,8434,3890,4544,674,191,483,44506,22271,22235,36730,18332,18398,7776,3939,3837,6973,4186,2787,3740,2441,1299,3233,1745,1488
94,"NYC-Queens Community District 5--Ridgewood, Glendale & Middle Village PUMA",46421,23558,22863,38752,20141,18611,7669,3417,4252,14624,7044,7580,13768,6540,7228,856,504,352,28605,15562,13043,23355,12961,10394,5250,2601,2649,3192,952,2240,1629,640,989,1563,312,1251
95,Monroe County (East) PUMA,62316,29827,32489,56649,27375,29274,5667,2452,3215,28478,13174,15304,27496,12699,14797,982,475,507,31288,15033,16255,27114,13526,13588,4174,1507,2667,2550,1620,930,2039,1150,889,511,470,41
96,Westchester County (South Central)--New Rochelle & Mount Vernon Cities PUMA,58292,27136,31156,51249,24123,27126,7043,3013,4030,31505,13265,18240,30621,12821,17800,884,444,440,22615,11048,11567,17706,9417,8289,4909,1631,3278,4172,2823,1349,2922,1885,1037,1250,938,312
97,"NYC-Queens Community District 14--Far Rockaway, Breezy Point & Broad Channel PUMA",33723,15015,18708,24981,12138,12843,8742,2877,5865,12688,6404,6284,11610,6087,5523,1078,317,761,17555,7355,10200,11593,5515,6078,5962,1840,4122,3480,1256,2224,1778,536,1242,1702,720,982
98,"NYC-Brooklyn Community District 12--Borough Park, Kensington & Ocean Parkway PUMA",37575,20752,16823,23198,13123,10075,14377,7629,6748,10593,6346,4247,8217,4771,3446,2376,1575,801,20798,10478,10320,12109,6208,5901,8689,4270,4419,6184,3928,2256,2872,2144,728,3312,1784,1528
99,"NYC-Bronx Community District 10--Co-op City, Pelham Bay & Schuylerville PUMA",41568,21743,19825,34966,17992,16974,6602,3751,2851,13001,5899,7102,11999,5476,6523,1002,423,579,25638,14357,11281,21103,11581,9522,4535,2776,1759,2929,1487,1442,1864,935,929,1065,552,513
100,"NYC-Queens Community District 11--Bayside, Douglaston & Little Neck PUMA",27593,14643,12950,25690,13909,11781,1903,734,1169,15683,7253,8430,15086,6879,8207,597,374,223,11063,6581,4482,9839,6303,3536,1224,278,946,847,809,38,765,727,38,82,82,0
101,"NYC-Manhattan Community District 6--Murray Hill, Gramercy & Stuyvesant Town PUMA",65943,30204,35739,60102,26834,33268,5841,3370,2471,60129,25922,34207,56619,24310,32309,3510,1612,1898,5357,3960,1397,3285,2448,837,2072,1512,560,457,322,135,198,76,122,259,246,13
102,Chautauqua County PUMA,62415,31329,31086,47126,23904,23222,15289,7425,7864,13813,6253,7560,12580,5725,6855,1233,528,705,42546,21474,21072,31380,16101,15279,11166,5373,5793,6056,3602,2454,3166,2078,1088,2890,1524,1366
103,NYC-Brooklyn Community District 18--Canarsie & Flatlands PUMA,48604,21490,27114,41099,18292,22807,7505,3198,4307,17816,6567,11249,16962,5967,10995,854,600,254,27679,13160,14519,22329,11196,11133,5350,1964,3386,3109,1763,1346,1808,1129,679,1301,634,667
104,Erie County (West Central)--Buffalo City (East) PUMA,65193,29928,35265,40632,20345,20287,24561,9583,14978,10753,4522,6231,9873,4217,5656,880,305,575,44907,22054,22853,27613,14444,13169,17294,7610,9684,9533,3352,6181,3146,1684,1462,6387,1668,4719
105,Genesee & Orleans Counties PUMA,49827,25999,23828,41613,22286,19327,8214,3713,4501,10755,4683,6072,10200,4579,5621,555,104,451,35087,19000,16087,29360,16364,12996,5727,2636,3091,3985,2316,1669,2053,1343,710,1932,973,959
106,"NYC-Staten Island Community District 1--Port Richmond, Stapleton & Mariner's Harbor PUMA",54301,24575,29726,43265,20041,23224,11036,4534,6502,19564,8004,11560,18408,7673,10735,1156,331,825,30302,14949,15353,23203,11843,11360,7099,3106,3993,4435,1622,2813,1654,525,1129,2781,1097,1684
107,"Steuben (North & West), Schuyler & Chemung (North) Counties PUMA",51584,25828,25756,37981,19574,18407,13603,6254,7349,12008,4838,7170,10730,4281,6449,1278,557,721,35534,19066,16468,25163,14043,11120,10371,5023,5348,4042,1924,2118,2088,1250,838,1954,674,1280
108,Nassau County (South Central)--Hempstead Town (Southeast) PUMA,39855,19911,19944,37374,18654,18720,2481,1257,1224,20410,8710,11700,19381,8207,11174,1029,503,526,18732,10837,7895,17493,10232,7261,1239,605,634,713,364,349,500,215,285,213,149,64
109,"NYC-Bronx Community District 9--Castle Hill, Clason Point & Parkchester PUMA",44038,18298,25740,31772,14459,17313,12266,3839,8427,8507,3014,5493,7838,2547,5291,669,467,202,27397,12019,15378,20377,10194,10183,7020,1825,5195,8134,3265,4869,3557,1718,1839,4577,1547,3030
110,Suffolk County (East) PUMA,52077,26395,25682,45518,23550,21968,6559,2845,3714,21144,9873,11271,20227,9526,10701,917,347,570,29951,15639,14312,24753,13525,11228,5198,2114,3084,982,883,99,538,499,39,444,384,60
111,Orange County (Northwest) PUMA,51434,24933,26501,43527,22047,21480,7907,2886,5021,15348,6152,9196,14279,5869,8410,1069,283,786,31686,16520,15166,27147,14699,12448,4539,1821,2718,4400,2261,2139,2101,1479,622,2299,782,1517
112,Broome County (West Central)--Greater Binghamton City & Greater Johnson City Village PUMA,50802,24591,26211,36583,18101,18482,14219,6490,7729,15528,7538,7990,13842,6385,7457,1686,1153,533,31267,15132,16135,21290,10849,10441,9977,4283,5694,4007,1921,2086,1451,867,584,2556,1054,1502
113,"NYC-Bronx Community District 11--Pelham Parkway, Morris Park & Laconia PUMA",35431,16246,19185,26782,13102,13680,8649,3144,5505,10004,3665,6339,9419,3461,5958,585,204,381,20338,10018,10320,14371,7826,6545,5967,2192,3775,5089,2563,2526,2992,1815,1177,2097,748,1349
114,Suffolk County (Northwest)--Smithtown Town PUMA,52479,25991,26488,50510,25330,25180,1969,661,1308,27305,12615,14690,26279,12330,13949,1026,285,741,24747,13154,11593,23894,12778,11116,853,376,477,427,222,205,337,222,115,90,0,90
115,Ulster County (East) PUMA,70631,34426,36205,59217,28901,30316,11414,5525,5889,23070,10205,12865,20444,8964,11480,2626,1241,1385,44059,22131,21928,36004,18282,17722,8055,3849,4206,3502,2090,1412,2769,1655,1114,733,435,298
116,Westchester County (Northeast) PUMA,56437,27224,29213,53275,25695,27580,3162,1529,1633,38722,18383,20339,37707,17787,19920,1015,596,419,17035,8533,8502,15488,7828,7660,1547,705,842,680,308,372,80,80,0,600,228,372
117,NYC-Brooklyn Community District 4--Bushwick PUMA,39558,23774,15784,29657,18057,11600,9901,5717,4184,15775,8226,7549,13690,7245,6445,2085,981,1104,18982,12353,6629,14073,9369,4704,4909,2984,1925,4801,3195,1606,1894,1443,451,2907,1752,1155
118,NYC-Manhattan Community District 3--Chinatown & Lower East Side PUMA,54202,29195,25007,41681,22774,18907,12521,6421,6100,34172,18707,15465,31419,17324,14095,2753,1383,1370,17797,9768,8029,10183,5450,4733,7614,4318,3296,2233,720,1513,79,0,79,2154,720,1434
119,Dutchess County (North & East) PUMA,56452,28113,28339,51957,26055,25902,4495,2058,2437,22951,10522,12429,22565,10395,12170,386,127,259,29950,15692,14258,27245,14609,12636,2705,1083,1622,3551,1899,1652,2147,1051,1096,1404,848,556
120,Nassau County (Central)--Hempstead Town (North Central)--Meadowbrook Corridor PUMA,33516,13784,19732,29321,12258,17063,4195,1526,2669,11143,4004,7139,10451,3874,6577,692,130,562,20238,8746,11492,17179,7370,9809,3059,1376,1683,2135,1034,1101,1691,1014,677,444,20,424
121,Broome (Outer West) & Tioga Counties PUMA,52942,26935,26007,45780,23931,21849,7162,3004,4158,13901,6511,7390,13455,6237,7218,446,274,172,34999,18313,16686,30093,16484,13609,4906,1829,3077,4042,2111,1931,2232,1210,1022,1810,901,909
122,"Rockland County (South)--Orangetown, Clarkstown (South) & Ramapo (Southeast) Towns PUMA",37463,19894,17569,34384,18411,15973,3079,1483,1596,17389,8239,9150,16934,7983,8951,455,256,199,19549,11357,8192,17196,10285,6911,2353,1072,1281,525,298,227,254,143,111,271,155,116
123,"NYC-Brooklyn Community District 17--East Flatbush, Farragut & Rugby PUMA",24001,11130,12871,18776,8450,10326,5225,2680,2545,6357,1863,4494,5879,1863,4016,478,0,478,14934,7294,7640,11850,6125,5725,3084,1169,1915,2710,1973,737,1047,462,585,1663,1511,152
124,Orange County (Northeast)--Greater Newburgh City PUMA,52393,25363,27030,48106,24212,23894,4287,1151,3136,15861,7279,8582,15342,7171,8171,519,108,411,33899,16639,17260,30792,15807,14985,3107,832,2275,2633,1445,1188,1972,1234,738,661,211,450
125,"NYC-Manhattan Community District 1 & 2--Battery Park City, Greenwich Village & Soho PUMA",69594,36336,33258,64713,34325,30388,4881,2011,2870,62033,31118,30915,58987,30217,28770,3046,901,2145,6748,4493,2255,5450,3832,1618,1298,661,637,813,725,88,276,276,0,537,449,88
126,NYC-Queens Community District 6--Forest Hills & Rego Park PUMA,27531,14627,12904,25587,13898,11689,1944,729,1215,19254,9474,9780,18789,9168,9621,465,306,159,7697,4773,2924,6478,4444,2034,1219,329,890,580,380,200,320,286,34,260,94,166
127,Onondaga County (North) PUMA,63459,30982,32477,55683,27184,28499,7776,3798,3978,25573,11774,13799,24564,11342,13222,1009,432,577,35401,17443,17958,29963,15157,14806,5438,2286,3152,2485,1765,720,1156,685,471,1329,1080,249
128,Nassau County (Northeast)--Oyster Bay Town (North) & Glen Cove City PUMA,43121,21185,21936,39401,19674,19727,3720,1511,2209,27872,13175,14697,26154,12677,13477,1718,498,1220,14219,7467,6752,12432,6508,5924,1787,959,828,1030,543,487,815,489,326,215,54,161
129,Monroe County (North & West) PUMA,51485,24472,27013,47640,23078,24562,3845,1394,2451,19137,8683,10454,18266,8395,9871,871,288,583,30336,14385,15951,27551,13468,14083,2785,917,1868,2012,1404,608,1823,1215,608,189,189,0
130,Sullivan & Ulster (West) Counties PUMA,46854,23251,23603,36687,18075,18612,10167,5176,4991,13703,5097,8606,12478,4343,8135,1225,754,471,28362,15717,12645,22058,12714,9344,6304,3003,3301,4789,2437,2352,2151,1018,1133,2638,1419,1219
131,Suffolk County (Southwest)--Babylon Town (Southeast) PUMA,42892,20417,22475,38381,18665,19716,4511,1752,2759,15754,6052,9702,15050,5915,9135,704,137,567,24827,13113,11714,21523,11747,9776,3304,1366,1938,2311,1252,1059,1808,1003,805,503,249,254
132,Suffolk County (Northwest)--Huntington Town (North) PUMA,41884,20038,21846,38590,18876,19714,3294,1162,2132,25432,11647,13785,23859,11293,12566,1573,354,1219,15764,8029,7735,14079,7221,6858,1685,808,877,688,362,326,652,362,290,36,0,36
133,"NYC-Queens Community District 12--Jamaica, Hollis & St. Albans PUMA",59347,27652,31695,48676,22464,26212,10671,5188,5483,14169,4576,9593,13253,4258,8995,916,318,598,39154,18931,20223,32631,16246,16385,6523,2685,3838,6024,4145,1879,2792,1960,832,3232,2185,1047
134,"NYC-Queens Community District 13--Queens Village, Cambria Heights & Rosedale PUMA",53191,26210,26981,47659,23250,24409,5532,2960,2572,17095,7010,10085,16491,6591,9900,604,419,185,32673,16919,15754,29385,15384,14001,3288,1535,1753,3423,2281,1142,1783,1275,508,1640,1006,634
135,Monroe County (Central)--Rochester City (West) PUMA,42692,19152,23540,24402,11695,12707,18290,7457,10833,7569,3899,3670,6245,3256,2989,1324,643,681,27984,11696,16288,16048,7162,8886,11936,4534,7402,7139,3557,3582,2109,1277,832,5030,2280,2750
136,NYC-Queens Community District 10--Howard Beach & Ozone Park PUMA,29204,15099,14105,25832,13228,12604,3372,1871,1501,9508,4107,5401,9017,3827,5190,491,280,211,17855,9771,8084,15383,8429,6954,2472,1342,1130,1841,1221,620,1432,972,460,409,249,160
137,Suffolk County (Central)--Islip Town (Northwest) PUMA,27883,13282,14601,25098,12448,12650,2785,834,1951,4569,1847,2722,4506,1847,2659,63,0,63,20156,9406,10750,18103,8701,9402,2053,705,1348,3158,2029,1129,2489,1900,589,669,129,540
138,Putnam County PUMA,46629,23408,23221,42083,21637,20446,4546,1771,2775,19541,8313,11228,18863,8045,10818,678,268,410,25293,13854,11439,21970,12792,9178,3323,1062,2261,1795,1241,554,1250,800,450,545,441,104
139,NYC-Queens Community District 2--Sunnyside & Woodside PUMA,31990,16547,15443,29014,15027,13987,2976,1520,1456,17361,8435,8926,16740,8230,8510,621,205,416,12695,6900,5795,11032,5984,5048,1663,916,747,1934,1212,722,1242,813,429,692,399,293
140,Nassau County (Central)--Hempstead Town (East Central) PUMA,47221,23684,23537,45806,23138,22668,1415,546,869,27662,12219,15443,27369,12104,15265,293,115,178,18970,11009,7961,17891,10616,7275,1079,393,686,589,456,133,546,418,128,43,38,5
141,Suffolk County (Northwest)--Huntington Town (South) PUMA,44425,21249,23176,41951,20244,21707,2474,1005,1469,23272,11304,11968,22628,11304,11324,644,0,644,19714,9412,10302,18350,8700,9650,1364,712,652,1439,533,906,973,240,733,466,293,173
142,"NYC-Bronx Community District 4--Concourse, Highbridge & Mount Eden PUMA",24808,10797,14011,15339,6665,8674,9469,4132,5337,5087,1491,3596,3933,946,2987,1154,545,609,14211,6171,8040,9071,4449,4622,5140,1722,3418,5510,3135,2375,2335,1270,1065,3175,1865,1310
143,Nassau County (Central)--Hempstead Town (Northeast) PUMA,45737,22206,23531,43477,20916,22561,2260,1290,970,18551,8993,9558,18129,8802,9327,422,191,231,25784,12187,13597,24039,11181,12858,1745,1006,739,1402,1026,376,1309,933,376,93,93,0
144,NYC-Brooklyn Community District 14--Flatbush & Midwood PUMA,39104,19522,19582,31366,16188,15178,7738,3334,4404,20482,8858,11624,18443,8111,10332,2039,747,1292,17137,9708,7429,11854,7537,4317,5283,2171,3112,1485,956,529,1069,540,529,416,416,0
145,"Rockland County (West)--Spring Valley, Suffern Villages & Monsey PUMA",29725,14352,15373,20478,9660,10818,9247,4692,4555,9490,4758,4732,8617,4252,4365,873,506,367,16561,7455,9106,10450,4435,6015,6111,3020,3091,3674,2139,1535,1411,973,438,2263,1166,1097
146,Capital Region,513969,254061,259908,433616,217160,216456,80353,36901,43452,178518,81139,97379,167665,77022,90643,10853,4117,6736,304643,152186,152457,250729,129285,121444,53914,22901,31013,30808,20736,10072,15222,10853,4369,15586,9883,5703
147,Central NY,369824,182600,187224,308969,155088,153881,60855,27512,33343,118118,54666,63452,110462,51125,59337,7656,3541,4115,225054,113035,112019,184144,95776,88368,40910,17259,23651,26652,14899,11753,14363,8187,6176,12289,6712,5577
148,Finger Lakes,562591,274164,288427,468265,235210,233055,94326,38954,55372,183535,83314,100221,173758,79575,94183,9777,3739,6038,338462,167248,171214,272942,141515,131427,65520,25733,39787,40594,23602,16992,21565,14120,7445,19029,9482,9547
149,Long Island,1096440,540807,555633,1013882,505384,508498,82558,35423,47135,499246,225998,273248,480883,219606,261277,18363,6392,11971,560163,293288,266875,506066,269251,236815,54097,24037,30060,37031,21521,15510,26933,16527,10406,10098,4994,5104
150,Mid-Hudson,865786,422373,443413,760416,378319,382097,105370,44054,61316,383754,171782,211972,365775,163633,202142,17979,8149,9830,434222,224466,209756,367246,197633,169613,66976,26833,40143,47810,26125,21685,27395,17053,10342,20415,9072,11343
151,Mohawk Valley,227356,113461,113895,180479,92879,87600,46877,20582,26295,52865,23192,29673,48096,20653,27443,4769,2539,2230,154532,79979,74553,122073,65971,56102,32459,14008,18451,19959,10290,9669,10310,6255,4055,9649,4035,5614
152,New York City,2329268,1131135,1198133,1859369,927496,931873,469899,203639,266260,1136937,527286,609651,1053886,490452,563434,83051,36834,46217,1001542,504273,497269,724858,389261,335597,276684,115012,161672,190789,99576,91213,80625,47783,32842,110164,51793,58371
153,North Country,193937,98189,95748,151991,79661,72330,41946,18528,23418,40520,18522,21998,37851,17703,20148,2669,819,1850,135850,68977,66873,104982,55859,49123,30868,13118,17750,17567,10690,6877,9158,6099,3059,8409,4591,3818
154,Southern Tier,298585,147748,150837,233847,118996,114851,64738,28752,35986,87667,38872,48795,80519,35987,44532,7148,2885,4263,189471,96733,92738,142689,76286,66403,46782,20447,26335,21447,12143,9304,10639,6723,3916,10808,5420,5388
155,Western NY,664210,324337,339873,535293,268119,267174,128917,56218,72699,202072,90192,111880,189683,84640,105043,12389,5552,6837,417604,210927,206677,323374,170276,153098,94230,40651,53579,44534,23218,21316,22236,13203,9033,22298,10015,12283
