,puma,Total_geo,Total_geo_m,Total_geo_f,Total_NP_mf_t,Total_NP_m,Total_NP_f,Total_P_mf_t,Total_P_m,Total_P_f,Total_BABS,Total_BABS_m,Total_BABS_f,BABS_NP_mf_t,BABS_NP_m,BABS_NP_f,BABS_P_mf_t,BABS_P_m,BABS_P_f,Total_HS,Total_HS_m,Total_HS_f,HS_NP_mf_t,HS_NP_m,HS_NP_f,HS_P_mf_t,HS_P_m,HS_P_f,Total_HSINC,Total_HSINC_m,Total_HSINC_f,HSINC_NP_mf_t,HSINC_NP_m,HSINC_NP_f,HSINC_P_mf_t,HSINC_P_m,HSINC_P_f
0,Total Geo,4908757,2659157,2249600,4603830,2507666,2096164,304927,151491,153436,2299072,1136671,1162401,2249785,1112328,1137457,49287,24343,24944,2416023,1390657,1025366,2207458,1291674,915784,208565,98983,109582,193662,131829,61833,146587,103664,42923,47075,28165,18910
1,NYC-Manhattan Community District 7--Upper West Side & West Side PUMA,58659,29760,28899,55852,28869,26983,2807,891,1916,50805,24633,26172,49494,24064,25430,1311,569,742,7155,4949,2206,6180,4627,1553,975,322,653,699,178,521,178,178,0,521,0,521
2,Nassau County (West Central)--Hempstead Town (Northwest) PUMA,32167,18654,13513,31284,18194,13090,883,460,423,17759,9548,8211,17201,9353,7848,558,195,363,13074,8142,4932,12749,7877,4872,325,265,60,1334,964,370,1334,964,370,0,0,0
3,NYC-Brooklyn Community District 2--Brooklyn Heights & Fort Greene PUMA,47753,24808,22945,45749,23571,22178,2004,1237,767,38275,19274,19001,37649,18860,18789,626,414,212,8127,5003,3124,6998,4180,2818,1129,823,306,1351,531,820,1102,531,571,249,0,249
4,Madison & Cortland Counties PUMA,37976,21930,16046,35863,20616,15247,2113,1314,799,12252,6018,6234,11878,5674,6204,374,344,30,24491,15045,9446,22824,14147,8677,1667,898,769,1233,867,366,1161,795,366,72,72,0
5,Ontario & Yates Counties PUMA,45134,26155,18979,41743,24345,17398,3391,1810,1581,18131,9240,8891,17888,9166,8722,243,74,169,23782,14395,9387,21537,13119,8418,2245,1276,969,3221,2520,701,2318,2060,258,903,460,443
6,Monroe County (Central)--Greece & Gates Towns PUMA,44487,24356,20131,42787,23498,19289,1700,858,842,14629,6756,7873,14446,6685,7761,183,71,112,28410,16610,11800,27179,15931,11248,1231,679,552,1448,990,458,1162,882,280,286,108,178
7,Nassau County (East Central)--Oyster Bay Town (Central) PUMA,24508,13608,10900,24345,13538,10807,163,70,93,14105,7582,6523,14012,7582,6430,93,0,93,9452,5461,3991,9382,5391,3991,70,70,0,951,565,386,951,565,386,0,0,0
8,"Clinton, Franklin, Essex & Hamilton Counties PUMA",50493,27805,22688,46483,25891,20592,4010,1914,2096,12321,5583,6738,12034,5553,6481,287,30,257,35712,20203,15509,32059,18389,13670,3653,1814,1839,2460,2019,441,2390,1949,441,70,70,0
9,NYC-Manhattan Community District 8--Upper East Side PUMA,71093,35140,35953,69249,34592,34657,1844,548,1296,60265,29293,30972,58893,29205,29688,1372,88,1284,10828,5847,4981,10356,5387,4969,472,460,12,0,0,0,0,0,0,0,0,0
10,Suffolk County (Southwest)--Islip Town (South) PUMA,32712,18576,14136,32138,18002,14136,574,574,0,15899,8068,7831,15755,7924,7831,144,144,0,16280,9975,6305,16086,9781,6305,194,194,0,533,533,0,297,297,0,236,236,0
11,Erie County (Northwest) PUMA,37159,19459,17700,34661,18687,15974,2498,772,1726,15408,7738,7670,15408,7738,7670,0,0,0,20716,10930,9786,18395,10335,8060,2321,595,1726,1035,791,244,858,614,244,177,177,0
12,"NYC-Queens Community District 8--Briarwood, Fresh Meadows & Hillcrest PUMA",20771,10293,10478,19941,9705,10236,830,588,242,12519,6374,6145,12122,6094,6028,397,280,117,7429,3625,3804,7158,3354,3804,271,271,0,823,294,529,661,257,404,162,37,125
13,NYC-Brooklyn Community District 5--East New York & Starrett City PUMA,23131,9906,13225,18880,9058,9822,4251,848,3403,5439,2172,3267,5315,2048,3267,124,124,0,15188,7055,8133,12263,6686,5577,2925,369,2556,2504,679,1825,1302,324,978,1202,355,847
14,Rockland County (North)--New City & Congers PUMA,26392,13415,12977,25827,13314,12513,565,101,464,13543,6874,6669,13442,6773,6669,101,101,0,11376,5964,5412,11035,5964,5071,341,0,341,1473,577,896,1350,577,773,123,0,123
15,"Otsego, Schoharie, Oneida (South) & Herkimer (South) Counties PUMA",36613,20502,16111,33773,18674,15099,2840,1828,1012,9903,4168,5735,9357,3883,5474,546,285,261,24955,15282,9673,23041,13848,9193,1914,1434,480,1755,1052,703,1375,943,432,380,109,271
16,NYC-Brooklyn Community District 7--Sunset Park & Windsor Terrace PUMA,18594,9561,9033,16952,8650,8302,1642,911,731,12479,5491,6988,12150,5224,6926,329,267,62,4727,2983,1744,3737,2662,1075,990,321,669,1388,1087,301,1065,764,301,323,323,0
17,NYC-Brooklyn Community District 11--Bensonhurst & Bath Beach PUMA,18246,8736,9510,17252,8221,9031,994,515,479,8017,2873,5144,7549,2482,5067,468,391,77,9631,5586,4045,9189,5462,3727,442,124,318,598,277,321,514,277,237,84,0,84
18,Tompkins County PUMA,28684,14196,14488,26853,13443,13410,1831,753,1078,16474,8662,7812,16378,8657,7721,96,5,91,11361,4685,6676,9703,4014,5689,1658,671,987,849,849,0,772,772,0,77,77,0
19,Dutchess County (Southwest) PUMA,47026,26490,20536,44660,25377,19283,2366,1113,1253,17570,8353,9217,17437,8220,9217,133,133,0,27345,17073,10272,25622,16184,9438,1723,889,834,2111,1064,1047,1601,973,628,510,91,419
20,NYC-Queens Community District 9--Richmond Hill & Woodhaven PUMA,21547,11245,10302,20138,10761,9377,1409,484,925,8864,4066,4798,8351,3955,4396,513,111,402,11722,6377,5345,10987,6057,4930,735,320,415,961,802,159,800,749,51,161,53,108
21,Westchester County (Northwest) PUMA,37534,20643,16891,36156,20379,15777,1378,264,1114,23084,11908,11176,22779,11861,10918,305,47,258,13208,7826,5382,12540,7784,4756,668,42,626,1242,909,333,837,734,103,405,175,230
22,Albany County (Outside Albany City) PUMA,68028,36495,31533,64677,34565,30112,3351,1930,1421,29187,15539,13648,28184,15266,12918,1003,273,730,36368,18739,17629,34406,17468,16938,1962,1271,691,2473,2217,256,2087,1831,256,386,386,0
23,Monroe County (South) PUMA,54299,31015,23284,52955,30125,22830,1344,890,454,33354,18029,15325,32924,17706,15218,430,323,107,19892,12159,7733,18978,11592,7386,914,567,347,1053,827,226,1053,827,226,0,0,0
24,Jefferson & Lewis Counties PUMA,43319,25930,17389,40015,23907,16108,3304,2023,1281,10745,4982,5763,10222,4754,5468,523,228,295,29993,18789,11204,27414,17196,10218,2579,1593,986,2581,2159,422,2379,1957,422,202,202,0
25,"Chenango, Delaware & Broome (East) Counties PUMA",31217,17450,13767,27632,15370,12262,3585,2080,1505,7291,3161,4130,6863,3050,3813,428,111,317,22675,13403,9272,19705,11568,8137,2970,1835,1135,1251,886,365,1064,752,312,187,134,53
26,Erie County (Central) PUMA,52808,28000,24808,49636,26332,23304,3172,1668,1504,15259,6878,8381,15011,6630,8381,248,248,0,36578,20517,16061,33654,19097,14557,2924,1420,1504,971,605,366,971,605,366,0,0,0
27,St. Lawrence County PUMA,30577,16763,13814,28517,15643,12874,2060,1120,940,9897,5471,4426,9691,5265,4426,206,206,0,19273,10105,9168,17623,9352,8271,1650,753,897,1407,1187,220,1203,1026,177,204,161,43
28,"NYC-Manhattan Community District 9--Hamilton Heights, Manhattanville & West Harlem PUMA",22731,11152,11579,20943,10667,10276,1788,485,1303,15881,8149,7732,15148,7768,7380,733,381,352,6411,2564,3847,5356,2460,2896,1055,104,951,439,439,0,439,439,0,0,0,0
29,Suffolk County (North Central)--Brookhaven Town (North) PUMA,31630,19404,12226,31537,19311,12226,93,93,0,17074,9199,7875,16981,9106,7875,93,93,0,13955,9701,4254,13955,9701,4254,0,0,0,601,504,97,601,504,97,0,0,0
30,NYC-Brooklyn Community District 1--Greenpoint & Williamsburg PUMA,46652,27469,19183,43283,24905,18378,3369,2564,805,32904,17788,15116,32079,17377,14702,825,411,414,12309,8611,3698,10407,6877,3530,1902,1734,168,1439,1070,369,797,651,146,642,419,223
31,Cayuga & Onondaga (South) Counties PUMA,38924,22088,16836,37390,21277,16113,1534,811,723,12880,5787,7093,12707,5644,7063,173,143,30,24498,15057,9441,23278,14472,8806,1220,585,635,1546,1244,302,1405,1161,244,141,83,58
32,Nassau County (Southeast)--Oyster Bay Town (South) PUMA,34060,20845,13215,33660,20592,13068,400,253,147,17379,9113,8266,17314,9113,8201,65,0,65,16516,11663,4853,16250,11479,4771,266,184,82,165,69,96,96,0,96,69,69,0
33,Fulton & Montgomery Counties PUMA,34020,18434,15586,29415,16507,12908,4605,1927,2678,7162,2951,4211,6903,2719,4184,259,232,27,23334,13694,9640,19930,12247,7683,3404,1447,1957,3524,1789,1735,2582,1541,1041,942,248,694
34,Onondaga County (Central)--Syracuse City (Outer) PUMA,56072,30770,25302,53918,29465,24453,2154,1305,849,25826,14275,11551,25604,14053,11551,222,222,0,29227,15958,13269,27431,15005,12426,1796,953,843,1019,537,482,883,407,476,136,130,6
35,NYC-Staten Island Community District 2--New Springville & South Beach PUMA,28632,15382,13250,27706,14766,12940,926,616,310,11007,4990,6017,10941,4990,5951,66,0,66,16781,9833,6948,16127,9423,6704,654,410,244,844,559,285,638,353,285,206,206,0
36,Niagara County (Southwest)--Greater Niagara Falls & North Tonawanda Area PUMA,32537,17104,15433,28402,15646,12756,4135,1458,2677,6312,2804,3508,6164,2804,3360,148,0,148,24774,13409,11365,21610,12344,9266,3164,1065,2099,1451,891,560,628,498,130,823,393,430
37,Suffolk County (Central)--Brookhaven Town (Central) PUMA,35840,22020,13820,35249,21939,13310,591,81,510,13494,7317,6177,13289,7317,5972,205,0,205,21217,13790,7427,21047,13709,7338,170,81,89,1129,913,216,913,913,0,216,0,216
38,"NYC-Bronx Community District 7--Bedford Park, Fordham North & Norwood PUMA",15800,8500,7300,13597,7342,6255,2203,1158,1045,3862,1567,2295,3862,1567,2295,0,0,0,9597,5357,4240,8201,4675,3526,1396,682,714,2341,1576,765,1534,1100,434,807,476,331
39,NYC-Queens Community District 4--Elmhurst & South Corona PUMA,7600,4114,3486,6459,3925,2534,1141,189,952,3574,1938,1636,3089,1938,1151,485,0,485,3222,1683,1539,2566,1494,1072,656,189,467,804,493,311,804,493,311,0,0,0
40,"NYC-Brooklyn Community District 6--Park Slope, Carroll Gardens & Red Hook PUMA",47948,24917,23031,46894,24828,22066,1054,89,965,41628,20936,20692,41198,20936,20262,430,0,430,5377,3377,2000,4753,3288,1465,624,89,535,943,604,339,943,604,339,0,0,0
41,Suffolk County (Central)--Islip Town (East) PUMA,35443,17946,17497,35305,17946,17359,138,0,138,15906,7361,8545,15906,7361,8545,0,0,0,19082,10130,8952,18944,10130,8814,138,0,138,455,455,0,455,455,0,0,0,0
42,"NYC-Brooklyn Community District 9--Crown Heights South, Prospect Lefferts & Wingate PUMA",18628,8724,9904,16602,8047,8555,2026,677,1349,9964,4903,5061,9207,4641,4566,757,262,495,8096,3511,4585,7137,3235,3902,959,276,683,568,310,258,258,171,87,310,139,171
43,"NYC-Queens Community District 7--Flushing, Murray Hill & Whitestone PUMA",25867,15154,10713,23893,13643,10250,1974,1511,463,11724,6004,5720,11565,5845,5720,159,159,0,13625,8789,4836,11977,7604,4373,1648,1185,463,518,361,157,351,194,157,167,167,0
44,NYC-Queens Community District 3--Jackson Heights & North Corona PUMA,15847,9676,6171,14856,9265,5591,991,411,580,8030,5330,2700,7941,5241,2700,89,89,0,6186,3216,2970,5842,3136,2706,344,80,264,1631,1130,501,1073,888,185,558,242,316
45,Saratoga County (Outer) PUMA,42601,24703,17898,41192,23749,17443,1409,954,455,16182,8362,7820,16032,8288,7744,150,74,76,25561,15543,10018,24341,14663,9678,1220,880,340,858,798,60,819,798,21,39,0,39
46,"NYC-Bronx Community District 12--Wakefield, Williamsbridge & Woodlawn PUMA",18971,7966,11005,16171,7328,8843,2800,638,2162,5361,1788,3573,5248,1788,3460,113,0,113,11843,5185,6658,9524,4827,4697,2319,358,1961,1767,993,774,1399,713,686,368,280,88
47,"NYC-Brooklyn Community District 15--Sheepshead Bay, Gerritsen Beach & Homecrest PUMA",15496,9061,6435,14429,8478,5951,1067,583,484,7852,3827,4025,7673,3681,3992,179,146,33,7287,4967,2320,6399,4530,1869,888,437,451,357,267,90,357,267,90,0,0,0
48,Wayne & Seneca Counties PUMA,41373,22469,18904,38071,20759,17312,3302,1710,1592,9705,4464,5241,9523,4317,5206,182,147,35,29748,16539,13209,27187,15499,11688,2561,1040,1521,1920,1466,454,1361,943,418,559,523,36
49,Schenectady County--Schenectady City PUMA,45139,24407,20732,42783,23651,19132,2356,756,1600,19988,10515,9473,19531,10229,9302,457,286,171,23978,13065,10913,22254,12595,9659,1724,470,1254,1173,827,346,998,827,171,175,0,175
50,NYC-Brooklyn Community District 10--Bay Ridge & Dyker Heights PUMA,25249,13763,11486,24263,13079,11184,986,684,302,16945,8226,8719,16771,8226,8545,174,0,174,7704,5260,2444,7104,4660,2444,600,600,0,600,277,323,388,193,195,212,84,128
51,Nassau County (Northwest)--North Hempstead Town (North) PUMA,25334,15077,10257,24717,14611,10106,617,466,151,18340,11190,7150,18033,10932,7101,307,258,49,6797,3704,3093,6594,3603,2991,203,101,102,197,183,14,90,76,14,107,107,0
52,Suffolk County (West Central)--Babylon Town (Northwest) PUMA,27663,15600,12063,25716,14453,11263,1947,1147,800,10680,4564,6116,9961,4340,5621,719,224,495,15911,9964,5947,14980,9338,5642,931,626,305,1072,1072,0,775,775,0,297,297,0
53,"NYC-Manhattan Community District 4 & 5--Chelsea, Clinton & Midtown Business District PUMA",62669,36978,25691,60665,36424,24241,2004,554,1450,55219,32384,22835,54416,32015,22401,803,369,434,7211,4492,2719,6010,4307,1703,1201,185,1016,239,102,137,239,102,137,0,0,0
54,Columbia & Greene Counties PUMA,31909,17734,14175,29410,15914,13496,2499,1820,679,11057,5819,5238,10691,5618,5073,366,201,165,19995,11315,8680,18086,9879,8207,1909,1436,473,857,600,257,633,417,216,224,183,41
55,Rensselaer County--Troy City PUMA,59117,31768,27349,56468,30036,26432,2649,1732,917,19679,8975,10704,19250,8711,10539,429,264,165,37005,20653,16352,34785,19185,15600,2220,1468,752,2433,2140,293,2433,2140,293,0,0,0
56,Erie County (West Central)--Buffalo City (West) PUMA,32389,17836,14553,28646,15942,12704,3743,1894,1849,16796,8656,8140,16292,8346,7946,504,310,194,14271,8188,6083,11829,7242,4587,2442,946,1496,1322,992,330,525,354,171,797,638,159
57,Erie County (South) PUMA,64228,36496,27732,62496,35459,27037,1732,1037,695,24837,11970,12867,24621,11825,12796,216,145,71,37254,22949,14305,35859,22057,13802,1395,892,503,2137,1577,560,2016,1577,439,121,0,121
58,Oneida County (Central)--Greater Utica & Rome Cities PUMA,42042,22206,19836,37474,21186,16288,4568,1020,3548,13831,7016,6815,13389,6938,6451,442,78,364,26528,13821,12707,22937,13167,9770,3591,654,2937,1683,1369,314,1148,1081,67,535,288,247
59,"NYC-Manhattan Community District 12--Washington Heights, Inwood & Marble Hill PUMA",43790,23214,20576,40138,21760,18378,3652,1454,2198,27106,12912,14194,25956,12751,13205,1150,161,989,14767,9022,5745,12738,7979,4759,2029,1043,986,1917,1280,637,1444,1030,414,473,250,223
60,NYC-Brooklyn Community District 13--Brighton Beach & Coney Island PUMA,12031,5458,6573,11156,4873,6283,875,585,290,4662,1370,3292,4662,1370,3292,0,0,0,5962,3051,2911,5615,2940,2675,347,111,236,1407,1037,370,879,563,316,528,474,54
61,NYC-Manhattan Community District 10--Central Harlem PUMA,34601,15111,19490,29943,12788,17155,4658,2323,2335,18586,8426,10160,17595,7726,9869,991,700,291,13678,4786,8892,10512,3664,6848,3166,1122,2044,2337,1899,438,1836,1398,438,501,501,0
62,Nassau County (West Central)--North Hempstead Town (South) PUMA,26924,14487,12437,26075,14025,12050,849,462,387,16506,8636,7870,16506,8636,7870,0,0,0,9879,5648,4231,9259,5186,4073,620,462,158,539,203,336,310,203,107,229,0,229
63,NYC-Brooklyn Community District 16--Brownsville & Ocean Hill PUMA,17970,8569,9401,15555,7666,7889,2415,903,1512,4655,2317,2338,4473,2135,2338,182,182,0,11453,5249,6204,9448,4756,4692,2005,493,1512,1862,1003,859,1634,775,859,228,228,0
64,Albany County (East Central)--Albany City PUMA,30168,15933,14235,25424,13316,12108,4744,2617,2127,12826,6750,6076,11896,5959,5937,930,791,139,15917,8558,7359,13055,7056,5999,2862,1502,1360,1425,625,800,473,301,172,952,324,628
65,Nassau County (West Central)--Hempstead Town (West Central) PUMA,24028,14250,9778,23771,14189,9582,257,61,196,13194,7309,5885,13194,7309,5885,0,0,0,10649,6756,3893,10392,6695,3697,257,61,196,185,185,0,185,185,0,0,0,0
66,Chemung (South) & Steuben (East) Counties--Greater Elmira & Greater Corning Cities PUMA,33496,18059,15437,30176,15686,14490,3320,2373,947,10533,4376,6157,10410,4283,6127,123,93,30,21807,12871,8936,19162,11080,8082,2645,1791,854,1156,812,344,604,323,281,552,489,63
67,"NYC-Bronx Community District 3 & 6--Belmont, Crotona Park East & East Tremont PUMA",23826,10131,13695,17294,8165,9129,6532,1966,4566,4472,1780,2692,4338,1780,2558,134,0,134,15590,6128,9462,11115,5120,5995,4475,1008,3467,3764,2223,1541,1841,1265,576,1923,958,965
68,"NYC-Bronx Community District 5--Morris Heights, Fordham South & Mount Hope PUMA",15269,7357,7912,12359,5891,6468,2910,1466,1444,4158,1583,2575,4158,1583,2575,0,0,0,8620,3930,4690,6883,3280,3603,1737,650,1087,2491,1844,647,1318,1028,290,1173,816,357
69,"NYC-Bronx Community District 8--Riverdale, Fieldston & Kingsbridge PUMA",22434,11597,10837,21048,11000,10048,1386,597,789,13068,6728,6340,13068,6728,6340,0,0,0,8017,3954,4063,7206,3643,3563,811,311,500,1349,915,434,774,629,145,575,286,289
70,Erie County (Northeast) PUMA,40449,22032,18417,39468,21641,17827,981,391,590,19685,9558,10127,19446,9434,10012,239,124,115,19644,11473,8171,18902,11206,7696,742,267,475,1120,1001,119,1120,1001,119,0,0,0
71,NYC-Manhattan Community District 11--East Harlem PUMA,25380,12166,13214,22122,10763,11359,3258,1403,1855,14621,6553,8068,14172,6553,7619,449,0,449,10157,5106,5051,7855,4210,3645,2302,896,1406,602,507,95,95,0,95,507,507,0
72,Orange County (Southeast) PUMA,33520,20928,12592,31875,19521,12354,1645,1407,238,14928,8392,6536,14771,8318,6453,157,74,83,17636,11580,6056,16499,10598,5901,1137,982,155,956,956,0,605,605,0,351,351,0
73,Westchester County (Southeast) PUMA,24399,14312,10087,24133,14058,10075,266,254,12,18561,10108,8453,18549,10108,8441,12,0,12,5335,3701,1634,5081,3447,1634,254,254,0,503,503,0,503,503,0,0,0,0
74,NYC-Queens Community District 1--Astoria & Long Island City PUMA,43852,23821,20031,41553,22703,18850,2299,1118,1181,31803,16544,15259,30749,15857,14892,1054,687,367,10931,6500,4431,9686,6069,3617,1245,431,814,1118,777,341,1118,777,341,0,0,0
75,Livingston & Wyoming Counties PUMA,32457,17902,14555,30476,16566,13910,1981,1336,645,7946,3125,4821,7770,2949,4821,176,176,0,22172,13241,8931,20804,12290,8514,1368,951,417,2339,1536,803,1902,1327,575,437,209,228
76,Suffolk County (Central)--Brookhaven Town (West Central) PUMA,39047,21959,17088,37286,20628,16658,1761,1331,430,12767,5823,6944,12425,5481,6944,342,342,0,25211,15387,9824,24314,14920,9394,897,467,430,1069,749,320,547,227,320,522,522,0
77,Westchester County (Southwest)--Yonkers City PUMA,39197,19895,19302,36321,18667,17654,2876,1228,1648,18628,7966,10662,17642,7624,10018,986,342,644,18148,10461,7687,16697,9575,7122,1451,886,565,2421,1468,953,1982,1468,514,439,0,439
78,Erie County (North Central) PUMA,33742,19541,14201,33228,19271,13957,514,270,244,22229,12511,9718,21886,12241,9645,343,270,73,11294,6962,4332,11123,6962,4161,171,0,171,219,68,151,219,68,151,0,0,0
79,Saratoga County (South & Central) PUMA,38352,23510,14842,36177,22406,13771,2175,1104,1071,19216,10667,8549,18683,10667,8016,533,0,533,18546,12403,6143,17227,11472,5755,1319,931,388,590,440,150,267,267,0,323,173,150
80,Suffolk County (South Central)--Brookhaven Town (South) PUMA,37202,19702,17500,35815,19084,16731,1387,618,769,13159,5584,7575,13159,5584,7575,0,0,0,22904,13184,9720,21702,12751,8951,1202,433,769,1139,934,205,954,749,205,185,185,0
81,"NYC-Staten Island Community District 3--Tottenville, Great Kills & Annadale PUMA",48347,25634,22713,46282,24532,21750,2065,1102,963,19687,10059,9628,19407,9966,9441,280,93,187,27868,14924,12944,26224,13915,12309,1644,1009,635,792,651,141,651,651,0,141,0,141
82,Herkimer (North & Central) & Oneida (Outer) Counties PUMA,38956,21379,17577,35652,19853,15799,3304,1526,1778,10399,4552,5847,10049,4340,5709,350,212,138,26088,15181,10907,23604,14210,9394,2484,971,1513,2469,1646,823,1999,1303,696,470,343,127
83,Niagara County (North & East) PUMA,35553,20611,14942,32104,18228,13876,3449,2383,1066,11360,5502,5858,10901,5043,5858,459,459,0,22523,13883,8640,19889,12315,7574,2634,1568,1066,1670,1226,444,1314,870,444,356,356,0
84,Monroe County (Central)--Rochester City (East) PUMA,28103,15053,13050,24527,14021,10506,3576,1032,2544,10623,5019,5604,10209,4831,5378,414,188,226,14767,8075,6692,12370,7602,4768,2397,473,1924,2713,1959,754,1948,1588,360,765,371,394
85,Warren & Washington Counties PUMA,39504,22412,17092,35946,20419,15527,3558,1993,1565,10244,3713,6531,9859,3508,6351,385,205,180,27890,17481,10409,25366,16303,9063,2524,1178,1346,1370,1218,152,721,608,113,649,610,39
86,Nassau County (Southwest)--Hempstead Town (Southwest) & Long Beach City PUMA,27084,14893,12191,26216,14633,11583,868,260,608,16616,8274,8342,16024,8166,7858,592,108,484,10138,6355,3783,9862,6203,3659,276,152,124,330,264,66,330,264,66,0,0,0
87,NYC-Brooklyn Community District 8--Crown Heights North & Prospect Heights PUMA,33060,16206,16854,31389,15643,15746,1671,563,1108,20948,9800,11148,20363,9800,10563,585,0,585,10790,5462,5328,9913,5108,4805,877,354,523,1322,944,378,1113,735,378,209,209,0
88,Onondaga County (Central)--Syracuse City PUMA,32743,16724,16019,29857,15318,14539,2886,1406,1480,12430,6253,6177,11879,6111,5768,551,142,409,16695,9183,7512,15182,8238,6944,1513,945,568,3618,1288,2330,2796,969,1827,822,319,503
89,Westchester County (Central)--White Plains City PUMA,46366,24941,21425,45426,24452,20974,940,489,451,32641,16209,16432,32110,15954,16156,531,255,276,13212,8324,4888,12803,8090,4713,409,234,175,513,408,105,513,408,105,0,0,0
90,NYC-Brooklyn Community District 3--Bedford-Stuyvesant PUMA,34214,17298,16916,29458,15559,13899,4756,1739,3017,14565,6651,7914,13270,6249,7021,1295,402,893,17864,9651,8213,14765,8591,6174,3099,1060,2039,1785,996,789,1423,719,704,362,277,85
91,"NYC-Bronx Community District 1 & 2--Hunts Point, Longwood & Melrose PUMA",17471,7911,9560,12922,6000,6922,4549,1911,2638,3666,1314,2352,3263,1010,2253,403,304,99,10643,5126,5517,7730,4208,3522,2913,918,1995,3162,1471,1691,1929,782,1147,1233,689,544
92,Cattaraugus & Allegany Counties PUMA,36160,20056,16104,31138,17207,13931,5022,2849,2173,8210,3667,4543,7815,3506,4309,395,161,234,25847,14771,11076,22214,12859,9355,3633,1912,1721,2103,1618,485,1109,842,267,994,776,218
93,Oswego County PUMA,36862,21097,15765,33680,19544,14136,3182,1553,1629,7053,3577,3476,6691,3484,3207,362,93,269,27451,16048,11403,25313,14834,10479,2138,1214,924,2358,1472,886,1676,1226,450,682,246,436
94,"NYC-Queens Community District 5--Ridgewood, Glendale & Middle Village PUMA",35046,19229,15817,32969,18116,14853,2077,1113,964,12530,6054,6476,12301,5902,6399,229,152,77,20596,12245,8351,18972,11284,7688,1624,961,663,1920,930,990,1696,930,766,224,0,224
95,Monroe County (East) PUMA,45118,24971,20147,43397,24287,19110,1721,684,1037,21497,11610,9887,21232,11411,9821,265,199,66,22066,12126,9940,20695,11726,8969,1371,400,971,1555,1235,320,1470,1150,320,85,85,0
96,Westchester County (South Central)--New Rochelle & Mount Vernon Cities PUMA,41757,21464,20293,39238,20197,19041,2519,1267,1252,24951,12034,12917,24648,11780,12868,303,254,49,15017,8321,6696,12970,7477,5493,2047,844,1203,1789,1109,680,1620,940,680,169,169,0
97,"NYC-Queens Community District 14--Far Rockaway, Breezy Point & Broad Channel PUMA",20966,11299,9667,18440,9272,9168,2526,2027,499,9236,5286,3950,9082,5221,3861,154,65,89,10654,5354,5300,8539,3649,4890,2115,1705,410,1076,659,417,819,402,417,257,257,0
98,"NYC-Brooklyn Community District 12--Borough Park, Kensington & Ocean Parkway PUMA",19180,13451,5729,15926,10684,5242,3254,2767,487,7894,5158,2736,7187,4626,2561,707,532,175,8802,6264,2538,7017,4571,2446,1785,1693,92,2484,2029,455,1722,1487,235,762,542,220
99,"NYC-Bronx Community District 10--Co-op City, Pelham Bay & Schuylerville PUMA",29738,14597,15141,26907,12535,14372,2831,2062,769,9026,3149,5877,8870,3064,5806,156,85,71,18782,10140,8642,16587,8643,7944,2195,1497,698,1930,1308,622,1450,828,622,480,480,0
100,"NYC-Queens Community District 11--Bayside, Douglaston & Little Neck PUMA",19448,11411,8037,19330,11293,8037,118,118,0,12215,5563,6652,12215,5563,6652,0,0,0,6830,5483,1347,6712,5365,1347,118,118,0,403,365,38,403,365,38,0,0,0
101,"NYC-Manhattan Community District 6--Murray Hill, Gramercy & Stuyvesant Town PUMA",56921,26187,30734,56103,25780,30323,818,407,411,54147,24118,30029,53415,23797,29618,732,321,411,2698,1993,705,2612,1907,705,86,86,0,76,76,0,76,76,0,0,0,0
102,Chautauqua County PUMA,38942,21938,17004,34519,19736,14783,4423,2202,2221,10202,4931,5271,9862,4646,5216,340,285,55,25935,14990,10945,22544,13551,8993,3391,1439,1952,2805,2017,788,2113,1539,574,692,478,214
103,NYC-Brooklyn Community District 18--Canarsie & Flatlands PUMA,32550,14703,17847,30385,13927,16458,2165,776,1389,14341,5061,9280,14222,4942,9280,119,119,0,16793,8865,7928,15270,8270,7000,1523,595,928,1416,777,639,893,715,178,523,62,461
104,Erie County (West Central)--Buffalo City (East) PUMA,34543,18160,16383,29677,16001,13676,4866,2159,2707,8054,3592,4462,8006,3544,4462,48,48,0,24496,13309,11187,20340,11726,8614,4156,1583,2573,1993,1259,734,1331,731,600,662,528,134
105,Genesee & Orleans Counties PUMA,34201,19709,14492,32575,18682,13893,1626,1027,599,8947,4001,4946,8772,3963,4809,175,38,137,23274,14078,9196,22185,13451,8734,1089,627,462,1980,1630,350,1618,1268,350,362,362,0
106,"NYC-Staten Island Community District 1--Port Richmond, Stapleton & Mariner's Harbor PUMA",34301,16813,17488,31741,16056,15685,2560,757,1803,14192,6737,7455,14068,6692,7376,124,45,79,18745,9842,8903,16800,9130,7670,1945,712,1233,1364,234,1130,873,234,639,491,0,491
107,"Steuben (North & West), Schuyler & Chemung (North) Counties PUMA",32108,17906,14202,27999,15751,12248,4109,2155,1954,9182,3754,5428,8632,3590,5042,550,164,386,20693,12737,7956,17900,11063,6837,2793,1674,1119,2233,1415,818,1467,1098,369,766,317,449
108,Nassau County (South Central)--Hempstead Town (Southeast) PUMA,28744,15733,13011,27756,15107,12649,988,626,362,15793,7283,8510,15349,6839,8510,444,444,0,12887,8450,4437,12407,8268,4139,480,182,298,64,0,64,0,0,0,64,0,64
109,"NYC-Bronx Community District 9--Castle Hill, Clason Point & Parkchester PUMA",27805,12519,15286,24611,11451,13160,3194,1068,2126,6399,1712,4687,6232,1712,4520,167,0,167,18769,9053,9716,16386,8348,8038,2383,705,1678,2637,1754,883,1993,1391,602,644,363,281
110,Suffolk County (East) PUMA,34457,19528,14929,32911,19325,13586,1546,203,1343,16440,8126,8314,16267,7977,8290,173,149,24,17621,11045,6576,16261,11004,5257,1360,41,1319,396,357,39,383,344,39,13,13,0
111,Orange County (Northwest) PUMA,35692,19917,15775,34670,19214,15456,1022,703,319,12651,5912,6739,12579,5840,6739,72,72,0,21469,12808,8661,20588,12246,8342,881,562,319,1572,1197,375,1503,1128,375,69,69,0
112,Broome County (West Central)--Greater Binghamton City & Greater Johnson City Village PUMA,31666,17206,14460,27760,14990,12770,3906,2216,1690,11877,6077,5800,11216,5519,5697,661,558,103,18401,10443,7958,15516,8892,6624,2885,1551,1334,1388,686,702,1028,579,449,360,107,253
113,"NYC-Bronx Community District 11--Pelham Parkway, Morris Park & Laconia PUMA",24498,13447,11051,21554,11442,10112,2944,2005,939,8946,3299,5647,8498,2955,5543,448,344,104,13212,8009,5203,11352,6984,4368,1860,1025,835,2340,2139,201,1704,1503,201,636,636,0
114,Suffolk County (Northwest)--Smithtown Town PUMA,39054,23059,15995,38182,22534,15648,872,525,347,21853,11554,10299,21257,11232,10025,596,322,274,17201,11505,5696,16925,11302,5623,276,203,73,0,0,0,0,0,0,0,0,0
115,Ulster County (East) PUMA,47970,27255,20715,45479,25562,19917,2491,1693,798,18312,9158,9154,17291,8436,8855,1021,722,299,27987,16972,11015,26517,16001,10516,1470,971,499,1671,1125,546,1671,1125,546,0,0,0
116,Westchester County (Northeast) PUMA,41120,22900,18220,40749,22622,18127,371,278,93,28975,16342,12633,28686,16146,12540,289,196,93,11981,6394,5587,11899,6312,5587,82,82,0,164,164,0,164,164,0,0,0,0
117,NYC-Brooklyn Community District 4--Bushwick PUMA,30480,19172,11308,28211,17739,10472,2269,1433,836,14104,7418,6686,13597,7179,6418,507,239,268,14063,9868,4195,13227,9358,3869,836,510,326,2313,1886,427,1387,1202,185,926,684,242
118,NYC-Manhattan Community District 3--Chinatown & Lower East Side PUMA,40743,22921,17822,37621,20721,16900,3122,2200,922,30617,16953,13664,29824,16258,13566,793,695,98,9731,5573,4158,7797,4463,3334,1934,1110,824,395,395,0,0,0,0,395,395,0
119,Dutchess County (North & East) PUMA,39057,22452,16605,38156,21832,16324,901,620,281,16923,8558,8365,16876,8558,8318,47,0,47,20418,12524,7894,19896,12236,7660,522,288,234,1716,1370,346,1384,1038,346,332,332,0
120,Nassau County (Central)--Hempstead Town (North Central)--Meadowbrook Corridor PUMA,23168,10412,12756,22498,10342,12156,670,70,600,8702,3493,5209,8549,3493,5056,153,0,153,13107,6108,6999,12734,6038,6696,373,70,303,1359,811,548,1215,811,404,144,0,144
121,Broome (Outer West) & Tioga Counties PUMA,36830,21607,15223,35001,20399,14602,1829,1208,621,10413,5344,5069,10208,5139,5069,205,205,0,24727,15100,9627,23453,14195,9258,1274,905,369,1690,1163,527,1340,1065,275,350,98,252
122,"Rockland County (South)--Orangetown, Clarkstown (South) & Ramapo (Southeast) Towns PUMA",26862,15778,11084,26408,15324,11084,454,454,0,13318,7016,6302,13318,7016,6302,0,0,0,13292,8615,4677,12907,8230,4677,385,385,0,252,147,105,183,78,105,69,69,0
123,"NYC-Brooklyn Community District 17--East Flatbush, Farragut & Rugby PUMA",17086,7956,9130,15155,6875,8280,1931,1081,850,5186,1671,3515,5042,1671,3371,144,0,144,10804,5625,5179,9680,5077,4603,1124,548,576,1096,660,436,433,127,306,663,533,130
124,Orange County (Northeast)--Greater Newburgh City PUMA,37483,20650,16833,36128,19887,16241,1355,763,592,13222,6365,6857,13178,6321,6857,44,44,0,23163,13499,9664,22013,12844,9169,1150,655,495,1098,786,312,937,722,215,161,64,97
125,"NYC-Manhattan Community District 1 & 2--Battery Park City, Greenwich Village & Soho PUMA",58279,31477,26802,57091,31334,25757,1188,143,1045,54228,28270,25958,53183,28270,24913,1045,0,1045,3893,3049,844,3750,2906,844,143,143,0,158,158,0,158,158,0,0,0,0
126,NYC-Queens Community District 6--Forest Hills & Rego Park PUMA,21933,11953,9980,21247,11844,9403,686,109,577,16585,7895,8690,16526,7895,8631,59,0,59,4809,3804,1005,4298,3695,603,511,109,402,539,254,285,423,254,169,116,0,116
127,Onondaga County (North) PUMA,45956,24407,21549,44066,23364,20702,1890,1043,847,21285,10559,10726,21066,10428,10638,219,131,88,23787,13005,10782,22610,12587,10023,1177,418,759,884,843,41,390,349,41,494,494,0
128,Nassau County (Northeast)--Oyster Bay Town (North) & Glen Cove City PUMA,28423,17784,10639,27759,17235,10524,664,549,115,18618,11372,7246,18421,11175,7246,197,197,0,9196,6024,3172,8729,5672,3057,467,352,115,609,388,221,609,388,221,0,0,0
129,Monroe County (North & West) PUMA,36740,19574,17166,35602,18943,16659,1138,631,507,16200,8039,8161,15912,7751,8161,288,288,0,19129,10555,8574,18279,10212,8067,850,343,507,1411,980,431,1411,980,431,0,0,0
130,Sullivan & Ulster (West) Counties PUMA,31124,16987,14137,28198,15289,12909,2926,1698,1228,10270,4006,6264,10041,3840,6201,229,166,63,18716,11717,6999,16429,10595,5834,2287,1122,1165,2138,1264,874,1728,854,874,410,410,0
131,Suffolk County (Southwest)--Babylon Town (Southeast) PUMA,30228,15612,14616,28890,15041,13849,1338,571,767,12707,5244,7463,12622,5159,7463,85,85,0,16374,9554,6820,15356,9303,6053,1018,251,767,1147,814,333,912,579,333,235,235,0
132,Suffolk County (Northwest)--Huntington Town (North) PUMA,30359,17188,13171,29522,16545,12977,837,643,194,18439,10325,8114,18339,10225,8114,100,100,0,11694,6637,5057,10957,6094,4863,737,543,194,226,226,0,226,226,0,0,0,0
133,"NYC-Queens Community District 12--Jamaica, Hollis & St. Albans PUMA",40923,16914,24009,37964,15727,22237,2959,1187,1772,12045,3621,8424,11658,3472,8186,387,149,238,26881,11931,14950,24604,11031,13573,2277,900,1377,1997,1362,635,1702,1224,478,295,138,157
134,"NYC-Queens Community District 13--Queens Village, Cambria Heights & Rosedale PUMA",38810,19593,19217,37727,18846,18881,1083,747,336,13874,5467,8407,13735,5328,8407,139,139,0,24050,13561,10489,23260,12953,10307,790,608,182,886,565,321,732,565,167,154,0,154
135,Monroe County (Central)--Rochester City (West) PUMA,22970,10992,11978,18036,9166,8870,4934,1826,3108,5814,2881,2933,5140,2742,2398,674,139,535,14792,6945,7847,11851,5616,6235,2941,1329,1612,2364,1166,1198,1045,808,237,1319,358,961
136,NYC-Queens Community District 10--Howard Beach & Ozone Park PUMA,21695,11292,10403,20387,10203,10184,1308,1089,219,8195,3076,5119,7997,2878,5119,198,198,0,12794,7573,5221,11925,6923,5002,869,650,219,706,643,63,465,402,63,241,241,0
137,Suffolk County (Central)--Islip Town (Northwest) PUMA,20223,10003,10220,19572,9846,9726,651,157,494,3911,1755,2156,3911,1755,2156,0,0,0,14122,6846,7276,13565,6783,6782,557,63,494,2190,1402,788,2096,1308,788,94,94,0
138,Putnam County PUMA,33267,18645,14622,32515,18423,14092,752,222,530,14957,7023,7934,14957,7023,7934,0,0,0,17558,11021,6537,16806,10799,6007,752,222,530,752,601,151,752,601,151,0,0,0
139,NYC-Queens Community District 2--Sunnyside & Woodside PUMA,25776,13788,11988,25045,13349,11696,731,439,292,15058,7546,7512,15058,7546,7512,0,0,0,9522,5330,4192,8890,4990,3900,632,340,292,1196,912,284,1097,813,284,99,99,0
140,Nassau County (Central)--Hempstead Town (East Central) PUMA,34690,20418,14272,34305,20129,14176,385,289,96,21553,11326,10227,21553,11326,10227,0,0,0,12796,8751,4045,12411,8462,3949,385,289,96,341,341,0,341,341,0,0,0,0
141,Suffolk County (Northwest)--Huntington Town (South) PUMA,31191,17968,13223,30575,17589,12986,616,379,237,17021,10259,6762,16942,10259,6683,79,0,79,13905,7444,6461,13436,7133,6303,469,311,158,265,265,0,197,197,0,68,68,0
142,"NYC-Bronx Community District 4--Concourse, Highbridge & Mount Eden PUMA",14712,5038,9674,12182,5038,7144,2530,0,2530,4373,999,3374,4300,999,3301,73,0,73,8646,3322,5324,6770,3322,3448,1876,0,1876,1693,717,976,1112,717,395,581,0,581
143,Nassau County (Central)--Hempstead Town (Northeast) PUMA,32164,16531,15633,31655,16229,15426,509,302,207,14881,7253,7628,14836,7208,7628,45,45,0,16568,8810,7758,16104,8553,7551,464,257,207,715,468,247,715,468,247,0,0,0
144,NYC-Brooklyn Community District 14--Flatbush & Midwood PUMA,25961,14229,11732,23939,13406,10533,2022,823,1199,15819,7780,8039,15425,7621,7804,394,159,235,9724,6085,3639,8302,5627,2675,1422,458,964,418,364,54,212,158,54,206,206,0
145,"Rockland County (West)--Spring Valley, Suffern Villages & Monsey PUMA",15904,9611,6293,13879,7894,5985,2025,1717,308,6790,4136,2654,6574,4006,2568,216,130,86,7712,4224,3488,6415,3149,3266,1297,1075,222,1402,1251,151,890,739,151,512,512,0
146,Capital Region,354818,196962,157856,332077,184056,148021,22741,12906,9835,138379,70340,68039,134126,68246,65880,4253,2094,2159,205260,117757,87503,189520,108621,80899,15740,9136,6604,11179,8865,2314,8431,7189,1242,2748,1676,1072
147,Central NY,248533,137016,111517,234774,129584,105190,13759,7432,6327,91726,46469,45257,89825,45394,44431,1901,1075,826,146149,84296,61853,136638,79283,57355,9511,5013,4498,10658,6251,4407,8311,4907,3404,2347,1344,1003
148,Finger Lakes,384882,212196,172686,360169,200392,159777,24713,11804,12909,146846,73164,73682,143816,71521,72295,3030,1643,1387,218032,124723,93309,201065,117038,84027,16967,7685,9282,20004,14309,5695,15288,11833,3455,4716,2476,2240
149,Long Island,766343,431257,335086,746739,421067,325672,19604,10190,9414,382796,197558,185238,377806,194852,182954,4990,2706,2284,366536,221034,145502,354401,215376,139025,12135,5658,6477,17011,12665,4346,14532,10839,3693,2479,1826,653
150,Mid-Hudson,604670,336283,268387,579818,322012,257806,24852,14271,10581,299324,150360,148964,294878,147824,147054,4446,2536,1910,283573,171024,112549,266717,161531,105186,16856,9493,7363,21773,14899,6874,18223,12657,5566,3550,2242,1308
151,Mohawk Valley,151631,82521,69110,136314,76220,60094,15317,6301,9016,41295,18687,22608,39698,17880,21818,1597,807,790,100905,57978,42927,89512,53472,36040,11393,4506,6887,9431,5856,3575,7104,4868,2236,2327,988,1339
152,New York City,1640980,844767,796213,1519528,789105,730423,121452,55662,65790,941621,454876,486745,918570,445044,473526,23051,9832,13219,627594,344128,283466,550711,310910,239801,76883,33218,43665,71765,45763,26002,50247,33151,17096,21518,12612,8906
153,North Country,124389,70498,53891,115015,65441,49574,9374,5057,4317,32963,16036,16927,31947,15572,16375,1016,464,552,84978,49097,35881,77096,44937,32159,7882,4160,3722,6448,5365,1083,5972,4932,1040,476,433,43
154,Southern Tier,194001,106424,87577,175421,95639,79782,18580,10785,7795,65770,31374,34396,63707,30238,33469,2063,1136,927,119664,69239,50425,105439,60812,44627,14225,8427,5798,8567,5811,2756,6275,4589,1686,2292,1222,1070
155,Western NY,438510,241233,197277,403975,224150,179825,34535,17083,17452,158352,77807,80545,155412,75757,79655,2940,2050,890,263332,151381,111951,236359,139694,96665,26973,11687,15286,16826,12045,4781,12204,8699,3505,4622,3346,1276
