,puma,Total_geo,Total_geo_m,Total_geo_f,Total_FT_mf_t,Total_FT_m,Total_FT_f,Total_PT_mf_t,Total_PT_m,Total_PT_f,Total_BABS,Total_BABS_m,Total_BABS_f,BABS_FT_mf_t,BABS_FT_m,BABS_FT_f,BABS_PT_mf_t,BABS_PT_m,BABS_PT_f,Total_HS,Total_HS_m,Total_HS_f,HS_FT_mf_t,HS_FT_m,HS_FT_f,HS_PT_mf_t,HS_PT_m,HS_PT_f,Total_HSINC,Total_HSINC_m,Total_HSINC_f,HSINC_FT_mf_t,HSINC_FT_m,HSINC_FT_f,HSINC_PT_mf_t,HSINC_PT_m,HSINC_PT_f
0,Total Geo,1007226,562979,444247,846522,507148,339374,160704,55831,104873,403725,199837,203888,355673,184359,171314,48052,15478,32574,471560,274846,196714,384977,244184,140793,86583,30662,55921,131941,88296,43645,105872,78605,27267,26069,9691,16378
1,Nassau County (Central)--Hempstead Town (Northeast) PUMA,5428,3087,2341,4751,3087,1664,677,0,677,2244,1111,1133,2164,1111,1053,80,0,80,2985,1777,1208,2388,1777,611,597,0,597,199,199,0,199,199,0,0,0,0
2,"Chenango, Delaware & Broome (East) Counties PUMA",255,220,35,255,220,35,0,0,0,120,85,35,120,85,35,0,0,0,135,135,0,135,135,0,0,0,0,0,0,0,0,0,0,0,0,0
3,Cayuga & Onondaga (South) Counties PUMA,30,0,30,30,0,30,0,0,0,0,0,0,0,0,0,0,0,0,0,0,0,0,0,0,0,0,0,30,0,30,30,0,30,0,0,0
4,NYC-Brooklyn Community District 5--East New York & Starrett City PUMA,11868,6597,5271,10245,5683,4562,1623,914,709,2077,824,1253,1903,650,1253,174,174,0,6984,3813,3171,5974,3325,2649,1010,488,522,2807,1960,847,2368,1708,660,439,252,187
5,"NYC-Staten Island Community District 1--Port Richmond, Stapleton & Mariner's Harbor PUMA",11864,6782,5082,9989,6027,3962,1875,755,1120,3422,1608,1814,2897,1562,1335,525,46,479,6177,3542,2635,5162,3125,2037,1015,417,598,2265,1632,633,1930,1340,590,335,292,43
6,"NYC-Queens Community District 5--Ridgewood, Glendale & Middle Village PUMA",14440,6798,7642,11782,6117,5665,2658,681,1977,4623,1346,3277,4014,1235,2779,609,111,498,7340,3895,3445,5803,3508,2295,1537,387,1150,2477,1557,920,1965,1374,591,512,183,329
7,"Otsego, Schoharie, Oneida (South) & Herkimer (South) Counties PUMA",328,98,230,227,98,129,101,0,101,296,98,198,195,98,97,101,0,101,32,0,32,32,0,32,0,0,0,0,0,0,0,0,0,0,0,0
8,Erie County (Northwest) PUMA,1112,771,341,852,771,81,260,0,260,702,621,81,702,621,81,0,0,0,410,150,260,150,150,0,260,0,260,0,0,0,0,0,0,0,0,0
9,NYC-Manhattan Community District 7--Upper West Side & West Side PUMA,10417,4847,5570,7864,4787,3077,2553,60,2493,7740,3787,3953,6864,3787,3077,876,0,876,2456,839,1617,812,812,0,1644,27,1617,221,221,0,188,188,0,33,33,0
10,"NYC-Manhattan Community District 6--Murray Hill, Gramercy & Stuyvesant Town PUMA",5839,2382,3457,4808,2382,2426,1031,0,1031,4920,1882,3038,3889,1882,2007,1031,0,1031,419,0,419,419,0,419,0,0,0,500,500,0,500,500,0,0,0,0
11,Saratoga County (South & Central) PUMA,1558,905,653,1448,795,653,110,110,0,1477,905,572,1367,795,572,110,110,0,81,0,81,81,0,81,0,0,0,0,0,0,0,0,0,0,0,0
12,Nassau County (South Central)--Hempstead Town (Southeast) PUMA,4299,1615,2684,3169,1506,1663,1130,109,1021,2281,1015,1266,2003,1015,988,278,0,278,1661,311,1350,986,311,675,675,0,675,357,289,68,180,180,0,177,109,68
13,Columbia & Greene Counties PUMA,1175,370,805,510,246,264,665,124,541,481,237,244,419,175,244,62,62,0,587,26,561,46,26,20,541,0,541,107,107,0,45,45,0,62,62,0
14,NYC-Staten Island Community District 2--New Springville & South Beach PUMA,5910,3508,2402,5269,3241,2028,641,267,374,3371,1963,1408,3152,1857,1295,219,106,113,2392,1497,895,2069,1336,733,323,161,162,147,48,99,48,48,0,99,0,99
15,Nassau County (Northeast)--Oyster Bay Town (North) & Glen Cove City PUMA,9401,5533,3868,8741,5375,3366,660,158,502,4697,1907,2790,4278,1767,2511,419,140,279,2779,1916,863,2750,1916,834,29,0,29,1925,1710,215,1713,1692,21,212,18,194
16,NYC-Brooklyn Community District 18--Canarsie & Flatlands PUMA,14216,7570,6646,12434,6698,5736,1782,872,910,5738,3121,2617,5512,3078,2434,226,43,183,7165,3448,3717,5783,2619,3164,1382,829,553,1313,1001,312,1139,1001,138,174,0,174
17,Putnam County PUMA,2347,1591,756,2065,1591,474,282,0,282,323,177,146,323,177,146,0,0,0,1503,1175,328,1503,1175,328,0,0,0,521,239,282,239,239,0,282,0,282
18,Nassau County (Northwest)--North Hempstead Town (North) PUMA,6842,4103,2739,5661,3839,1822,1181,264,917,3714,2295,1419,3497,2295,1202,217,0,217,2785,1551,1234,1907,1287,620,878,264,614,343,257,86,257,257,0,86,0,86
19,NYC-Queens Community District 3--Jackson Heights & North Corona PUMA,29032,19162,9870,24622,17698,6924,4410,1464,2946,4648,2633,2015,4038,2564,1474,610,69,541,20700,13816,6884,17419,12700,4719,3281,1116,2165,3684,2713,971,3165,2434,731,519,279,240
20,Rockland County (North)--New City & Congers PUMA,7523,4223,3300,6805,4223,2582,718,0,718,2905,1694,1211,2847,1694,1153,58,0,58,3716,1898,1818,3247,1898,1349,469,0,469,902,631,271,711,631,80,191,0,191
21,"NYC-Bronx Community District 3 & 6--Belmont, Crotona Park East & East Tremont PUMA",16924,9349,7575,13276,7349,5927,3648,2000,1648,4498,2896,1602,3623,2183,1440,875,713,162,8724,4498,4226,6787,3590,3197,1937,908,1029,3702,1955,1747,2866,1576,1290,836,379,457
22,Orange County (Northwest) PUMA,4485,2868,1617,4112,2797,1315,373,71,302,1844,1166,678,1711,1095,616,133,71,62,2285,1346,939,2045,1346,699,240,0,240,356,356,0,356,356,0,0,0,0
23,NYC-Brooklyn Community District 2--Brooklyn Heights & Fort Greene PUMA,5205,2550,2655,4458,2281,2177,747,269,478,4020,1770,2250,3451,1501,1950,569,269,300,1122,780,342,944,780,164,178,0,178,63,0,63,63,0,63,0,0,0
24,Dutchess County (Southwest) PUMA,5403,3289,2114,4227,2397,1830,1176,892,284,2343,797,1546,2149,698,1451,194,99,95,2358,2152,206,1790,1584,206,568,568,0,702,340,362,288,115,173,414,225,189
25,Westchester County (Northwest) PUMA,9035,4982,4053,8340,4867,3473,695,115,580,4188,1683,2505,3947,1568,2379,241,115,126,2800,1991,809,2800,1991,809,0,0,0,2047,1308,739,1593,1308,285,454,0,454
26,Nassau County (Southeast)--Oyster Bay Town (South) PUMA,4263,2400,1863,3968,2272,1696,295,128,167,1748,966,782,1532,838,694,216,128,88,2439,1358,1081,2360,1358,1002,79,0,79,76,76,0,76,76,0,0,0,0
27,Westchester County (South Central)--New Rochelle & Mount Vernon Cities PUMA,9595,5137,4458,7675,4863,2812,1920,274,1646,4284,2072,2212,3542,1798,1744,742,274,468,3230,1643,1587,2268,1643,625,962,0,962,2081,1422,659,1865,1422,443,216,0,216
28,Saratoga County (Outer) PUMA,1301,957,344,1199,957,242,102,0,102,1097,855,242,1097,855,242,0,0,0,180,78,102,78,78,0,102,0,102,24,24,0,24,24,0,0,0,0
29,NYC-Queens Community District 9--Richmond Hill & Woodhaven PUMA,21636,13043,8593,17854,11915,5939,3782,1128,2654,8125,4592,3533,7308,4294,3014,817,298,519,10130,5976,4154,8080,5535,2545,2050,441,1609,3381,2475,906,2466,2086,380,915,389,526
30,Erie County (South) PUMA,605,345,260,582,345,237,23,0,23,484,247,237,484,247,237,0,0,0,98,98,0,98,98,0,0,0,0,23,0,23,0,0,0,23,0,23
31,"NYC-Queens Community District 12--Jamaica, Hollis & St. Albans PUMA",17418,9939,7479,14102,8651,5451,3316,1288,2028,6296,2899,3397,5743,2899,2844,553,0,553,9036,5898,3138,6990,4928,2062,2046,970,1076,2086,1142,944,1369,824,545,717,318,399
32,NYC-Brooklyn Community District 1--Greenpoint & Williamsburg PUMA,5985,3298,2687,4260,2427,1833,1725,871,854,2953,1568,1385,2137,1046,1091,816,522,294,2496,1382,1114,1876,1216,660,620,166,454,536,348,188,247,165,82,289,183,106
33,Suffolk County (Central)--Brookhaven Town (Central) PUMA,7153,4436,2717,6378,4077,2301,775,359,416,1976,970,1006,1416,611,805,560,359,201,2990,1636,1354,2883,1636,1247,107,0,107,2187,1830,357,2079,1830,249,108,0,108
34,St. Lawrence County PUMA,709,353,356,685,353,332,24,0,24,629,297,332,629,297,332,0,0,0,56,56,0,56,56,0,0,0,0,24,0,24,0,0,0,24,0,24
35,Genesee & Orleans Counties PUMA,520,520,0,520,520,0,0,0,0,360,360,0,360,360,0,0,0,0,0,0,0,0,0,0,0,0,0,160,160,0,160,160,0,0,0,0
36,Monroe County (Central)--Rochester City (West) PUMA,1388,534,854,1129,534,595,259,0,259,572,0,572,313,0,313,259,0,259,816,534,282,816,534,282,0,0,0,0,0,0,0,0,0,0,0,0
37,Wayne & Seneca Counties PUMA,1216,438,778,1189,423,766,27,15,12,721,151,570,706,136,570,15,15,0,454,287,167,442,287,155,12,0,12,41,0,41,41,0,41,0,0,0
38,Warren & Washington Counties PUMA,94,94,0,94,94,0,0,0,0,94,94,0,94,94,0,0,0,0,0,0,0,0,0,0,0,0,0,0,0,0,0,0,0,0,0,0
39,Erie County (North Central) PUMA,3858,2397,1461,3344,2253,1091,514,144,370,3465,2326,1139,2951,2182,769,514,144,370,229,0,229,229,0,229,0,0,0,164,71,93,164,71,93,0,0,0
40,"Clinton, Franklin, Essex & Hamilton Counties PUMA",613,328,285,437,224,213,176,104,72,121,0,121,121,0,121,0,0,0,388,224,164,316,224,92,72,0,72,104,104,0,0,0,0,104,104,0
41,Dutchess County (North & East) PUMA,2201,1375,826,1966,1375,591,235,0,235,1026,423,603,910,423,487,116,0,116,401,297,104,401,297,104,0,0,0,774,655,119,655,655,0,119,0,119
42,Tompkins County PUMA,3109,1125,1984,2429,1061,1368,680,64,616,2698,1125,1573,2018,1061,957,680,64,616,264,0,264,264,0,264,0,0,0,147,0,147,147,0,147,0,0,0
43,"NYC-Manhattan Community District 4 & 5--Chelsea, Clinton & Midtown Business District PUMA",10258,5857,4401,9049,5314,3735,1209,543,666,8909,5201,3708,8036,4658,3378,873,543,330,1072,379,693,736,379,357,336,0,336,277,277,0,277,277,0,0,0,0
44,Onondaga County (Central)--Syracuse City PUMA,4833,3248,1585,3845,2643,1202,988,605,383,1546,1178,368,1013,757,256,533,421,112,2332,1190,1142,1952,1006,946,380,184,196,955,880,75,880,880,0,75,0,75
45,Suffolk County (South Central)--Brookhaven Town (South) PUMA,4076,2783,1293,3715,2594,1121,361,189,172,886,447,439,886,447,439,0,0,0,2817,2068,749,2750,2068,682,67,0,67,373,268,105,79,79,0,294,189,105
46,Suffolk County (Northwest)--Smithtown Town PUMA,2292,1564,728,1720,1071,649,572,493,79,1332,654,678,1122,523,599,210,131,79,903,853,50,541,491,50,362,362,0,57,57,0,57,57,0,0,0,0
47,Herkimer (North & Central) & Oneida (Outer) Counties PUMA,60,0,60,0,0,0,60,0,60,60,0,60,0,0,0,60,0,60,0,0,0,0,0,0,0,0,0,0,0,0,0,0,0,0,0,0
48,NYC-Queens Community District 2--Sunnyside & Woodside PUMA,22655,13607,9048,18947,12371,6576,3708,1236,2472,9514,4511,5003,7938,4082,3856,1576,429,1147,11222,7501,3721,9214,6818,2396,2008,683,1325,1919,1595,324,1795,1471,324,124,124,0
49,Onondaga County (Central)--Syracuse City (Outer) PUMA,1315,614,701,1065,584,481,250,30,220,855,379,476,635,379,256,220,0,220,171,81,90,171,81,90,0,0,0,289,154,135,259,124,135,30,30,0
50,Broome County (West Central)--Greater Binghamton City & Greater Johnson City Village PUMA,1254,579,675,791,422,369,463,157,306,441,157,284,161,0,161,280,157,123,297,128,169,297,128,169,0,0,0,516,294,222,333,294,39,183,0,183
51,Erie County (West Central)--Buffalo City (West) PUMA,2435,1516,919,1749,1097,652,686,419,267,892,459,433,592,340,252,300,119,181,868,382,486,534,134,400,334,248,86,675,675,0,623,623,0,52,52,0
52,"Steuben (North & West), Schuyler & Chemung (North) Counties PUMA",482,262,220,384,164,220,98,98,0,365,262,103,267,164,103,98,98,0,117,0,117,117,0,117,0,0,0,0,0,0,0,0,0,0,0,0
53,Monroe County (North & West) PUMA,1192,684,508,701,255,446,491,429,62,631,336,295,233,0,233,398,336,62,521,348,173,428,255,173,93,93,0,40,0,40,40,0,40,0,0,0
54,NYC-Brooklyn Community District 8--Crown Heights North & Prospect Heights PUMA,4976,2176,2800,4277,2012,2265,699,164,535,2229,721,1508,1888,721,1167,341,0,341,2062,937,1125,1704,773,931,358,164,194,685,518,167,685,518,167,0,0,0
55,Cattaraugus & Allegany Counties PUMA,91,91,0,91,91,0,0,0,0,91,91,0,91,91,0,0,0,0,0,0,0,0,0,0,0,0,0,0,0,0,0,0,0,0,0,0
56,"NYC-Queens Community District 11--Bayside, Douglaston & Little Neck PUMA",13296,7487,5809,12103,6996,5107,1193,491,702,8749,4253,4496,8000,3962,4038,749,291,458,4048,2893,1155,3604,2693,911,444,200,244,499,341,158,499,341,158,0,0,0
57,Chemung (South) & Steuben (East) Counties--Greater Elmira & Greater Corning Cities PUMA,2009,1137,872,2009,1137,872,0,0,0,1708,942,766,1708,942,766,0,0,0,301,195,106,301,195,106,0,0,0,0,0,0,0,0,0,0,0,0
58,Suffolk County (Southwest)--Babylon Town (Southeast) PUMA,3907,1656,2251,3748,1656,2092,159,0,159,810,621,189,810,621,189,0,0,0,2598,1035,1563,2519,1035,1484,79,0,79,499,0,499,419,0,419,80,0,80
59,Jefferson & Lewis Counties PUMA,725,482,243,344,177,167,381,305,76,454,305,149,149,0,149,305,305,0,110,16,94,34,16,18,76,0,76,161,161,0,161,161,0,0,0,0
60,NYC-Brooklyn Community District 3--Bedford-Stuyvesant PUMA,5184,2556,2628,4457,2387,2070,727,169,558,1712,902,810,1233,733,500,479,169,310,2443,705,1738,2195,705,1490,248,0,248,1029,949,80,1029,949,80,0,0,0
61,Schenectady County--Schenectady City PUMA,2114,1248,866,1555,1088,467,559,160,399,1250,599,651,880,599,281,370,0,370,603,388,215,414,228,186,189,160,29,261,261,0,261,261,0,0,0,0
62,NYC-Queens Community District 1--Astoria & Long Island City PUMA,14434,8385,6049,12740,8059,4681,1694,326,1368,7441,3476,3965,6801,3476,3325,640,0,640,5135,3325,1810,4180,2999,1181,955,326,629,1858,1584,274,1759,1584,175,99,0,99
63,Suffolk County (North Central)--Brookhaven Town (North) PUMA,2497,1269,1228,1996,1127,869,501,142,359,2289,1231,1058,1911,1127,784,378,104,274,208,38,170,85,0,85,123,38,85,0,0,0,0,0,0,0,0,0
64,Fulton & Montgomery Counties PUMA,454,246,208,269,211,58,185,35,150,158,158,0,158,158,0,0,0,0,296,88,208,111,53,58,185,35,150,0,0,0,0,0,0,0,0,0
65,NYC-Brooklyn Community District 16--Brownsville & Ocean Hill PUMA,5079,2760,2319,4081,2411,1670,998,349,649,1182,687,495,1116,687,429,66,0,66,3069,1591,1478,2359,1275,1084,710,316,394,828,482,346,606,449,157,222,33,189
66,"Rockland County (South)--Orangetown, Clarkstown (South) & Ramapo (Southeast) Towns PUMA",4756,1760,2996,4183,1488,2695,573,272,301,2746,913,1833,2538,705,1833,208,208,0,1724,783,941,1645,783,862,79,0,79,286,64,222,0,0,0,286,64,222
67,Oswego County PUMA,322,35,287,196,0,196,126,35,91,35,35,0,0,0,0,35,35,0,287,0,287,196,0,196,91,0,91,0,0,0,0,0,0,0,0,0
68,"NYC-Manhattan Community District 12--Washington Heights, Inwood & Marble Hill PUMA",21741,11035,10706,17797,9731,8066,3944,1304,2640,8866,4275,4591,7874,4200,3674,992,75,917,11079,5634,5445,8797,4405,4392,2282,1229,1053,1796,1126,670,1126,1126,0,670,0,670
69,Monroe County (Central)--Rochester City (East) PUMA,2464,1959,505,1957,1487,470,507,472,35,588,451,137,448,311,137,140,140,0,1761,1393,368,1394,1061,333,367,332,35,115,115,0,115,115,0,0,0,0
70,Westchester County (Northeast) PUMA,7469,4429,3040,6793,4317,2476,676,112,564,3173,1461,1712,3067,1413,1654,106,48,58,1870,1189,681,1549,1125,424,321,64,257,2426,1779,647,2177,1779,398,249,0,249
71,"NYC-Bronx Community District 1 & 2--Hunts Point, Longwood & Melrose PUMA",11980,6315,5665,10369,5571,4798,1611,744,867,2269,776,1493,1661,460,1201,608,316,292,6985,3784,3201,6474,3356,3118,511,428,83,2726,1755,971,2234,1755,479,492,0,492
72,"NYC-Queens Community District 7--Flushing, Murray Hill & Whitestone PUMA",33265,18050,15215,27430,16142,11288,5835,1908,3927,14001,7153,6848,12344,6701,5643,1657,452,1205,16233,9327,6906,12769,8167,4602,3464,1160,2304,3031,1570,1461,2317,1274,1043,714,296,418
73,Onondaga County (North) PUMA,639,402,237,469,298,171,170,104,66,535,298,237,469,298,171,66,0,66,67,67,0,0,0,0,67,67,0,37,37,0,0,0,0,37,37,0
74,Suffolk County (Central)--Brookhaven Town (West Central) PUMA,5617,3348,2269,4966,3348,1618,651,0,651,1610,804,806,1610,804,806,0,0,0,3654,2191,1463,3003,2191,812,651,0,651,353,353,0,353,353,0,0,0,0
75,Monroe County (South) PUMA,4997,2182,2815,4011,1905,2106,986,277,709,3051,1461,1590,2634,1184,1450,417,277,140,1718,493,1225,1149,493,656,569,0,569,228,228,0,228,228,0,0,0,0
76,"NYC-Brooklyn Community District 15--Sheepshead Bay, Gerritsen Beach & Homecrest PUMA",7939,3984,3955,6424,3539,2885,1515,445,1070,3534,1713,1821,2828,1429,1399,706,284,422,2936,1658,1278,2379,1497,882,557,161,396,1469,613,856,1217,613,604,252,0,252
77,Rensselaer County--Troy City PUMA,1821,970,851,1733,970,763,88,0,88,1228,537,691,1140,537,603,88,0,88,593,433,160,593,433,160,0,0,0,0,0,0,0,0,0,0,0,0
78,Suffolk County (Central)--Islip Town (East) PUMA,3013,1806,1207,2509,1736,773,504,70,434,1685,1423,262,1498,1423,75,187,0,187,1328,383,945,1011,313,698,317,70,247,0,0,0,0,0,0,0,0,0
79,Nassau County (West Central)--Hempstead Town (Northwest) PUMA,12446,7225,5221,11282,6829,4453,1164,396,768,5067,2231,2836,4662,2231,2431,405,0,405,6344,4017,2327,5672,3708,1964,672,309,363,1035,977,58,948,890,58,87,87,0
80,Ontario & Yates Counties PUMA,102,0,102,102,0,102,0,0,0,0,0,0,0,0,0,0,0,0,102,0,102,102,0,102,0,0,0,0,0,0,0,0,0,0,0,0
81,Suffolk County (West Central)--Babylon Town (Northwest) PUMA,6151,3358,2793,4521,2411,2110,1630,947,683,2388,1139,1249,1800,721,1079,588,418,170,2499,1369,1130,1636,887,749,863,482,381,1264,850,414,1085,803,282,179,47,132
82,Nassau County (Southwest)--Hempstead Town (Southwest) & Long Beach City PUMA,5410,3009,2401,4703,2938,1765,707,71,636,2182,1036,1146,1706,965,741,476,71,405,2437,1872,565,2287,1872,415,150,0,150,791,101,690,710,101,609,81,0,81
83,"NYC-Bronx Community District 8--Riverdale, Fieldston & Kingsbridge PUMA",12109,7393,4716,10651,6829,3822,1458,564,894,4406,2067,2339,3615,1772,1843,791,295,496,6333,4048,2285,5758,3779,1979,575,269,306,1370,1278,92,1278,1278,0,92,0,92
84,"Rockland County (West)--Spring Valley, Suffern Villages & Monsey PUMA",8343,4646,3697,7588,4273,3315,755,373,382,1873,1056,817,1740,1056,684,133,0,133,4730,2394,2336,4506,2170,2336,224,224,0,1740,1196,544,1342,1047,295,398,149,249
85,Chautauqua County PUMA,437,41,396,0,0,0,437,41,396,0,0,0,0,0,0,0,0,0,437,41,396,0,0,0,437,41,396,0,0,0,0,0,0,0,0,0
86,Orange County (Southeast) PUMA,4651,2348,2303,3577,1967,1610,1074,381,693,2026,939,1087,1864,939,925,162,0,162,1817,1140,677,1307,857,450,510,283,227,808,269,539,406,171,235,402,98,304
87,Monroe County (East) PUMA,1414,956,458,1358,956,402,56,0,56,1007,778,229,1007,778,229,0,0,0,198,131,67,198,131,67,0,0,0,209,47,162,153,47,106,56,0,56
88,Broome (Outer West) & Tioga Counties PUMA,443,332,111,443,332,111,0,0,0,262,262,0,262,262,0,0,0,0,111,0,111,111,0,111,0,0,0,70,70,0,70,70,0,0,0,0
89,Suffolk County (East) PUMA,7777,4316,3461,5817,3701,2116,1960,615,1345,571,266,305,571,266,305,0,0,0,6145,3359,2786,4185,2744,1441,1960,615,1345,1061,691,370,1061,691,370,0,0,0
90,"NYC-Queens Community District 14--Far Rockaway, Breezy Point & Broad Channel PUMA",5531,2775,2756,4750,2652,2098,781,123,658,2322,1057,1265,1946,1057,889,376,0,376,2211,1049,1162,1806,926,880,405,123,282,998,669,329,998,669,329,0,0,0
91,NYC-Brooklyn Community District 14--Flatbush & Midwood PUMA,14141,6576,7565,11922,6038,5884,2219,538,1681,2851,1464,1387,2570,1393,1177,281,71,210,8405,3822,4583,7009,3613,3396,1396,209,1187,2885,1290,1595,2343,1032,1311,542,258,284
92,Albany County (Outside Albany City) PUMA,5136,2690,2446,4099,2190,1909,1037,500,537,2956,1454,1502,2325,1222,1103,631,232,399,1467,815,652,1061,547,514,406,268,138,713,421,292,713,421,292,0,0,0
93,"NYC-Bronx Community District 5--Morris Heights, Fordham South & Mount Hope PUMA",15125,6525,8600,11130,5722,5408,3995,803,3192,2570,1123,1447,2201,939,1262,369,184,185,10549,4279,6270,7349,3861,3488,3200,418,2782,2006,1123,883,1580,922,658,426,201,225
94,"NYC-Manhattan Community District 9--Hamilton Heights, Manhattanville & West Harlem PUMA",8980,4937,4043,7151,4240,2911,1829,697,1132,5018,2427,2591,4374,2182,2192,644,245,399,3084,1632,1452,2204,1485,719,880,147,733,878,878,0,573,573,0,305,305,0
95,Nassau County (West Central)--Hempstead Town (West Central) PUMA,9841,5159,4682,8685,4934,3751,1156,225,931,4063,2009,2054,3377,2009,1368,686,0,686,5600,2972,2628,5130,2747,2383,470,225,245,178,178,0,178,178,0,0,0,0
96,Erie County (West Central)--Buffalo City (East) PUMA,1570,1034,536,1354,992,362,216,42,174,590,416,174,416,416,0,174,0,174,807,512,295,765,470,295,42,42,0,173,106,67,173,106,67,0,0,0
97,NYC-Queens Community District 6--Forest Hills & Rego Park PUMA,15230,8056,7174,13017,7454,5563,2213,602,1611,10896,5258,5638,9718,5179,4539,1178,79,1099,3659,2123,1536,2785,1761,1024,874,362,512,675,675,0,514,514,0,161,161,0
98,"NYC-Queens Community District 13--Queens Village, Cambria Heights & Rosedale PUMA",22445,12176,10269,19126,10886,8240,3319,1290,2029,8508,4293,4215,7090,3601,3489,1418,692,726,12106,7020,5086,10515,6490,4025,1591,530,1061,1831,863,968,1521,795,726,310,68,242
99,"NYC-Bronx Community District 11--Pelham Parkway, Morris Park & Laconia PUMA",10046,6271,3775,8095,5569,2526,1951,702,1249,3364,1595,1769,3001,1595,1406,363,0,363,4672,3028,1644,3227,2378,849,1445,650,795,2010,1648,362,1867,1596,271,143,52,91
100,Madison & Cortland Counties PUMA,360,197,163,197,197,0,163,0,163,253,197,56,197,197,0,56,0,56,107,0,107,0,0,0,107,0,107,0,0,0,0,0,0,0,0,0
101,Nassau County (Central)--Hempstead Town (East Central) PUMA,2473,1240,1233,2272,1240,1032,201,0,201,1786,1144,642,1660,1144,516,126,0,126,529,0,529,454,0,454,75,0,75,158,96,62,158,96,62,0,0,0
102,Nassau County (West Central)--North Hempstead Town (South) PUMA,14805,7824,6981,13274,7051,6223,1531,773,758,8403,3608,4795,7955,3460,4495,448,148,300,5884,3806,2078,4869,3181,1688,1015,625,390,518,410,108,450,410,40,68,0,68
103,Westchester County (Central)--White Plains City PUMA,11054,6159,4895,10066,5810,4256,988,349,639,6389,3560,2829,5992,3560,2432,397,0,397,3525,1643,1882,2934,1294,1640,591,349,242,1140,956,184,1140,956,184,0,0,0
104,"NYC-Staten Island Community District 3--Tottenville, Great Kills & Annadale PUMA",3278,2173,1105,3170,2173,997,108,0,108,2127,1155,972,2019,1155,864,108,0,108,856,723,133,856,723,133,0,0,0,295,295,0,295,295,0,0,0,0
105,Suffolk County (Northwest)--Huntington Town (South) PUMA,3016,1646,1370,2632,1402,1230,384,244,140,1864,1036,828,1613,855,758,251,181,70,1152,610,542,1019,547,472,133,63,70,0,0,0,0,0,0,0,0,0
106,NYC-Manhattan Community District 3--Chinatown & Lower East Side PUMA,9852,4773,5079,8553,4352,4201,1299,421,878,3599,1049,2550,3156,904,2252,443,145,298,5249,3029,2220,4501,2776,1725,748,253,495,1004,695,309,896,672,224,108,23,85
107,NYC-Brooklyn Community District 13--Brighton Beach & Coney Island PUMA,6840,4182,2658,5275,3393,1882,1565,789,776,1546,586,960,1328,586,742,218,0,218,4181,3080,1101,3361,2374,987,820,706,114,1113,516,597,586,433,153,527,83,444
108,NYC-Brooklyn Community District 7--Sunset Park & Windsor Terrace PUMA,13224,8003,5221,10240,6690,3550,2984,1313,1671,4039,2723,1316,3536,2460,1076,503,263,240,5141,2843,2298,3998,2127,1871,1143,716,427,4044,2437,1607,2706,2103,603,1338,334,1004
109,Suffolk County (Northwest)--Huntington Town (North) PUMA,4318,2566,1752,4087,2566,1521,231,0,231,1452,743,709,1385,743,642,67,0,67,1249,630,619,1085,630,455,164,0,164,1617,1193,424,1617,1193,424,0,0,0
110,Suffolk County (Southwest)--Islip Town (South) PUMA,2781,1723,1058,2120,1567,553,661,156,505,1065,657,408,776,657,119,289,0,289,1524,874,650,1152,718,434,372,156,216,192,192,0,192,192,0,0,0,0
111,"NYC-Brooklyn Community District 17--East Flatbush, Farragut & Rugby PUMA",11812,5426,6386,10295,4934,5361,1517,492,1025,3574,991,2583,3020,928,2092,554,63,491,6812,3457,3355,6147,3028,3119,665,429,236,1426,978,448,1128,978,150,298,0,298
112,Ulster County (East) PUMA,1817,625,1192,1388,550,838,429,75,354,923,86,837,604,86,518,319,0,319,894,539,355,784,464,320,110,75,35,0,0,0,0,0,0,0,0,0
113,NYC-Manhattan Community District 10--Central Harlem PUMA,7401,3951,3450,6353,3386,2967,1048,565,483,3269,1298,1971,2766,980,1786,503,318,185,3964,2485,1479,3490,2309,1181,474,176,298,168,168,0,97,97,0,71,71,0
114,NYC-Brooklyn Community District 4--Bushwick PUMA,12367,8023,4344,9366,6675,2691,3001,1348,1653,3869,2125,1744,3156,2046,1110,713,79,634,5440,4111,1329,4476,3281,1195,964,830,134,3058,1787,1271,1734,1348,386,1324,439,885
115,"NYC-Brooklyn Community District 9--Crown Heights South, Prospect Lefferts & Wingate PUMA",5145,2754,2391,4079,2359,1720,1066,395,671,1833,594,1239,1381,594,787,452,0,452,3143,2077,1066,2612,1765,847,531,312,219,169,83,86,86,0,86,83,83,0
116,Oneida County (Central)--Greater Utica & Rome Cities PUMA,3118,1472,1646,2717,1428,1289,401,44,357,984,418,566,889,418,471,95,0,95,1482,809,673,1176,765,411,306,44,262,652,245,407,652,245,407,0,0,0
117,"NYC-Bronx Community District 9--Castle Hill, Clason Point & Parkchester PUMA",16491,10680,5811,14074,9715,4359,2417,965,1452,3967,2313,1654,3550,2025,1525,417,288,129,10487,6924,3563,8970,6526,2444,1517,398,1119,2037,1443,594,1554,1164,390,483,279,204
118,Erie County (Central) PUMA,774,617,157,662,505,157,112,112,0,262,168,94,211,117,94,51,51,0,449,449,0,388,388,0,61,61,0,63,0,63,63,0,63,0,0,0
119,Livingston & Wyoming Counties PUMA,95,95,0,95,95,0,0,0,0,0,0,0,0,0,0,0,0,0,17,17,0,17,17,0,0,0,0,78,78,0,78,78,0,0,0,0
120,Nassau County (East Central)--Oyster Bay Town (Central) PUMA,8080,4735,3345,6366,3946,2420,1714,789,925,6059,3629,2430,4818,2935,1883,1241,694,547,1404,794,610,1236,699,537,168,95,73,617,312,305,312,312,0,305,0,305
121,Niagara County (North & East) PUMA,86,86,0,86,86,0,0,0,0,86,86,0,86,86,0,0,0,0,0,0,0,0,0,0,0,0,0,0,0,0,0,0,0,0,0,0
122,Westchester County (Southwest)--Yonkers City PUMA,17348,9535,7813,15175,8874,6301,2173,661,1512,6279,3265,3014,5834,3265,2569,445,0,445,8545,4227,4318,7087,3836,3251,1458,391,1067,2524,2043,481,2254,1773,481,270,270,0
123,Sullivan & Ulster (West) Counties PUMA,630,214,416,598,214,384,32,0,32,552,190,362,552,190,362,0,0,0,78,24,54,46,24,22,32,0,32,0,0,0,0,0,0,0,0,0
124,"NYC-Brooklyn Community District 12--Borough Park, Kensington & Ocean Parkway PUMA",5723,4096,1627,4678,3574,1104,1045,522,523,1599,899,700,1553,853,700,46,46,0,3238,2557,681,2641,2237,404,597,320,277,886,640,246,484,484,0,402,156,246
125,NYC-Brooklyn Community District 11--Bensonhurst & Bath Beach PUMA,18228,10446,7782,14654,8951,5703,3574,1495,2079,8000,4410,3590,6843,3976,2867,1157,434,723,7407,3753,3654,5769,3161,2608,1638,592,1046,2821,2283,538,2042,1814,228,779,469,310
126,"NYC-Bronx Community District 7--Bedford Park, Fordham North & Norwood PUMA",15159,8654,6505,12347,7836,4511,2812,818,1994,2578,606,1972,2346,374,1972,232,232,0,10164,6577,3587,8233,6577,1656,1931,0,1931,2417,1471,946,1768,885,883,649,586,63
127,NYC-Manhattan Community District 11--East Harlem PUMA,7224,3091,4133,5939,2923,3016,1285,168,1117,3169,1003,2166,2967,927,2040,202,76,126,3483,1996,1487,2668,1996,672,815,0,815,572,92,480,304,0,304,268,92,176
128,Westchester County (Southeast) PUMA,8261,4872,3389,6942,4637,2305,1319,235,1084,1309,669,640,1309,669,640,0,0,0,3250,1552,1698,2568,1447,1121,682,105,577,3702,2651,1051,3065,2521,544,637,130,507
129,Niagara County (Southwest)--Greater Niagara Falls & North Tonawanda Area PUMA,676,107,569,142,107,35,534,0,534,276,0,276,35,0,35,241,0,241,359,66,293,66,66,0,293,0,293,41,41,0,41,41,0,0,0,0
130,Erie County (Northeast) PUMA,810,649,161,674,513,161,136,136,0,590,523,67,454,387,67,136,136,0,126,126,0,126,126,0,0,0,0,94,0,94,94,0,94,0,0,0
131,Monroe County (Central)--Greece & Gates Towns PUMA,2008,1443,565,1883,1443,440,125,0,125,135,62,73,135,62,73,0,0,0,1660,1381,279,1535,1381,154,125,0,125,213,0,213,213,0,213,0,0,0
132,NYC-Brooklyn Community District 10--Bay Ridge & Dyker Heights PUMA,7371,4232,3139,5826,3524,2302,1545,708,837,3592,1856,1736,3416,1801,1615,176,55,121,2233,1384,849,1568,1169,399,665,215,450,1546,992,554,842,554,288,704,438,266
133,"NYC-Bronx Community District 10--Co-op City, Pelham Bay & Schuylerville PUMA",4989,3313,1676,4459,2923,1536,530,390,140,263,168,95,204,168,36,59,0,59,4212,2902,1310,3864,2635,1229,348,267,81,514,243,271,391,120,271,123,123,0
134,"NYC-Manhattan Community District 1 & 2--Battery Park City, Greenwich Village & Soho PUMA",4631,1997,2634,4006,1921,2085,625,76,549,3162,1287,1875,3086,1211,1875,76,76,0,1036,710,326,920,710,210,116,0,116,433,0,433,0,0,0,433,0,433
135,Albany County (East Central)--Albany City PUMA,2942,1549,1393,2942,1549,1393,0,0,0,1537,996,541,1537,996,541,0,0,0,796,481,315,796,481,315,0,0,0,609,72,537,609,72,537,0,0,0
136,"NYC-Queens Community District 8--Briarwood, Fresh Meadows & Hillcrest PUMA",18784,9920,8864,16160,9604,6556,2624,316,2308,11792,6367,5425,10685,6224,4461,1107,143,964,6298,3438,2860,5172,3265,1907,1126,173,953,694,115,579,303,115,188,391,0,391
137,NYC-Queens Community District 4--Elmhurst & South Corona PUMA,26353,16697,9656,22723,15622,7101,3630,1075,2555,4691,1601,3090,4451,1528,2923,240,73,167,18009,12898,5111,15526,11967,3559,2483,931,1552,3653,2198,1455,2746,2127,619,907,71,836
138,Nassau County (Central)--Hempstead Town (North Central)--Meadowbrook Corridor PUMA,9441,5796,3645,8151,5319,2832,1290,477,813,1899,889,1010,1650,726,924,249,163,86,4741,2997,1744,3827,2732,1095,914,265,649,2801,1910,891,2674,1861,813,127,49,78
139,"NYC-Brooklyn Community District 6--Park Slope, Carroll Gardens & Red Hook PUMA",3338,1146,2192,3259,1146,2113,79,0,79,2439,930,1509,2360,930,1430,79,0,79,603,176,427,603,176,427,0,0,0,296,40,256,296,40,256,0,0,0
140,"NYC-Bronx Community District 4--Concourse, Highbridge & Mount Eden PUMA",15125,9147,5978,12467,8270,4197,2658,877,1781,2623,1680,943,1866,1482,384,757,198,559,10437,5934,4503,8861,5461,3400,1576,473,1103,2065,1533,532,1740,1327,413,325,206,119
141,NYC-Manhattan Community District 8--Upper East Side PUMA,15080,7114,7966,11794,5368,6426,3286,1746,1540,9024,2931,6093,8772,2931,5841,252,0,252,6056,4183,1873,3022,2437,585,3034,1746,1288,0,0,0,0,0,0,0,0,0
142,Orange County (Northeast)--Greater Newburgh City PUMA,4504,2700,1804,3773,2077,1696,731,623,108,1488,527,961,1380,527,853,108,0,108,2058,1296,762,1680,918,762,378,378,0,958,877,81,713,632,81,245,245,0
143,"NYC-Bronx Community District 12--Wakefield, Williamsbridge & Woodlawn PUMA",7852,4553,3299,7284,4137,3147,568,416,152,4060,1839,2221,3804,1583,2221,256,256,0,3194,2268,926,3119,2193,926,75,75,0,598,446,152,361,361,0,237,85,152
144,NYC-Queens Community District 10--Howard Beach & Ozone Park PUMA,9624,6702,2922,8386,6049,2337,1238,653,585,3271,2321,950,3007,2181,826,264,140,124,5029,3424,1605,4185,3041,1144,844,383,461,1324,957,367,1194,827,367,130,130,0
145,Suffolk County (Central)--Islip Town (Northwest) PUMA,16369,9832,6537,13298,8716,4582,3071,1116,1955,2982,2346,636,2919,2283,636,63,63,0,9115,4474,4641,6563,3673,2890,2552,801,1751,4272,3012,1260,3816,2760,1056,456,252,204
146,Capital Region,16141,8783,7358,13580,7889,5691,2561,894,1667,10120,5677,4443,8859,5273,3586,1261,404,857,4307,2221,2086,3069,1793,1276,1238,428,810,1714,885,829,1652,823,829,62,62,0
147,Central NY,7499,4496,3003,5802,3722,2080,1697,774,923,3224,2087,1137,2314,1631,683,910,456,454,2964,1338,1626,2319,1087,1232,645,251,394,1311,1071,240,1169,1004,165,142,67,75
148,Finger Lakes,15396,8811,6585,12945,7618,5327,2451,1193,1258,7065,3599,3466,5836,2831,3005,1229,768,461,7247,4584,2663,6081,4159,1922,1166,425,741,1084,628,456,1028,628,400,56,0,56
149,Long Island,161696,92029,69667,138530,84308,54222,23166,7721,15445,65053,34177,30876,57619,31577,26042,7434,2600,4834,75770,42891,32879,62298,38521,23777,13472,4370,9102,20873,14961,5912,18613,14210,4403,2260,751,1509
150,Mid-Hudson,109422,60753,48669,95273,56320,38953,14149,4433,9716,43671,20678,22993,40309,19863,20446,3362,815,2547,44784,25289,19495,38160,22852,15308,6624,2437,4187,20967,14786,6181,16804,13605,3199,4163,1181,2982
151,Mohawk Valley,3960,1816,2144,3213,1737,1476,747,79,668,1498,674,824,1242,674,568,256,0,256,1810,897,913,1319,818,501,491,79,412,652,245,407,652,245,407,0,0,0
152,New York City,671059,373819,297240,559866,334704,225162,111193,39115,72078,258858,124573,134285,228037,115212,112825,30821,9361,21460,329116,195048,134068,267744,172768,94976,61372,22280,39092,83085,54198,28887,64085,46724,17361,19000,7474,11526
153,North Country,2047,1163,884,1466,754,712,581,409,172,1204,602,602,899,297,602,305,305,0,554,296,258,406,296,110,148,0,148,289,265,24,161,161,0,128,104,24
154,Southern Tier,7552,3655,3897,6311,3336,2975,1241,319,922,5594,2833,2761,4536,2514,2022,1058,319,739,1225,458,767,1225,458,767,0,0,0,733,364,369,550,364,186,183,0,183
155,Western NY,12454,7654,4800,9536,6760,2776,2918,894,2024,7438,4937,2501,6022,4487,1535,1416,450,966,3783,1824,1959,2356,1432,924,1427,392,1035,1233,893,340,1158,841,317,75,52,23
