,puma,Total_geo,Total_geo_m,Total_geo_f,Total_Emp_mf_t,Total_emp_m,Total_emp_f,Total_UnEmp_mf_t,Total_UnEmp_m,Total_UnEmp_f,Total_BABS,Total_BABS_m,Total_BABS_f,BABS_Emp_mf_t,BABS_emp_m,BABS_emp_f,BABS_UnEmp_mf_t,BABS_UnEmp_m,BABS_UnEmp_f,Total_HS,Total_HS_m,Total_HS_f,HS_Emp_mf_t,HS_emp_m,HS_emp_f,HS_UnEmp_mf_t,HS_UnEmp_m,HS_UnEmp_f,Total_HSINC,Total_HSINC_m,Total_HSINC_f,HSINC_Emp_mf_t,HSINC_emp_m,HSINC_emp_f,HSINC_UnEmp_mf_t,HSINC_UnEmp_m,HSINC_UnEmp_f
0,Total Geo,1005810,560183,445627,960267,539962,420305,45543,20221,25322,404128,199847,204281,388584,194550,194034,15544,5297,10247,471358,273291,198067,447861,260729,187132,23497,12562,10935,130324,87045,43279,123822,84683,39139,6502,2362,4140
1,Nassau County (Central)--Hempstead Town (Northeast) PUMA,5333,3087,2246,5262,3087,2175,71,0,71,2244,1111,1133,2244,1111,1133,0,0,0,2890,1777,1113,2819,1777,1042,71,0,71,199,199,0,199,199,0,0,0,0
2,"Chenango, Delaware & Broome (East) Counties PUMA",220,220,0,220,220,0,0,0,0,85,85,0,85,85,0,0,0,0,135,135,0,135,135,0,0,0,0,0,0,0,0,0,0,0,0,0
3,Cayuga & Onondaga (South) Counties PUMA,30,0,30,30,0,30,0,0,0,0,0,0,0,0,0,0,0,0,0,0,0,0,0,0,0,0,0,30,0,30,30,0,30,0,0,0
4,NYC-Brooklyn Community District 5--East New York & Starrett City PUMA,11897,6816,5081,11380,6455,4925,517,361,156,2077,824,1253,2077,824,1253,0,0,0,7196,4085,3111,6746,3724,3022,450,361,89,2624,1907,717,2557,1907,650,67,0,67
5,"NYC-Staten Island Community District 1--Port Richmond, Stapleton & Mariner's Harbor PUMA",11769,6618,5151,11265,6337,4928,504,281,223,3549,1676,1873,3255,1510,1745,294,166,128,5955,3310,2645,5745,3195,2550,210,115,95,2265,1632,633,2265,1632,633,0,0,0
6,"NYC-Queens Community District 5--Ridgewood, Glendale & Middle Village PUMA",14187,6645,7542,13863,6531,7332,324,114,210,4697,1346,3351,4561,1346,3215,136,0,136,7013,3742,3271,6825,3628,3197,188,114,74,2477,1557,920,2477,1557,920,0,0,0
7,"Otsego, Schoharie, Oneida (South) & Herkimer (South) Counties PUMA",464,98,366,328,98,230,136,0,136,393,98,295,296,98,198,97,0,97,71,0,71,32,0,32,39,0,39,0,0,0,0,0,0,0,0,0
8,Erie County (Northwest) PUMA,1112,771,341,1112,771,341,0,0,0,702,621,81,702,621,81,0,0,0,410,150,260,410,150,260,0,0,0,0,0,0,0,0,0,0,0,0
9,NYC-Manhattan Community District 7--Upper West Side & West Side PUMA,10909,4847,6062,10072,4625,5447,837,222,615,7962,3787,4175,7395,3565,3830,567,222,345,2726,839,1887,2456,839,1617,270,0,270,221,221,0,221,221,0,0,0,0
10,"NYC-Manhattan Community District 6--Murray Hill, Gramercy & Stuyvesant Town PUMA",5839,2382,3457,5839,2382,3457,0,0,0,4920,1882,3038,4920,1882,3038,0,0,0,419,0,419,419,0,419,0,0,0,500,500,0,500,500,0,0,0,0
11,Saratoga County (South & Central) PUMA,1558,905,653,1558,905,653,0,0,0,1477,905,572,1477,905,572,0,0,0,81,0,81,81,0,81,0,0,0,0,0,0,0,0,0,0,0,0
12,Nassau County (South Central)--Hempstead Town (Southeast) PUMA,4348,1615,2733,4234,1615,2619,114,0,114,2395,1015,1380,2281,1015,1266,114,0,114,1596,311,1285,1596,311,1285,0,0,0,357,289,68,357,289,68,0,0,0
13,Columbia & Greene Counties PUMA,1156,308,848,1113,308,805,43,0,43,524,237,287,481,237,244,43,0,43,587,26,561,587,26,561,0,0,0,45,45,0,45,45,0,0,0,0
14,NYC-Staten Island Community District 2--New Springville & South Beach PUMA,5934,3508,2426,5709,3508,2201,225,0,225,3371,1963,1408,3217,1963,1254,154,0,154,2416,1497,919,2345,1497,848,71,0,71,147,48,99,147,48,99,0,0,0
15,Nassau County (Northeast)--Oyster Bay Town (North) & Glen Cove City PUMA,9451,5533,3918,9401,5533,3868,50,0,50,4747,1907,2840,4697,1907,2790,50,0,50,2779,1916,863,2779,1916,863,0,0,0,1925,1710,215,1925,1710,215,0,0,0
16,NYC-Brooklyn Community District 18--Canarsie & Flatlands PUMA,13864,7106,6758,13547,7052,6495,317,54,263,5710,3121,2589,5587,3121,2466,123,0,123,7184,3327,3857,6990,3273,3717,194,54,140,970,658,312,970,658,312,0,0,0
17,Putnam County PUMA,2347,1591,756,2173,1591,582,174,0,174,323,177,146,323,177,146,0,0,0,1503,1175,328,1329,1175,154,174,0,174,521,239,282,521,239,282,0,0,0
18,Nassau County (Northwest)--North Hempstead Town (North) PUMA,6757,4047,2710,6473,4047,2426,284,0,284,3814,2295,1519,3693,2295,1398,121,0,121,2600,1495,1105,2437,1495,942,163,0,163,343,257,86,343,257,86,0,0,0
19,NYC-Queens Community District 3--Jackson Heights & North Corona PUMA,28763,18832,9931,27386,18038,9348,1377,794,583,4704,2633,2071,4429,2633,1796,275,0,275,20652,13763,6889,19662,12969,6693,990,794,196,3407,2436,971,3295,2436,859,112,0,112
20,Rockland County (North)--New City & Congers PUMA,7210,4223,2987,7210,4223,2987,0,0,0,2905,1694,1211,2905,1694,1211,0,0,0,3403,1898,1505,3403,1898,1505,0,0,0,902,631,271,902,631,271,0,0,0
21,"NYC-Bronx Community District 3 & 6--Belmont, Crotona Park East & East Tremont PUMA",16777,9114,7663,16246,9011,7235,531,103,428,4436,2834,1602,4436,2834,1602,0,0,0,8915,4601,4314,8519,4498,4021,396,103,293,3426,1679,1747,3291,1679,1612,135,0,135
22,Orange County (Northwest) PUMA,4726,2893,1833,4386,2769,1617,340,124,216,1916,1166,750,1745,1067,678,171,99,72,2454,1371,1083,2285,1346,939,169,25,144,356,356,0,356,356,0,0,0,0
23,NYC-Brooklyn Community District 2--Brooklyn Heights & Fort Greene PUMA,5091,2239,2852,4650,2122,2528,441,117,324,4041,1671,2370,3794,1671,2123,247,0,247,987,568,419,793,451,342,194,117,77,63,0,63,63,0,63,0,0,0
24,Dutchess County (Southwest) PUMA,5308,3289,2019,5229,3289,1940,79,0,79,2248,797,1451,2169,797,1372,79,0,79,2358,2152,206,2358,2152,206,0,0,0,702,340,362,702,340,362,0,0,0
25,Westchester County (Northwest) PUMA,8988,4867,4121,8920,4867,4053,68,0,68,4141,1568,2573,4073,1568,2505,68,0,68,2800,1991,809,2800,1991,809,0,0,0,2047,1308,739,2047,1308,739,0,0,0
26,Nassau County (Southeast)--Oyster Bay Town (South) PUMA,4263,2400,1863,4263,2400,1863,0,0,0,1748,966,782,1748,966,782,0,0,0,2439,1358,1081,2439,1358,1081,0,0,0,76,76,0,76,76,0,0,0,0
27,Westchester County (South Central)--New Rochelle & Mount Vernon Cities PUMA,9613,5304,4309,8910,4898,4012,703,406,297,4230,2072,2158,4199,2072,2127,31,0,31,3304,1717,1587,3230,1643,1587,74,74,0,2079,1515,564,1481,1183,298,598,332,266
28,Saratoga County (Outer) PUMA,1301,957,344,1301,957,344,0,0,0,1097,855,242,1097,855,242,0,0,0,180,78,102,180,78,102,0,0,0,24,24,0,24,24,0,0,0,0
29,NYC-Queens Community District 9--Richmond Hill & Woodhaven PUMA,21367,12828,8539,20245,12213,8032,1122,615,507,7883,4549,3334,7650,4509,3141,233,40,193,10167,5804,4363,9459,5410,4049,708,394,314,3317,2475,842,3136,2294,842,181,181,0
30,Erie County (South) PUMA,582,345,237,582,345,237,0,0,0,484,247,237,484,247,237,0,0,0,98,98,0,98,98,0,0,0,0,0,0,0,0,0,0,0,0,0
31,"NYC-Queens Community District 12--Jamaica, Hollis & St. Albans PUMA",17191,9940,7251,15978,9430,6548,1213,510,703,6585,3144,3441,6140,2854,3286,445,290,155,8359,5654,2705,8030,5534,2496,329,120,209,2247,1142,1105,1808,1042,766,439,100,339
32,NYC-Brooklyn Community District 1--Greenpoint & Williamsburg PUMA,6011,3214,2797,5782,3214,2568,229,0,229,2834,1568,1266,2834,1568,1266,0,0,0,2641,1298,1343,2412,1298,1114,229,0,229,536,348,188,536,348,188,0,0,0
33,Suffolk County (Central)--Brookhaven Town (Central) PUMA,7010,4293,2717,7010,4293,2717,0,0,0,1976,970,1006,1976,970,1006,0,0,0,2990,1636,1354,2990,1636,1354,0,0,0,2044,1687,357,2044,1687,357,0,0,0
34,St. Lawrence County PUMA,709,353,356,709,353,356,0,0,0,629,297,332,629,297,332,0,0,0,56,56,0,56,56,0,0,0,0,24,0,24,24,0,24,0,0,0
35,Genesee & Orleans Counties PUMA,520,520,0,520,520,0,0,0,0,360,360,0,360,360,0,0,0,0,0,0,0,0,0,0,0,0,0,160,160,0,160,160,0,0,0,0
36,Monroe County (Central)--Rochester City (West) PUMA,1388,534,854,864,91,773,524,443,81,572,0,572,491,0,491,81,0,81,816,534,282,373,91,282,443,443,0,0,0,0,0,0,0,0,0,0
37,Wayne & Seneca Counties PUMA,1216,438,778,1216,438,778,0,0,0,721,151,570,721,151,570,0,0,0,454,287,167,454,287,167,0,0,0,41,0,41,41,0,41,0,0,0
38,Warren & Washington Counties PUMA,94,94,0,94,94,0,0,0,0,94,94,0,94,94,0,0,0,0,0,0,0,0,0,0,0,0,0,0,0,0,0,0,0,0,0,0
39,Erie County (North Central) PUMA,3897,2392,1505,3844,2392,1452,53,0,53,3504,2321,1183,3451,2321,1130,53,0,53,229,0,229,229,0,229,0,0,0,164,71,93,164,71,93,0,0,0
40,"Clinton, Franklin, Essex & Hamilton Counties PUMA",285,0,285,285,0,285,0,0,0,121,0,121,121,0,121,0,0,0,164,0,164,164,0,164,0,0,0,0,0,0,0,0,0,0,0,0
41,Dutchess County (North & East) PUMA,2353,1527,826,2082,1375,707,271,152,119,1026,423,603,1026,423,603,0,0,0,553,449,104,401,297,104,152,152,0,774,655,119,655,655,0,119,0,119
42,Tompkins County PUMA,2962,1125,1837,2962,1125,1837,0,0,0,2698,1125,1573,2698,1125,1573,0,0,0,264,0,264,264,0,264,0,0,0,0,0,0,0,0,0,0,0,0
43,"NYC-Manhattan Community District 4 & 5--Chelsea, Clinton & Midtown Business District PUMA",9278,5482,3796,8998,5482,3516,280,0,280,7929,4826,3103,7649,4826,2823,280,0,280,1072,379,693,1072,379,693,0,0,0,277,277,0,277,277,0,0,0,0
44,Onondaga County (Central)--Syracuse City PUMA,5000,3415,1585,4414,2947,1467,586,468,118,1333,965,368,1333,965,368,0,0,0,2586,1444,1142,2126,1102,1024,460,342,118,1081,1006,75,955,880,75,126,126,0
45,Suffolk County (South Central)--Brookhaven Town (South) PUMA,3997,2704,1293,3683,2390,1293,314,314,0,886,447,439,886,447,439,0,0,0,2817,2068,749,2503,1754,749,314,314,0,294,189,105,294,189,105,0,0,0
46,Suffolk County (Northwest)--Smithtown Town PUMA,2339,1564,775,2292,1564,728,47,0,47,1379,654,725,1332,654,678,47,0,47,903,853,50,903,853,50,0,0,0,57,57,0,57,57,0,0,0,0
47,Herkimer (North & Central) & Oneida (Outer) Counties PUMA,60,0,60,60,0,60,0,0,0,60,0,60,60,0,60,0,0,0,0,0,0,0,0,0,0,0,0,0,0,0,0,0,0,0,0,0
48,NYC-Queens Community District 2--Sunnyside & Woodside PUMA,22989,13445,9544,21835,13125,8710,1154,320,834,10083,4461,5622,9192,4331,4861,891,130,761,10987,7389,3598,10848,7323,3525,139,66,73,1919,1595,324,1795,1471,324,124,124,0
49,Onondaga County (Central)--Syracuse City (Outer) PUMA,1315,614,701,1315,614,701,0,0,0,855,379,476,855,379,476,0,0,0,171,81,90,171,81,90,0,0,0,289,154,135,289,154,135,0,0,0
50,Broome County (West Central)--Greater Binghamton City & Greater Johnson City Village PUMA,1530,855,675,1162,579,583,368,276,92,441,157,284,441,157,284,0,0,0,573,404,169,205,128,77,368,276,92,516,294,222,516,294,222,0,0,0
51,Erie County (West Central)--Buffalo City (West) PUMA,2065,1398,667,1931,1264,667,134,134,0,798,365,433,742,309,433,56,56,0,592,358,234,514,280,234,78,78,0,675,675,0,675,675,0,0,0,0
52,"Steuben (North & West), Schuyler & Chemung (North) Counties PUMA",482,262,220,482,262,220,0,0,0,365,262,103,365,262,103,0,0,0,117,0,117,117,0,117,0,0,0,0,0,0,0,0,0,0,0,0
53,Monroe County (North & West) PUMA,1192,684,508,856,348,508,336,336,0,631,336,295,295,0,295,336,336,0,521,348,173,521,348,173,0,0,0,40,0,40,40,0,40,0,0,0
54,NYC-Brooklyn Community District 8--Crown Heights North & Prospect Heights PUMA,5327,2176,3151,4976,2176,2800,351,0,351,2229,721,1508,2229,721,1508,0,0,0,2413,937,1476,2062,937,1125,351,0,351,685,518,167,685,518,167,0,0,0
55,Cattaraugus & Allegany Counties PUMA,91,91,0,91,91,0,0,0,0,91,91,0,91,91,0,0,0,0,0,0,0,0,0,0,0,0,0,0,0,0,0,0,0,0,0,0
56,"NYC-Queens Community District 11--Bayside, Douglaston & Little Neck PUMA",13037,7487,5550,12677,7243,5434,360,244,116,8490,4253,4237,8130,4009,4121,360,244,116,4048,2893,1155,4048,2893,1155,0,0,0,499,341,158,499,341,158,0,0,0
57,Chemung (South) & Steuben (East) Counties--Greater Elmira & Greater Corning Cities PUMA,1922,1050,872,1673,1050,623,249,0,249,1708,942,766,1459,942,517,249,0,249,214,108,106,214,108,106,0,0,0,0,0,0,0,0,0,0,0,0
58,Suffolk County (Southwest)--Babylon Town (Southeast) PUMA,3907,1656,2251,3907,1656,2251,0,0,0,810,621,189,810,621,189,0,0,0,2598,1035,1563,2598,1035,1563,0,0,0,499,0,499,499,0,499,0,0,0
59,Jefferson & Lewis Counties PUMA,725,482,243,725,482,243,0,0,0,454,305,149,454,305,149,0,0,0,110,16,94,110,16,94,0,0,0,161,161,0,161,161,0,0,0,0
60,NYC-Brooklyn Community District 3--Bedford-Stuyvesant PUMA,5587,2880,2707,5099,2556,2543,488,324,164,1862,1052,810,1712,902,810,150,150,0,2696,879,1817,2358,705,1653,338,174,164,1029,949,80,1029,949,80,0,0,0
61,Schenectady County--Schenectady City PUMA,2186,1320,866,2114,1248,866,72,72,0,1250,599,651,1250,599,651,0,0,0,675,460,215,603,388,215,72,72,0,261,261,0,261,261,0,0,0,0
62,NYC-Queens Community District 1--Astoria & Long Island City PUMA,14617,8436,6181,14102,8255,5847,515,181,334,7441,3476,3965,7396,3476,3920,45,0,45,5318,3376,1942,4848,3195,1653,470,181,289,1858,1584,274,1858,1584,274,0,0,0
63,Suffolk County (North Central)--Brookhaven Town (North) PUMA,2151,1231,920,2118,1231,887,33,0,33,1981,1231,750,1948,1231,717,33,0,33,170,0,170,170,0,170,0,0,0,0,0,0,0,0,0,0,0,0
64,Fulton & Montgomery Counties PUMA,454,246,208,392,184,208,62,62,0,158,158,0,96,96,0,62,62,0,296,88,208,296,88,208,0,0,0,0,0,0,0,0,0,0,0,0
65,NYC-Brooklyn Community District 16--Brownsville & Ocean Hill PUMA,4764,2760,2004,4483,2547,1936,281,213,68,1182,687,495,1182,687,495,0,0,0,2875,1591,1284,2662,1378,1284,213,213,0,707,482,225,639,482,157,68,0,68
66,"Rockland County (South)--Orangetown, Clarkstown (South) & Ramapo (Southeast) Towns PUMA",4756,1760,2996,4700,1704,2996,56,56,0,2746,913,1833,2690,857,1833,56,56,0,1724,783,941,1724,783,941,0,0,0,286,64,222,286,64,222,0,0,0
67,Oswego County PUMA,288,35,253,197,35,162,91,0,91,35,35,0,35,35,0,0,0,0,253,0,253,162,0,162,91,0,91,0,0,0,0,0,0,0,0,0
68,"NYC-Manhattan Community District 12--Washington Heights, Inwood & Marble Hill PUMA",22868,11527,11341,20752,10802,9950,2116,725,1391,9993,4767,5226,8670,4275,4395,1323,492,831,11079,5634,5445,10846,5401,5445,233,233,0,1796,1126,670,1236,1126,110,560,0,560
69,Monroe County (Central)--Rochester City (East) PUMA,2725,2220,505,2464,1959,505,261,261,0,588,451,137,588,451,137,0,0,0,1761,1393,368,1761,1393,368,0,0,0,376,376,0,115,115,0,261,261,0
70,Westchester County (Northeast) PUMA,7525,4429,3096,6954,4429,2525,571,0,571,3229,1461,1768,3056,1461,1595,173,0,173,1870,1189,681,1870,1189,681,0,0,0,2426,1779,647,2028,1779,249,398,0,398
71,"NYC-Bronx Community District 1 & 2--Hunts Point, Longwood & Melrose PUMA",11882,6423,5459,11108,5973,5135,774,450,324,2269,776,1493,2269,776,1493,0,0,0,6959,3964,2995,6185,3514,2671,774,450,324,2654,1683,971,2654,1683,971,0,0,0
72,"NYC-Queens Community District 7--Flushing, Murray Hill & Whitestone PUMA",32892,18088,14804,32175,17539,14636,717,549,168,13704,7177,6527,13416,6976,6440,288,201,87,16157,9341,6816,15728,8993,6735,429,348,81,3031,1570,1461,3031,1570,1461,0,0,0
73,Onondaga County (North) PUMA,773,402,371,639,402,237,134,0,134,669,298,371,535,298,237,134,0,134,67,67,0,67,67,0,0,0,0,37,37,0,37,37,0,0,0,0
74,Suffolk County (Central)--Brookhaven Town (West Central) PUMA,5594,3348,2246,5517,3348,2169,77,0,77,1587,804,783,1510,804,706,77,0,77,3654,2191,1463,3654,2191,1463,0,0,0,353,353,0,353,353,0,0,0,0
75,Monroe County (South) PUMA,4658,2182,2476,4423,2182,2241,235,0,235,2727,1461,1266,2727,1461,1266,0,0,0,1703,493,1210,1468,493,975,235,0,235,228,228,0,228,228,0,0,0,0
76,"NYC-Brooklyn Community District 15--Sheepshead Bay, Gerritsen Beach & Homecrest PUMA",8148,4156,3992,7500,3744,3756,648,412,236,3633,1885,1748,3180,1558,1622,453,327,126,2936,1658,1278,2936,1658,1278,0,0,0,1579,613,966,1384,528,856,195,85,110
77,Rensselaer County--Troy City PUMA,1493,970,523,1493,970,523,0,0,0,900,537,363,900,537,363,0,0,0,593,433,160,593,433,160,0,0,0,0,0,0,0,0,0,0,0,0
78,Suffolk County (Central)--Islip Town (East) PUMA,2895,1604,1291,2811,1604,1207,84,0,84,1483,1221,262,1483,1221,262,0,0,0,1412,383,1029,1328,383,945,84,0,84,0,0,0,0,0,0,0,0,0
79,Nassau County (West Central)--Hempstead Town (Northwest) PUMA,12215,7148,5067,11523,6553,4970,692,595,97,5087,2154,2933,4990,2154,2836,97,0,97,6093,4017,2076,5498,3422,2076,595,595,0,1035,977,58,1035,977,58,0,0,0
80,Ontario & Yates Counties PUMA,102,0,102,102,0,102,0,0,0,0,0,0,0,0,0,0,0,0,102,0,102,102,0,102,0,0,0,0,0,0,0,0,0,0,0,0
81,Suffolk County (West Central)--Babylon Town (Northwest) PUMA,6724,3754,2970,5852,3326,2526,872,428,444,2344,1139,1205,2184,1107,1077,160,32,128,3116,1765,1351,2404,1369,1035,712,396,316,1264,850,414,1264,850,414,0,0,0
82,Nassau County (Southwest)--Hempstead Town (Southwest) & Long Beach City PUMA,5474,3009,2465,5410,3009,2401,64,0,64,2182,1036,1146,2182,1036,1146,0,0,0,2437,1872,565,2437,1872,565,0,0,0,855,101,754,791,101,690,64,0,64
83,"NYC-Bronx Community District 8--Riverdale, Fieldston & Kingsbridge PUMA",12109,7393,4716,11782,7253,4529,327,140,187,4406,2067,2339,4079,1927,2152,327,140,187,6333,4048,2285,6333,4048,2285,0,0,0,1370,1278,92,1370,1278,92,0,0,0
84,"Rockland County (West)--Spring Valley, Suffern Villages & Monsey PUMA",8207,4671,3536,7581,4121,3460,626,550,76,1812,1081,731,1608,877,731,204,204,0,4655,2394,2261,4579,2394,2185,76,0,76,1740,1196,544,1394,850,544,346,346,0
85,Chautauqua County PUMA,437,41,396,437,41,396,0,0,0,0,0,0,0,0,0,0,0,0,437,41,396,437,41,396,0,0,0,0,0,0,0,0,0,0,0,0
86,Orange County (Southeast) PUMA,4220,2214,2006,3986,2214,1772,234,0,234,1892,805,1087,1892,805,1087,0,0,0,1824,1140,684,1590,1140,450,234,0,234,504,269,235,504,269,235,0,0,0
87,Monroe County (East) PUMA,1414,956,458,1414,956,458,0,0,0,1007,778,229,1007,778,229,0,0,0,198,131,67,198,131,67,0,0,0,209,47,162,209,47,162,0,0,0
88,Broome (Outer West) & Tioga Counties PUMA,443,332,111,443,332,111,0,0,0,262,262,0,262,262,0,0,0,0,111,0,111,111,0,111,0,0,0,70,70,0,70,70,0,0,0,0
89,Suffolk County (East) PUMA,7677,4216,3461,7677,4216,3461,0,0,0,571,266,305,571,266,305,0,0,0,6145,3359,2786,6145,3359,2786,0,0,0,961,591,370,961,591,370,0,0,0
90,"NYC-Queens Community District 14--Far Rockaway, Breezy Point & Broad Channel PUMA",6008,2685,3323,5303,2685,2618,705,0,705,2322,1057,1265,2322,1057,1265,0,0,0,2593,959,1634,1983,959,1024,610,0,610,1093,669,424,998,669,329,95,0,95
91,NYC-Brooklyn Community District 14--Flatbush & Midwood PUMA,14062,6461,7601,13643,6417,7226,419,44,375,2851,1464,1387,2784,1464,1320,67,0,67,8485,3866,4619,8133,3822,4311,352,44,308,2726,1131,1595,2726,1131,1595,0,0,0
92,Albany County (Outside Albany City) PUMA,4659,2556,2103,4274,2371,1903,385,185,200,2543,1320,1223,2305,1282,1023,238,38,200,1403,815,588,1256,668,588,147,147,0,713,421,292,713,421,292,0,0,0
93,"NYC-Bronx Community District 5--Morris Heights, Fordham South & Mount Hope PUMA",15605,6947,8658,14580,6341,8239,1025,606,419,2570,1123,1447,2570,1123,1447,0,0,0,10941,4613,6328,10095,4095,6000,846,518,328,2094,1211,883,1915,1123,792,179,88,91
94,"NYC-Manhattan Community District 9--Hamilton Heights, Manhattanville & West Harlem PUMA",8980,4937,4043,8881,4838,4043,99,99,0,5018,2427,2591,4919,2328,2591,99,99,0,3084,1632,1452,3084,1632,1452,0,0,0,878,878,0,878,878,0,0,0,0
95,Nassau County (West Central)--Hempstead Town (West Central) PUMA,9721,5114,4607,9721,5114,4607,0,0,0,3988,2009,1979,3988,2009,1979,0,0,0,5555,2927,2628,5555,2927,2628,0,0,0,178,178,0,178,178,0,0,0,0
96,Erie County (West Central)--Buffalo City (East) PUMA,1495,959,536,1495,959,536,0,0,0,515,341,174,515,341,174,0,0,0,807,512,295,807,512,295,0,0,0,173,106,67,173,106,67,0,0,0
97,NYC-Queens Community District 6--Forest Hills & Rego Park PUMA,15235,7962,7273,14904,7913,6991,331,49,282,10885,5307,5578,10713,5258,5455,172,49,123,3516,1980,1536,3516,1980,1536,0,0,0,834,675,159,675,675,0,159,0,159
98,"NYC-Queens Community District 13--Queens Village, Cambria Heights & Rosedale PUMA",22466,12520,9946,21514,11879,9635,952,641,311,8648,4533,4115,8227,4218,4009,421,315,106,12246,7160,5086,11757,6834,4923,489,326,163,1572,827,745,1530,827,703,42,0,42
99,"NYC-Bronx Community District 11--Pelham Parkway, Morris Park & Laconia PUMA",10040,6502,3538,9745,6271,3474,295,231,64,3364,1595,1769,3364,1595,1769,0,0,0,4666,3259,1407,4371,3028,1343,295,231,64,2010,1648,362,2010,1648,362,0,0,0
100,Madison & Cortland Counties PUMA,360,197,163,360,197,163,0,0,0,253,197,56,253,197,56,0,0,0,107,0,107,107,0,107,0,0,0,0,0,0,0,0,0,0,0,0
101,Nassau County (Central)--Hempstead Town (East Central) PUMA,2552,1240,1312,2473,1240,1233,79,0,79,1865,1144,721,1786,1144,642,79,0,79,529,0,529,529,0,529,0,0,0,158,96,62,158,96,62,0,0,0
102,Nassau County (West Central)--North Hempstead Town (South) PUMA,14804,7765,7039,14746,7765,6981,58,0,58,8402,3549,4853,8344,3549,4795,58,0,58,5884,3806,2078,5884,3806,2078,0,0,0,518,410,108,518,410,108,0,0,0
103,Westchester County (Central)--White Plains City PUMA,11511,6216,5295,10822,6159,4663,689,57,632,6476,3560,2916,6157,3560,2597,319,0,319,3838,1643,2195,3525,1643,1882,313,0,313,1197,1013,184,1140,956,184,57,57,0
104,"NYC-Staten Island Community District 3--Tottenville, Great Kills & Annadale PUMA",3330,2173,1157,3278,2173,1105,52,0,52,2127,1155,972,2127,1155,972,0,0,0,908,723,185,856,723,133,52,0,52,295,295,0,295,295,0,0,0,0
105,Suffolk County (Northwest)--Huntington Town (South) PUMA,3044,1646,1398,2776,1406,1370,268,240,28,1892,1036,856,1711,883,828,181,153,28,1152,610,542,1065,523,542,87,87,0,0,0,0,0,0,0,0,0,0
106,NYC-Manhattan Community District 3--Chinatown & Lower East Side PUMA,9611,4532,5079,9282,4532,4750,329,0,329,3599,1049,2550,3599,1049,2550,0,0,0,5008,2788,2220,4679,2788,1891,329,0,329,1004,695,309,1004,695,309,0,0,0
107,NYC-Brooklyn Community District 13--Brighton Beach & Coney Island PUMA,7069,3980,3089,6432,3825,2607,637,155,482,1655,695,960,1546,586,960,109,109,0,4301,2769,1532,3773,2723,1050,528,46,482,1113,516,597,1113,516,597,0,0,0
108,NYC-Brooklyn Community District 7--Sunset Park & Windsor Terrace PUMA,12916,7786,5130,12420,7652,4768,496,134,362,3906,2637,1269,3687,2593,1094,219,44,175,5088,2790,2298,4811,2700,2111,277,90,187,3922,2359,1563,3922,2359,1563,0,0,0
109,Suffolk County (Northwest)--Huntington Town (North) PUMA,4251,2566,1685,4251,2566,1685,0,0,0,1385,743,642,1385,743,642,0,0,0,1249,630,619,1249,630,619,0,0,0,1617,1193,424,1617,1193,424,0,0,0
110,Suffolk County (Southwest)--Islip Town (South) PUMA,2781,1723,1058,2717,1723,994,64,0,64,1065,657,408,1065,657,408,0,0,0,1524,874,650,1460,874,586,64,0,64,192,192,0,192,192,0,0,0,0
111,"NYC-Brooklyn Community District 17--East Flatbush, Farragut & Rugby PUMA",11722,5336,6386,11344,5012,6332,378,324,54,3574,991,2583,3520,991,2529,54,0,54,6722,3367,3355,6398,3043,3355,324,324,0,1426,978,448,1426,978,448,0,0,0
112,Ulster County (East) PUMA,1817,625,1192,1709,625,1084,108,0,108,923,86,837,923,86,837,0,0,0,894,539,355,786,539,247,108,0,108,0,0,0,0,0,0,0,0,0
113,NYC-Manhattan Community District 10--Central Harlem PUMA,7499,4049,3450,7362,3912,3450,137,137,0,3406,1435,1971,3269,1298,1971,137,137,0,3925,2446,1479,3925,2446,1479,0,0,0,168,168,0,168,168,0,0,0,0
114,NYC-Brooklyn Community District 4--Bushwick PUMA,12246,7976,4270,12017,7976,4041,229,0,229,3760,2125,1635,3760,2125,1635,0,0,0,5428,4064,1364,5278,4064,1214,150,0,150,3058,1787,1271,2979,1787,1192,79,0,79
115,"NYC-Brooklyn Community District 9--Crown Heights South, Prospect Lefferts & Wingate PUMA",5568,2754,2814,5145,2754,2391,423,0,423,2029,594,1435,1833,594,1239,196,0,196,3370,2077,1293,3143,2077,1066,227,0,227,169,83,86,169,83,86,0,0,0
116,Oneida County (Central)--Greater Utica & Rome Cities PUMA,3050,1472,1578,2949,1371,1578,101,101,0,984,418,566,984,418,566,0,0,0,1414,809,605,1313,708,605,101,101,0,652,245,407,652,245,407,0,0,0
117,"NYC-Bronx Community District 9--Castle Hill, Clason Point & Parkchester PUMA",17118,10844,6274,15891,10292,5599,1227,552,675,4175,2384,1791,3838,2313,1525,337,71,266,10742,7017,3725,10077,6597,3480,665,420,245,2201,1443,758,1976,1382,594,225,61,164
118,Erie County (Central) PUMA,774,617,157,774,617,157,0,0,0,262,168,94,262,168,94,0,0,0,449,449,0,449,449,0,0,0,0,63,0,63,63,0,63,0,0,0
119,Livingston & Wyoming Counties PUMA,95,95,0,17,17,0,78,78,0,0,0,0,0,0,0,0,0,0,17,17,0,17,17,0,0,0,0,78,78,0,0,0,0,78,78,0
120,Nassau County (East Central)--Oyster Bay Town (Central) PUMA,8367,4860,3507,7926,4735,3191,441,125,316,6260,3754,2506,5978,3629,2349,282,125,157,1490,794,696,1331,794,537,159,0,159,617,312,305,617,312,305,0,0,0
121,Niagara County (North & East) PUMA,86,86,0,86,86,0,0,0,0,86,86,0,86,86,0,0,0,0,0,0,0,0,0,0,0,0,0,0,0,0,0,0,0,0,0,0
122,Westchester County (Southwest)--Yonkers City PUMA,17442,9145,8297,16400,8802,7598,1042,343,699,5915,3015,2900,5715,2916,2799,200,99,101,9143,4227,4916,8384,4066,4318,759,161,598,2384,1903,481,2301,1820,481,83,83,0
123,Sullivan & Ulster (West) Counties PUMA,630,214,416,630,214,416,0,0,0,552,190,362,552,190,362,0,0,0,78,24,54,78,24,54,0,0,0,0,0,0,0,0,0,0,0,0
124,"NYC-Brooklyn Community District 12--Borough Park, Kensington & Ocean Parkway PUMA",5916,4091,1825,5631,4045,1586,285,46,239,1558,899,659,1558,899,659,0,0,0,3472,2552,920,3187,2506,681,285,46,239,886,640,246,886,640,246,0,0,0
125,NYC-Brooklyn Community District 11--Bensonhurst & Bath Beach PUMA,18322,10564,7758,17579,10031,7548,743,533,210,8024,4418,3606,7554,4034,3520,470,384,86,7465,3811,3654,7303,3714,3589,162,97,65,2833,2335,498,2722,2283,439,111,52,59
126,"NYC-Bronx Community District 7--Bedford Park, Fordham North & Norwood PUMA",15803,9295,6508,14495,8073,6422,1308,1222,86,2578,606,1972,2578,606,1972,0,0,0,10722,7218,3504,9500,5996,3504,1222,1222,0,2503,1471,1032,2417,1471,946,86,0,86
127,NYC-Manhattan Community District 11--East Harlem PUMA,7428,3091,4337,7049,3015,4034,379,76,303,3472,1003,2469,3093,927,2166,379,76,303,3384,1996,1388,3384,1996,1388,0,0,0,572,92,480,572,92,480,0,0,0
128,Westchester County (Southeast) PUMA,7894,4872,3022,7815,4872,2943,79,0,79,1309,669,640,1309,669,640,0,0,0,2883,1552,1331,2883,1552,1331,0,0,0,3702,2651,1051,3623,2651,972,79,0,79
129,Niagara County (Southwest)--Greater Niagara Falls & North Tonawanda Area PUMA,613,107,506,613,107,506,0,0,0,276,0,276,276,0,276,0,0,0,296,66,230,296,66,230,0,0,0,41,41,0,41,41,0,0,0,0
130,Erie County (Northeast) PUMA,810,649,161,674,513,161,136,136,0,590,523,67,454,387,67,136,136,0,126,126,0,126,126,0,0,0,0,94,0,94,94,0,94,0,0,0
131,Monroe County (Central)--Greece & Gates Towns PUMA,2008,1443,565,2008,1443,565,0,0,0,135,62,73,135,62,73,0,0,0,1660,1381,279,1660,1381,279,0,0,0,213,0,213,213,0,213,0,0,0
132,NYC-Brooklyn Community District 10--Bay Ridge & Dyker Heights PUMA,7423,4297,3126,6464,3672,2792,959,625,334,3513,1856,1657,3513,1856,1657,0,0,0,2524,1609,915,1883,1116,767,641,493,148,1386,832,554,1068,700,368,318,132,186
133,"NYC-Bronx Community District 10--Co-op City, Pelham Bay & Schuylerville PUMA",4688,3313,1375,4688,3313,1375,0,0,0,263,168,95,263,168,95,0,0,0,4182,2902,1280,4182,2902,1280,0,0,0,243,243,0,243,243,0,0,0,0
134,"NYC-Manhattan Community District 1 & 2--Battery Park City, Greenwich Village & Soho PUMA",4631,1997,2634,4631,1997,2634,0,0,0,3162,1287,1875,3162,1287,1875,0,0,0,1036,710,326,1036,710,326,0,0,0,433,0,433,433,0,433,0,0,0
135,Albany County (East Central)--Albany City PUMA,3261,1549,1712,2846,1549,1297,415,0,415,1769,996,773,1441,996,445,328,0,328,883,481,402,796,481,315,87,0,87,609,72,537,609,72,537,0,0,0
136,"NYC-Queens Community District 8--Briarwood, Fresh Meadows & Hillcrest PUMA",19339,10054,9285,18051,9636,8415,1288,418,870,12190,6452,5738,11343,6367,4976,847,85,762,6455,3487,2968,6014,3154,2860,441,333,108,694,115,579,694,115,579,0,0,0
137,NYC-Queens Community District 4--Elmhurst & South Corona PUMA,25872,16462,9410,25377,16390,8987,495,72,423,4798,1601,3197,4484,1601,2883,314,0,314,17421,12663,4758,17240,12591,4649,181,72,109,3653,2198,1455,3653,2198,1455,0,0,0
138,Nassau County (Central)--Hempstead Town (North Central)--Meadowbrook Corridor PUMA,9014,5373,3641,8415,5373,3042,599,0,599,1813,889,924,1813,889,924,0,0,0,4502,2676,1826,4252,2676,1576,250,0,250,2699,1808,891,2350,1808,542,349,0,349
139,"NYC-Brooklyn Community District 6--Park Slope, Carroll Gardens & Red Hook PUMA",3338,1146,2192,3004,1146,1858,334,0,334,2439,930,1509,2302,930,1372,137,0,137,603,176,427,603,176,427,0,0,0,296,40,256,99,40,59,197,0,197
140,"NYC-Bronx Community District 4--Concourse, Highbridge & Mount Eden PUMA",15002,8857,6145,14153,8535,5618,849,322,527,2860,1680,1180,2623,1680,943,237,0,237,9996,5644,4352,9524,5322,4202,472,322,150,2146,1533,613,2006,1533,473,140,0,140
141,NYC-Manhattan Community District 8--Upper East Side PUMA,13207,5368,7839,13207,5368,7839,0,0,0,8897,2931,5966,8897,2931,5966,0,0,0,4310,2437,1873,4310,2437,1873,0,0,0,0,0,0,0,0,0,0,0,0
142,Orange County (Northeast)--Greater Newburgh City PUMA,4218,2700,1518,4218,2700,1518,0,0,0,1202,527,675,1202,527,675,0,0,0,2058,1296,762,2058,1296,762,0,0,0,958,877,81,958,877,81,0,0,0
143,"NYC-Bronx Community District 12--Wakefield, Williamsbridge & Woodlawn PUMA",8127,4759,3368,7852,4553,3299,275,206,69,4129,1839,2290,4060,1839,2221,69,0,69,3400,2474,926,3194,2268,926,206,206,0,598,446,152,598,446,152,0,0,0
144,NYC-Queens Community District 10--Howard Beach & Ozone Park PUMA,9316,6465,2851,9074,6223,2851,242,242,0,3200,2321,879,3153,2274,879,47,47,0,4792,3187,1605,4597,2992,1605,195,195,0,1324,957,367,1324,957,367,0,0,0
145,Suffolk County (Central)--Islip Town (Northwest) PUMA,17332,10257,7075,15978,9441,6537,1354,816,538,3211,2429,782,2982,2346,636,229,83,146,9417,4560,4857,8724,4083,4641,693,477,216,4704,3268,1436,4272,3012,1260,432,256,176
146,Capital Region,15708,8659,7049,14793,8402,6391,915,257,658,9654,5543,4111,9045,5505,3540,609,38,571,4402,2293,2109,4096,2074,2022,306,219,87,1652,823,829,1652,823,829,0,0,0
147,Central NY,7766,4663,3103,6955,4195,2760,811,468,343,3145,1874,1271,3011,1874,1137,134,0,134,3184,1592,1592,2633,1250,1383,551,342,209,1437,1197,240,1311,1071,240,126,126,0
148,Finger Lakes,15318,9072,6246,13884,7954,5930,1434,1118,316,6741,3599,3142,6324,3263,3061,417,336,81,7232,4584,2648,6554,4141,2413,678,443,235,1345,889,456,1006,550,456,339,339,0
149,Long Island,162001,91753,70248,156436,89235,67201,5565,2518,3047,65115,34047,31068,63587,33654,29933,1528,393,1135,75941,42913,33028,72749,41044,31705,3192,1869,1323,20945,14793,6152,20100,14537,5563,845,256,589
150,Mid-Hudson,108765,60540,48225,103725,58852,44873,5040,1688,3352,42845,20204,22641,41544,19746,21798,1301,458,843,45342,25540,19802,43283,25128,18155,2059,412,1647,20578,14796,5782,18898,13978,4920,1680,818,862
151,Mohawk Valley,4028,1816,2212,3729,1653,2076,299,163,136,1595,674,921,1436,612,824,159,62,97,1781,897,884,1641,796,845,140,101,39,652,245,407,652,245,407,0,0,0
152,New York City,670984,371545,299439,640445,358082,282363,30539,13463,17076,260962,125708,135254,250060,121890,128170,10902,3818,7084,328288,192953,135335,312163,184131,128032,16125,8822,7303,81734,52884,28850,78222,52061,26161,3512,823,2689
153,North Country,1719,835,884,1719,835,884,0,0,0,1204,602,602,1204,602,602,0,0,0,330,72,258,330,72,258,0,0,0,185,161,24,185,161,24,0,0,0
154,Southern Tier,7559,3844,3715,6942,3568,3374,617,276,341,5559,2833,2726,5310,2833,2477,249,0,249,1414,647,767,1046,371,675,368,276,92,586,364,222,586,364,222,0,0,0
155,Western NY,11962,7456,4506,11639,7186,4453,323,270,53,7308,4763,2545,7063,4571,2492,245,192,53,3444,1800,1644,3366,1722,1644,78,78,0,1210,893,317,1210,893,317,0,0,0
