,puma,Total_geo,Total_geo_m,Total_geo_f,Total_FT_mf_t,Total_FT_m,Total_FT_f,Total_PT_mf_t,Total_PT_m,Total_PT_f,Total_BABS,Total_BABS_m,Total_BABS_f,BABS_FT_mf_t,BABS_FT_m,BABS_FT_f,BABS_PT_mf_t,BABS_PT_m,BABS_PT_f,Total_HS,Total_HS_m,Total_HS_f,HS_FT_mf_t,HS_FT_m,HS_FT_f,HS_PT_mf_t,HS_PT_m,HS_PT_f,Total_HSINC,Total_HSINC_m,Total_HSINC_f,HSINC_FT_mf_t,HSINC_FT_m,HSINC_FT_f,HSINC_PT_mf_t,HSINC_PT_m,HSINC_PT_f
0,Total Geo,472317,262125,210192,385757,232855,152902,86560,29270,57290,113731,49883,63848,96590,44606,51984,17141,5277,11864,267844,152652,115192,215701,134567,81134,52143,18085,34058,90742,59590,31152,73466,53682,19784,17276,5908,11368
1,"NYC-Manhattan Community District 9--Hamilton Heights, Manhattanville & West Harlem PUMA",8522,5187,3335,7047,4743,2304,1475,444,1031,2510,1092,1418,1914,1031,883,596,61,535,4858,3243,1615,4281,2860,1421,577,383,194,1154,852,302,852,852,0,302,0,302
2,Ulster County (East) PUMA,1498,467,1031,1188,467,721,310,0,310,488,213,275,488,213,275,0,0,0,617,171,446,617,171,446,0,0,0,393,83,310,83,83,0,310,0,310
3,Albany County (East Central)--Albany City PUMA,90,0,90,90,0,90,0,0,0,90,0,90,90,0,90,0,0,0,0,0,0,0,0,0,0,0,0,0,0,0,0,0,0,0,0,0
4,Chemung (South) & Steuben (East) Counties--Greater Elmira & Greater Corning Cities PUMA,0,0,0,0,0,0,0,0,0,0,0,0,0,0,0,0,0,0,0,0,0,0,0,0,0,0,0,0,0,0,0,0,0,0,0,0
5,Ontario & Yates Counties PUMA,399,133,266,133,133,0,266,0,266,399,133,266,133,133,0,266,0,266,0,0,0,0,0,0,0,0,0,0,0,0,0,0,0,0,0,0
6,Suffolk County (North Central)--Brookhaven Town (North) PUMA,508,102,406,235,102,133,273,0,273,102,102,0,102,102,0,0,0,0,406,0,406,133,0,133,273,0,273,0,0,0,0,0,0,0,0,0
7,Westchester County (South Central)--New Rochelle & Mount Vernon Cities PUMA,7131,4175,2956,5315,3978,1337,1816,197,1619,1374,880,494,1162,880,282,212,0,212,4568,2263,2305,2964,2066,898,1604,197,1407,1189,1032,157,1189,1032,157,0,0,0
8,"Clinton, Franklin, Essex & Hamilton Counties PUMA",159,60,99,159,60,99,0,0,0,102,60,42,102,60,42,0,0,0,0,0,0,0,0,0,0,0,0,57,0,57,57,0,57,0,0,0
9,Oneida County (Central)--Greater Utica & Rome Cities PUMA,394,348,46,348,348,0,46,0,46,0,0,0,0,0,0,0,0,0,201,155,46,155,155,0,46,0,46,193,193,0,193,193,0,0,0,0
10,"NYC-Bronx Community District 3 & 6--Belmont, Crotona Park East & East Tremont PUMA",9725,5055,4670,7794,4246,3548,1931,809,1122,2602,1236,1366,1841,876,965,761,360,401,4436,2662,1774,3980,2326,1654,456,336,120,2687,1157,1530,1973,1044,929,714,113,601
11,Livingston & Wyoming Counties PUMA,477,196,281,298,196,102,179,0,179,219,175,44,219,175,44,0,0,0,58,0,58,58,0,58,0,0,0,200,21,179,21,21,0,179,0,179
12,NYC-Manhattan Community District 3--Chinatown & Lower East Side PUMA,1591,778,813,1126,621,505,465,157,308,407,264,143,107,107,0,300,157,143,1008,514,494,843,514,329,165,0,165,176,0,176,176,0,176,0,0,0
13,Suffolk County (West Central)--Babylon Town (Northwest) PUMA,5013,3432,1581,3886,3114,772,1127,318,809,478,166,312,166,166,0,312,0,312,3179,2493,686,3026,2493,533,153,0,153,1356,773,583,694,455,239,662,318,344
14,Broome County (West Central)--Greater Binghamton City & Greater Johnson City Village PUMA,200,200,0,139,139,0,61,61,0,0,0,0,0,0,0,0,0,0,61,61,0,0,0,0,61,61,0,139,139,0,139,139,0,0,0,0
15,Nassau County (Northwest)--North Hempstead Town (North) PUMA,1962,825,1137,1606,825,781,356,0,356,347,220,127,347,220,127,0,0,0,866,320,546,684,320,364,182,0,182,749,285,464,575,285,290,174,0,174
16,Monroe County (Central)--Rochester City (East) PUMA,340,0,340,340,0,340,0,0,0,0,0,0,0,0,0,0,0,0,97,0,97,97,0,97,0,0,0,243,0,243,243,0,243,0,0,0
17,Westchester County (Northwest) PUMA,6632,3328,3304,4970,2786,2184,1662,542,1120,1442,790,652,1014,790,224,428,0,428,4166,1916,2250,3113,1555,1558,1053,361,692,1024,622,402,843,441,402,181,181,0
18,NYC-Brooklyn Community District 16--Brownsville & Ocean Hill PUMA,3082,2060,1022,2760,1921,839,322,139,183,893,570,323,798,570,228,95,0,95,1742,1131,611,1742,1131,611,0,0,0,447,359,88,220,220,0,227,139,88
19,Onondaga County (Central)--Syracuse City PUMA,470,174,296,339,174,165,131,0,131,165,0,165,165,0,165,0,0,0,305,174,131,174,174,0,131,0,131,0,0,0,0,0,0,0,0,0
20,Westchester County (Northeast) PUMA,3600,1785,1815,2533,1785,748,1067,0,1067,805,274,531,805,274,531,0,0,0,1321,841,480,918,841,77,403,0,403,1474,670,804,810,670,140,664,0,664
21,Madison & Cortland Counties PUMA,0,0,0,0,0,0,0,0,0,0,0,0,0,0,0,0,0,0,0,0,0,0,0,0,0,0,0,0,0,0,0,0,0,0,0,0
22,Erie County (West Central)--Buffalo City (West) PUMA,136,136,0,75,75,0,61,61,0,0,0,0,0,0,0,0,0,0,136,136,0,75,75,0,61,61,0,0,0,0,0,0,0,0,0,0
23,Monroe County (Central)--Rochester City (West) PUMA,754,688,66,182,182,0,572,506,66,173,173,0,0,0,0,173,173,0,459,393,66,60,60,0,399,333,66,122,122,0,122,122,0,0,0,0
24,Suffolk County (Central)--Islip Town (East) PUMA,1226,378,848,1155,378,777,71,0,71,434,0,434,363,0,363,71,0,71,631,378,253,631,378,253,0,0,0,161,0,161,161,0,161,0,0,0
25,Nassau County (Central)--Hempstead Town (East Central) PUMA,632,239,393,421,140,281,211,99,112,397,152,245,186,53,133,211,99,112,148,0,148,148,0,148,0,0,0,87,87,0,87,87,0,0,0,0
26,"NYC-Bronx Community District 5--Morris Heights, Fordham South & Mount Hope PUMA",10422,5491,4931,8317,4624,3693,2105,867,1238,1861,876,985,1787,876,911,74,0,74,5680,3021,2659,4456,2613,1843,1224,408,816,2881,1594,1287,2074,1135,939,807,459,348
27,St. Lawrence County PUMA,15,0,15,15,0,15,0,0,0,0,0,0,0,0,0,0,0,0,15,0,15,15,0,15,0,0,0,0,0,0,0,0,0,0,0,0
28,Columbia & Greene Counties PUMA,211,187,24,187,187,0,24,0,24,127,127,0,127,127,0,0,0,0,84,60,24,60,60,0,24,0,24,0,0,0,0,0,0,0,0,0
29,NYC-Brooklyn Community District 2--Brooklyn Heights & Fort Greene PUMA,1257,670,587,1199,659,540,58,11,47,837,518,319,837,518,319,0,0,0,333,65,268,286,65,221,47,0,47,87,87,0,76,76,0,11,11,0
30,"NYC-Queens Community District 8--Briarwood, Fresh Meadows & Hillcrest PUMA",4622,2573,2049,2973,1963,1010,1649,610,1039,750,231,519,199,0,199,551,231,320,3778,2342,1436,2680,1963,717,1098,379,719,94,0,94,94,0,94,0,0,0
31,Monroe County (North & West) PUMA,0,0,0,0,0,0,0,0,0,0,0,0,0,0,0,0,0,0,0,0,0,0,0,0,0,0,0,0,0,0,0,0,0,0,0,0
32,Schenectady County--Schenectady City PUMA,1582,729,853,1582,729,853,0,0,0,234,0,234,234,0,234,0,0,0,1348,729,619,1348,729,619,0,0,0,0,0,0,0,0,0,0,0,0
33,"Rockland County (West)--Spring Valley, Suffern Villages & Monsey PUMA",3129,1585,1544,2509,1585,924,620,0,620,1315,606,709,1187,606,581,128,0,128,727,460,267,460,460,0,267,0,267,1087,519,568,862,519,343,225,0,225
34,Niagara County (North & East) PUMA,0,0,0,0,0,0,0,0,0,0,0,0,0,0,0,0,0,0,0,0,0,0,0,0,0,0,0,0,0,0,0,0,0,0,0,0
35,Suffolk County (Central)--Brookhaven Town (Central) PUMA,1972,1562,410,1858,1562,296,114,0,114,309,309,0,309,309,0,0,0,0,1412,1253,159,1298,1253,45,114,0,114,251,0,251,251,0,251,0,0,0
36,Suffolk County (East) PUMA,7828,4205,3623,6209,3709,2500,1619,496,1123,802,348,454,802,348,454,0,0,0,5093,2656,2437,3686,2160,1526,1407,496,911,1933,1201,732,1721,1201,520,212,0,212
37,Warren & Washington Counties PUMA,247,129,118,247,129,118,0,0,0,0,0,0,0,0,0,0,0,0,247,129,118,247,129,118,0,0,0,0,0,0,0,0,0,0,0,0
38,NYC-Queens Community District 6--Forest Hills & Rego Park PUMA,3727,1393,2334,3561,1336,2225,166,57,109,2511,695,1816,2402,695,1707,109,0,109,1216,698,518,1159,641,518,57,57,0,0,0,0,0,0,0,0,0,0
39,"NYC-Brooklyn Community District 9--Crown Heights South, Prospect Lefferts & Wingate PUMA",1307,783,524,1006,645,361,301,138,163,247,138,109,109,0,109,138,138,0,737,485,252,737,485,252,0,0,0,323,160,163,160,160,0,163,0,163
40,Westchester County (Central)--White Plains City PUMA,7871,4382,3489,6244,3683,2561,1627,699,928,2277,1163,1114,2140,1163,977,137,0,137,4351,2816,1535,3247,2117,1130,1104,699,405,1243,403,840,857,403,454,386,0,386
41,"NYC-Bronx Community District 1 & 2--Hunts Point, Longwood & Melrose PUMA",8076,4043,4033,6341,3372,2969,1735,671,1064,924,198,726,760,114,646,164,84,80,5516,2690,2826,4431,2266,2165,1085,424,661,1636,1155,481,1150,992,158,486,163,323
42,Erie County (North Central) PUMA,372,79,293,372,79,293,0,0,0,157,79,78,157,79,78,0,0,0,0,0,0,0,0,0,0,0,0,215,0,215,215,0,215,0,0,0
43,Chautauqua County PUMA,305,130,175,230,55,175,75,75,0,175,0,175,175,0,175,0,0,0,75,75,0,0,0,0,75,75,0,55,55,0,55,55,0,0,0,0
44,Dutchess County (Southwest) PUMA,4047,2227,1820,3187,2042,1145,860,185,675,940,476,464,723,476,247,217,0,217,2564,1639,925,2170,1454,716,394,185,209,543,112,431,294,112,182,249,0,249
45,Westchester County (Southeast) PUMA,7860,5521,2339,6601,5338,1263,1259,183,1076,2571,1638,933,2174,1638,536,397,0,397,3784,2732,1052,3328,2732,596,456,0,456,1505,1151,354,1099,968,131,406,183,223
46,Rockland County (North)--New City & Congers PUMA,3145,1792,1353,2588,1542,1046,557,250,307,1039,486,553,688,236,452,351,250,101,1556,811,745,1405,811,594,151,0,151,550,495,55,495,495,0,55,0,55
47,NYC-Staten Island Community District 2--New Springville & South Beach PUMA,1766,736,1030,809,526,283,957,210,747,666,526,140,666,526,140,0,0,0,638,210,428,143,0,143,495,210,285,462,0,462,0,0,0,462,0,462
48,Suffolk County (Southwest)--Islip Town (South) PUMA,1440,1136,304,1230,926,304,210,210,0,571,267,304,571,267,304,0,0,0,642,642,0,432,432,0,210,210,0,227,227,0,227,227,0,0,0,0
49,Erie County (West Central)--Buffalo City (East) PUMA,329,152,177,264,152,112,65,0,65,177,0,177,112,0,112,65,0,65,152,152,0,152,152,0,0,0,0,0,0,0,0,0,0,0,0,0
50,Wayne & Seneca Counties PUMA,240,0,240,240,0,240,0,0,0,0,0,0,0,0,0,0,0,0,240,0,240,240,0,240,0,0,0,0,0,0,0,0,0,0,0,0
51,Monroe County (South) PUMA,691,359,332,547,270,277,144,89,55,570,293,277,481,204,277,89,89,0,55,0,55,0,0,0,55,0,55,66,66,0,66,66,0,0,0,0
52,Tompkins County PUMA,77,77,0,77,77,0,0,0,0,77,77,0,77,77,0,0,0,0,0,0,0,0,0,0,0,0,0,0,0,0,0,0,0,0,0,0
53,Suffolk County (South Central)--Brookhaven Town (South) PUMA,4892,2504,2388,4652,2504,2148,240,0,240,111,111,0,111,111,0,0,0,0,2555,808,1747,2315,808,1507,240,0,240,2226,1585,641,2226,1585,641,0,0,0
54,"Otsego, Schoharie, Oneida (South) & Herkimer (South) Counties PUMA",26,26,0,26,26,0,0,0,0,0,0,0,0,0,0,0,0,0,26,26,0,26,26,0,0,0,0,0,0,0,0,0,0,0,0,0
55,NYC-Manhattan Community District 8--Upper East Side PUMA,2596,1304,1292,1977,1255,722,619,49,570,1941,649,1292,1371,649,722,570,0,570,655,655,0,606,606,0,49,49,0,0,0,0,0,0,0,0,0,0
56,"NYC-Manhattan Community District 1 & 2--Battery Park City, Greenwich Village & Soho PUMA",1269,127,1142,885,127,758,384,0,384,1269,127,1142,885,127,758,384,0,384,0,0,0,0,0,0,0,0,0,0,0,0,0,0,0,0,0,0
57,"NYC-Manhattan Community District 12--Washington Heights, Inwood & Marble Hill PUMA",21277,12607,8670,16781,10218,6563,4496,2389,2107,6104,2213,3891,5577,1877,3700,527,336,191,12576,7904,4672,9281,6525,2756,3295,1379,1916,2597,2490,107,1923,1816,107,674,674,0
58,NYC-Brooklyn Community District 18--Canarsie & Flatlands PUMA,1034,452,582,907,386,521,127,66,61,586,182,404,520,116,404,66,66,0,275,97,178,214,97,117,61,0,61,173,173,0,173,173,0,0,0,0
59,"NYC-Bronx Community District 12--Wakefield, Williamsbridge & Woodlawn PUMA",3554,1499,2055,2176,1337,839,1378,162,1216,500,164,336,415,164,251,85,0,85,2450,977,1473,1265,815,450,1185,162,1023,604,358,246,496,358,138,108,0,108
60,Suffolk County (Central)--Islip Town (Northwest) PUMA,18639,10682,7957,16652,9643,7009,1987,1039,948,2169,1045,1124,1958,919,1039,211,126,85,11893,7009,4884,10470,6165,4305,1423,844,579,4577,2628,1949,4224,2559,1665,353,69,284
61,"NYC-Queens Community District 14--Far Rockaway, Breezy Point & Broad Channel PUMA",2780,1353,1427,1965,1353,612,815,0,815,472,418,54,472,418,54,0,0,0,1610,935,675,1036,935,101,574,0,574,698,0,698,457,0,457,241,0,241
62,Saratoga County (South & Central) PUMA,0,0,0,0,0,0,0,0,0,0,0,0,0,0,0,0,0,0,0,0,0,0,0,0,0,0,0,0,0,0,0,0,0,0,0,0
63,Cattaraugus & Allegany Counties PUMA,16,0,16,16,0,16,0,0,0,0,0,0,0,0,0,0,0,0,16,0,16,16,0,16,0,0,0,0,0,0,0,0,0,0,0,0
64,Genesee & Orleans Counties PUMA,242,242,0,242,242,0,0,0,0,0,0,0,0,0,0,0,0,0,242,242,0,242,242,0,0,0,0,0,0,0,0,0,0,0,0,0
65,Cayuga & Onondaga (South) Counties PUMA,520,264,256,418,264,154,102,0,102,0,0,0,0,0,0,0,0,0,474,218,256,372,218,154,102,0,102,46,46,0,46,46,0,0,0,0
66,Sullivan & Ulster (West) Counties PUMA,1293,935,358,1110,752,358,183,183,0,202,0,202,202,0,202,0,0,0,591,435,156,408,252,156,183,183,0,500,500,0,500,500,0,0,0,0
67,"NYC-Bronx Community District 7--Bedford Park, Fordham North & Norwood PUMA",10940,6514,4426,8575,5690,2885,2365,824,1541,2539,1281,1258,2123,1138,985,416,143,273,7025,4886,2139,5509,4205,1304,1516,681,835,1376,347,1029,943,347,596,433,0,433
68,Suffolk County (Central)--Brookhaven Town (West Central) PUMA,2254,1236,1018,2134,1236,898,120,0,120,503,127,376,383,127,256,120,0,120,1083,732,351,1083,732,351,0,0,0,668,377,291,668,377,291,0,0,0
69,NYC-Queens Community District 1--Astoria & Long Island City PUMA,6182,3060,3122,4886,2752,2134,1296,308,988,1642,954,688,1479,954,525,163,0,163,3692,1625,2067,2810,1458,1352,882,167,715,848,481,367,597,340,257,251,141,110
70,Jefferson & Lewis Counties PUMA,341,55,286,0,0,0,341,55,286,0,0,0,0,0,0,0,0,0,341,55,286,0,0,0,341,55,286,0,0,0,0,0,0,0,0,0
71,Nassau County (West Central)--Hempstead Town (Northwest) PUMA,3982,2278,1704,3282,1949,1333,700,329,371,1612,626,986,1286,433,853,326,193,133,1422,808,614,1184,808,376,238,0,238,948,844,104,812,708,104,136,136,0
72,Nassau County (Central)--Hempstead Town (North Central)--Meadowbrook Corridor PUMA,10818,5880,4938,9655,5880,3775,1163,0,1163,1170,531,639,1170,531,639,0,0,0,6434,2617,3817,5451,2617,2834,983,0,983,3214,2732,482,3034,2732,302,180,0,180
73,Orange County (Northeast)--Greater Newburgh City PUMA,3113,1837,1276,2726,1782,944,387,55,332,1166,440,726,1083,440,643,83,0,83,1647,1097,550,1343,1042,301,304,55,249,300,300,0,300,300,0,0,0,0
74,"NYC-Bronx Community District 11--Pelham Parkway, Morris Park & Laconia PUMA",4209,2204,2005,2546,1290,1256,1663,914,749,599,47,552,494,47,447,105,0,105,2605,1514,1091,1373,828,545,1232,686,546,1005,643,362,679,415,264,326,228,98
75,"NYC-Queens Community District 12--Jamaica, Hollis & St. Albans PUMA",5077,2983,2094,4028,2545,1483,1049,438,611,150,39,111,150,39,111,0,0,0,3392,2001,1391,2774,1829,945,618,172,446,1535,943,592,1104,677,427,431,266,165
76,Erie County (Central) PUMA,0,0,0,0,0,0,0,0,0,0,0,0,0,0,0,0,0,0,0,0,0,0,0,0,0,0,0,0,0,0,0,0,0,0,0,0
77,"NYC-Staten Island Community District 1--Port Richmond, Stapleton & Mariner's Harbor PUMA",4913,3061,1852,4210,2903,1307,703,158,545,1362,329,1033,1000,329,671,362,0,362,2519,1980,539,2249,1822,427,270,158,112,1032,752,280,961,752,209,71,0,71
78,"NYC-Brooklyn Community District 15--Sheepshead Bay, Gerritsen Beach & Homecrest PUMA",2095,811,1284,1885,731,1154,210,80,130,495,122,373,418,122,296,77,0,77,1151,240,911,1018,160,858,133,80,53,449,449,0,449,449,0,0,0,0
79,"NYC-Bronx Community District 8--Riverdale, Fieldston & Kingsbridge PUMA",6935,3681,3254,5389,3244,2145,1546,437,1109,2138,794,1344,1597,613,984,541,181,360,3742,2359,1383,2949,2204,745,793,155,638,1055,528,527,843,427,416,212,101,111
80,NYC-Brooklyn Community District 5--East New York & Starrett City PUMA,12969,6608,6361,11481,6237,5244,1488,371,1117,1375,377,998,1271,377,894,104,0,104,10220,5266,4954,8935,4994,3941,1285,272,1013,1374,965,409,1275,866,409,99,99,0
81,Onondaga County (Central)--Syracuse City (Outer) PUMA,365,138,227,365,138,227,0,0,0,335,108,227,335,108,227,0,0,0,30,30,0,30,30,0,0,0,0,0,0,0,0,0,0,0,0,0
82,"NYC-Manhattan Community District 6--Murray Hill, Gramercy & Stuyvesant Town PUMA",1537,1014,523,1477,1014,463,60,0,60,1015,552,463,1015,552,463,0,0,0,462,462,0,462,462,0,0,0,0,60,0,60,0,0,0,60,0,60
83,"Chenango, Delaware & Broome (East) Counties PUMA",132,76,56,76,76,0,56,0,56,0,0,0,0,0,0,0,0,0,56,0,56,0,0,0,56,0,56,76,76,0,76,76,0,0,0,0
84,Orange County (Northwest) PUMA,4439,2225,2214,3285,1929,1356,1154,296,858,439,198,241,439,198,241,0,0,0,4000,2027,1973,2846,1731,1115,1154,296,858,0,0,0,0,0,0,0,0,0
85,NYC-Brooklyn Community District 7--Sunset Park & Windsor Terrace PUMA,3913,2220,1693,3011,1837,1174,902,383,519,620,404,216,620,404,216,0,0,0,1890,992,898,1441,680,761,449,312,137,1403,824,579,950,753,197,453,71,382
86,Nassau County (Northeast)--Oyster Bay Town (North) & Glen Cove City PUMA,1781,1067,714,1343,1067,276,438,0,438,278,143,135,278,143,135,0,0,0,1262,683,579,824,683,141,438,0,438,241,241,0,241,241,0,0,0,0
87,Dutchess County (North & East) PUMA,1772,1438,334,1478,1307,171,294,131,163,131,131,0,0,0,0,131,131,0,813,560,253,731,560,171,82,0,82,828,747,81,747,747,0,81,0,81
88,Putnam County PUMA,2481,1292,1189,2449,1292,1157,32,0,32,1143,526,617,1111,526,585,32,0,32,979,441,538,979,441,538,0,0,0,359,325,34,359,325,34,0,0,0
89,Albany County (Outside Albany City) PUMA,516,0,516,516,0,516,0,0,0,303,0,303,303,0,303,0,0,0,213,0,213,213,0,213,0,0,0,0,0,0,0,0,0,0,0,0
90,"NYC-Bronx Community District 10--Co-op City, Pelham Bay & Schuylerville PUMA",2746,933,1813,2275,933,1342,471,0,471,388,270,118,388,270,118,0,0,0,1890,536,1354,1419,536,883,471,0,471,468,127,341,468,127,341,0,0,0
91,NYC-Queens Community District 4--Elmhurst & South Corona PUMA,14241,10121,4120,12094,8969,3125,2147,1152,995,1286,1030,256,679,514,165,607,516,91,8903,5877,3026,7642,5241,2401,1261,636,625,4052,3214,838,3773,3214,559,279,0,279
92,"NYC-Brooklyn Community District 12--Borough Park, Kensington & Ocean Parkway PUMA",1651,1319,332,1305,1148,157,346,171,175,306,306,0,192,192,0,114,114,0,750,491,259,575,491,84,175,0,175,595,522,73,538,465,73,57,57,0
93,Nassau County (Southeast)--Oyster Bay Town (South) PUMA,232,151,81,232,151,81,0,0,0,81,0,81,81,0,81,0,0,0,151,151,0,151,151,0,0,0,0,0,0,0,0,0,0,0,0,0
94,Suffolk County (Northwest)--Huntington Town (South) PUMA,1302,488,814,1130,488,642,172,0,172,630,383,247,458,383,75,172,0,172,567,0,567,567,0,567,0,0,0,105,105,0,105,105,0,0,0,0
95,Oswego County PUMA,0,0,0,0,0,0,0,0,0,0,0,0,0,0,0,0,0,0,0,0,0,0,0,0,0,0,0,0,0,0,0,0,0,0,0,0
96,Rensselaer County--Troy City PUMA,245,140,105,245,140,105,0,0,0,167,62,105,167,62,105,0,0,0,78,78,0,78,78,0,0,0,0,0,0,0,0,0,0,0,0,0
97,Saratoga County (Outer) PUMA,146,0,146,146,0,146,0,0,0,0,0,0,0,0,0,0,0,0,146,0,146,146,0,146,0,0,0,0,0,0,0,0,0,0,0,0
98,Herkimer (North & Central) & Oneida (Outer) Counties PUMA,0,0,0,0,0,0,0,0,0,0,0,0,0,0,0,0,0,0,0,0,0,0,0,0,0,0,0,0,0,0,0,0,0,0,0,0
99,Monroe County (East) PUMA,432,280,152,280,280,0,152,0,152,280,280,0,280,280,0,0,0,0,152,0,152,0,0,0,152,0,152,0,0,0,0,0,0,0,0,0
100,"NYC-Queens Community District 13--Queens Village, Cambria Heights & Rosedale PUMA",4297,1274,3023,3654,1274,2380,643,0,643,833,114,719,592,114,478,241,0,241,3068,900,2168,2666,900,1766,402,0,402,396,260,136,396,260,136,0,0,0
101,Erie County (South) PUMA,0,0,0,0,0,0,0,0,0,0,0,0,0,0,0,0,0,0,0,0,0,0,0,0,0,0,0,0,0,0,0,0,0,0,0,0
102,Monroe County (Central)--Greece & Gates Towns PUMA,580,358,222,580,358,222,0,0,0,378,156,222,378,156,222,0,0,0,202,202,0,202,202,0,0,0,0,0,0,0,0,0,0,0,0,0
103,NYC-Manhattan Community District 7--Upper West Side & West Side PUMA,4225,2694,1531,3609,2521,1088,616,173,443,2488,1180,1308,2156,1180,976,332,0,332,1210,1098,112,1037,925,112,173,173,0,527,416,111,416,416,0,111,0,111
104,NYC-Manhattan Community District 11--East Harlem PUMA,4959,2382,2577,4096,1898,2198,863,484,379,1356,238,1118,1146,238,908,210,0,210,2426,1136,1290,1942,652,1290,484,484,0,1177,1008,169,1008,1008,0,169,0,169
105,"NYC-Queens Community District 7--Flushing, Murray Hill & Whitestone PUMA",7261,3147,4114,5647,2681,2966,1614,466,1148,1924,688,1236,1160,343,817,764,345,419,3585,1563,2022,3023,1442,1581,562,121,441,1752,896,856,1464,896,568,288,0,288
106,NYC-Brooklyn Community District 1--Greenpoint & Williamsburg PUMA,4387,2269,2118,3564,1924,1640,823,345,478,1868,682,1186,1311,483,828,557,199,358,1607,1177,430,1607,1177,430,0,0,0,912,410,502,646,264,382,266,146,120
107,Onondaga County (North) PUMA,512,228,284,422,228,194,90,0,90,89,89,0,89,89,0,0,0,0,284,0,284,194,0,194,90,0,90,139,139,0,139,139,0,0,0,0
108,NYC-Brooklyn Community District 14--Flatbush & Midwood PUMA,2389,1220,1169,2147,1220,927,242,0,242,714,116,598,714,116,598,0,0,0,1233,915,318,991,915,76,242,0,242,442,189,253,442,189,253,0,0,0
109,"Rockland County (South)--Orangetown, Clarkstown (South) & Ramapo (Southeast) Towns PUMA",1647,944,703,661,661,0,986,283,703,0,0,0,0,0,0,0,0,0,1416,713,703,430,430,0,986,283,703,231,231,0,231,231,0,0,0,0
110,NYC-Brooklyn Community District 13--Brighton Beach & Coney Island PUMA,867,406,461,665,406,259,202,0,202,0,0,0,0,0,0,0,0,0,547,318,229,415,318,97,132,0,132,320,88,232,250,88,162,70,0,70
111,"NYC-Bronx Community District 4--Concourse, Highbridge & Mount Eden PUMA",9566,3537,6029,7184,2663,4521,2382,874,1508,2345,500,1845,2345,500,1845,0,0,0,6319,2337,3982,4164,1690,2474,2155,647,1508,902,700,202,675,473,202,227,227,0
112,Erie County (Northeast) PUMA,0,0,0,0,0,0,0,0,0,0,0,0,0,0,0,0,0,0,0,0,0,0,0,0,0,0,0,0,0,0,0,0,0,0,0,0
113,NYC-Brooklyn Community District 8--Crown Heights North & Prospect Heights PUMA,888,801,87,487,449,38,401,352,49,157,108,49,108,108,0,49,0,49,208,170,38,99,61,38,109,109,0,523,523,0,280,280,0,243,243,0
114,NYC-Queens Community District 3--Jackson Heights & North Corona PUMA,22506,14087,8419,18826,12774,6052,3680,1313,2367,3382,1612,1770,2584,1197,1387,798,415,383,13486,8470,5016,11369,7797,3572,2117,673,1444,5638,4005,1633,4873,3780,1093,765,225,540
115,Fulton & Montgomery Counties PUMA,0,0,0,0,0,0,0,0,0,0,0,0,0,0,0,0,0,0,0,0,0,0,0,0,0,0,0,0,0,0,0,0,0,0,0,0
116,Niagara County (Southwest)--Greater Niagara Falls & North Tonawanda Area PUMA,283,147,136,283,147,136,0,0,0,0,0,0,0,0,0,0,0,0,147,147,0,147,147,0,0,0,0,136,0,136,136,0,136,0,0,0
117,"Steuben (North & West), Schuyler & Chemung (North) Counties PUMA",116,58,58,116,58,58,0,0,0,0,0,0,0,0,0,0,0,0,0,0,0,0,0,0,0,0,0,116,58,58,116,58,58,0,0,0
118,NYC-Brooklyn Community District 4--Bushwick PUMA,6172,2807,3365,5405,2807,2598,767,0,767,1053,113,940,778,113,665,275,0,275,3905,1833,2072,3487,1833,1654,418,0,418,1214,861,353,1140,861,279,74,0,74
119,"NYC-Manhattan Community District 4 & 5--Chelsea, Clinton & Midtown Business District PUMA",4110,2431,1679,2078,1065,1013,2032,1366,666,1135,235,900,955,127,828,180,108,72,2808,2123,685,956,865,91,1852,1258,594,167,73,94,167,73,94,0,0,0
120,"NYC-Brooklyn Community District 6--Park Slope, Carroll Gardens & Red Hook PUMA",1728,1101,627,1627,1000,627,101,101,0,633,555,78,532,454,78,101,101,0,972,546,426,972,546,426,0,0,0,123,0,123,123,0,123,0,0,0
121,NYC-Brooklyn Community District 3--Bedford-Stuyvesant PUMA,2633,1509,1124,2055,1509,546,578,0,578,810,307,503,717,307,410,93,0,93,1741,1120,621,1256,1120,136,485,0,485,82,82,0,82,82,0,0,0,0
122,NYC-Queens Community District 10--Howard Beach & Ozone Park PUMA,4467,2097,2370,3899,1937,1962,568,160,408,1768,605,1163,1525,445,1080,243,160,83,1825,732,1093,1569,732,837,256,0,256,874,760,114,805,760,45,69,0,69
123,Suffolk County (Northwest)--Huntington Town (North) PUMA,3141,2089,1052,2096,1708,388,1045,381,664,752,463,289,291,278,13,461,185,276,1696,1321,375,1500,1125,375,196,196,0,693,305,388,305,305,0,388,0,388
124,Orange County (Southeast) PUMA,2347,756,1591,2182,756,1426,165,0,165,1515,436,1079,1515,436,1079,0,0,0,473,258,215,308,258,50,165,0,165,359,62,297,359,62,297,0,0,0
125,Nassau County (East Central)--Oyster Bay Town (Central) PUMA,2184,1551,633,2184,1551,633,0,0,0,1371,873,498,1371,873,498,0,0,0,678,678,0,678,678,0,0,0,0,135,0,135,135,0,135,0,0,0
126,Suffolk County (Northwest)--Smithtown Town PUMA,1364,643,721,1054,464,590,310,179,131,666,184,482,535,184,351,131,0,131,698,459,239,519,280,239,179,179,0,0,0,0,0,0,0,0,0,0
127,"NYC-Brooklyn Community District 17--East Flatbush, Farragut & Rugby PUMA",1699,1101,598,1626,1101,525,73,0,73,483,368,115,483,368,115,0,0,0,992,733,259,919,733,186,73,0,73,224,0,224,224,0,224,0,0,0
128,"NYC-Bronx Community District 9--Castle Hill, Clason Point & Parkchester PUMA",9725,6092,3633,7977,5234,2743,1748,858,890,2244,1515,729,2003,1515,488,241,0,241,5398,2891,2507,4403,2449,1954,995,442,553,2083,1686,397,1571,1270,301,512,416,96
129,NYC-Queens Community District 9--Richmond Hill & Woodhaven PUMA,9988,5466,4522,8618,4831,3787,1370,635,735,4271,1881,2390,3806,1881,1925,465,0,465,4355,2484,1871,4011,2254,1757,344,230,114,1362,1101,261,801,696,105,561,405,156
130,Westchester County (Southwest)--Yonkers City PUMA,13034,8268,4766,10629,7626,3003,2405,642,1763,1887,1376,511,1887,1376,511,0,0,0,8035,4484,3551,6238,3984,2254,1797,500,1297,3112,2408,704,2504,2266,238,608,142,466
131,Broome (Outer West) & Tioga Counties PUMA,49,37,12,49,37,12,0,0,0,12,0,12,12,0,12,0,0,0,0,0,0,0,0,0,0,0,0,37,37,0,37,37,0,0,0,0
132,NYC-Brooklyn Community District 10--Bay Ridge & Dyker Heights PUMA,2868,1526,1342,1998,1219,779,870,307,563,547,287,260,465,287,178,82,0,82,1447,854,593,767,547,220,680,307,373,874,385,489,766,385,381,108,0,108
133,"NYC-Queens Community District 5--Ridgewood, Glendale & Middle Village PUMA",9612,5123,4489,7882,4866,3016,1730,257,1473,2714,1338,1376,2315,1239,1076,399,99,300,6367,3378,2989,5122,3220,1902,1245,158,1087,531,407,124,445,407,38,86,0,86
134,NYC-Manhattan Community District 10--Central Harlem PUMA,2949,1392,1557,2887,1392,1495,62,0,62,929,0,929,867,0,867,62,0,62,1556,928,628,1556,928,628,0,0,0,464,464,0,464,464,0,0,0,0
135,"NYC-Queens Community District 11--Bayside, Douglaston & Little Neck PUMA",1587,1002,585,1326,824,502,261,178,83,692,277,415,692,277,415,0,0,0,740,657,83,479,479,0,261,178,83,155,68,87,155,68,87,0,0,0
136,Erie County (Northwest) PUMA,126,0,126,0,0,0,126,0,126,126,0,126,0,0,0,126,0,126,0,0,0,0,0,0,0,0,0,0,0,0,0,0,0,0,0,0
137,NYC-Queens Community District 2--Sunnyside & Woodside PUMA,8396,4851,3545,7012,4389,2623,1384,462,922,1662,1089,573,1542,969,573,120,120,0,4927,2569,2358,4122,2227,1895,805,342,463,1807,1193,614,1348,1193,155,459,0,459
138,Suffolk County (Southwest)--Babylon Town (Southeast) PUMA,2335,1255,1080,2025,1085,940,310,170,140,559,0,559,559,0,559,0,0,0,1370,849,521,1060,679,381,310,170,140,406,406,0,406,406,0,0,0,0
139,"NYC-Staten Island Community District 3--Tottenville, Great Kills & Annadale PUMA",710,652,58,652,652,0,58,0,58,0,0,0,0,0,0,0,0,0,215,157,58,157,157,0,58,0,58,495,495,0,495,495,0,0,0,0
140,Nassau County (West Central)--Hempstead Town (West Central) PUMA,4539,2431,2108,4121,2431,1690,418,0,418,882,334,548,809,334,475,73,0,73,3319,1759,1560,2974,1759,1215,345,0,345,338,338,0,338,338,0,0,0,0
141,Nassau County (Central)--Hempstead Town (Northeast) PUMA,2395,1101,1294,2395,1101,1294,0,0,0,1015,482,533,1015,482,533,0,0,0,1046,389,657,1046,389,657,0,0,0,334,230,104,334,230,104,0,0,0
142,Nassau County (Southwest)--Hempstead Town (Southwest) & Long Beach City PUMA,1727,987,740,1727,987,740,0,0,0,368,159,209,368,159,209,0,0,0,668,443,225,668,443,225,0,0,0,691,385,306,691,385,306,0,0,0
143,NYC-Brooklyn Community District 11--Bensonhurst & Bath Beach PUMA,2539,2324,215,2020,1862,158,519,462,57,235,167,68,235,167,68,0,0,0,1580,1490,90,1580,1490,90,0,0,0,724,667,57,205,205,0,519,462,57
144,Nassau County (South Central)--Hempstead Town (Southeast) PUMA,3671,2195,1476,3350,1951,1399,321,244,77,1075,400,675,1075,400,675,0,0,0,2235,1511,724,1991,1267,724,244,244,0,361,284,77,284,284,0,77,0,77
145,Nassau County (West Central)--North Hempstead Town (South) PUMA,4763,2994,1769,4099,2490,1609,664,504,160,722,436,286,625,339,286,97,97,0,2576,1530,1046,2365,1356,1009,211,174,37,1465,1028,437,1109,795,314,356,233,123
146,Capital Region,3037,1185,1852,3013,1185,1828,24,0,24,921,189,732,921,189,732,0,0,0,2116,996,1120,2092,996,1096,24,0,24,0,0,0,0,0,0,0,0,0
147,Central NY,1867,804,1063,1544,804,740,323,0,323,589,197,392,589,197,392,0,0,0,1093,422,671,770,422,348,323,0,323,185,185,0,185,185,0,0,0,0
148,Finger Lakes,4155,2256,1899,2842,1661,1181,1313,595,718,2019,1210,809,1491,948,543,528,262,266,1505,837,668,899,504,395,606,333,273,631,209,422,452,209,243,179,0,179
149,Long Island,90600,51411,39189,78731,47442,31289,11869,3969,7900,17404,7861,9543,15219,7161,8058,2185,700,1485,52030,29489,22541,44884,26976,17908,7146,2513,4633,21166,14061,7105,18628,13305,5323,2538,756,1782
150,Mid-Hudson,75039,42957,32082,59655,39311,20344,15384,3646,11738,18734,9633,9101,16618,9252,7366,2116,381,1735,41608,23664,17944,31505,20905,10600,10103,2759,7344,14697,9660,5037,11532,9154,2378,3165,506,2659
151,Mohawk Valley,420,374,46,374,374,0,46,0,46,0,0,0,0,0,0,0,0,0,227,181,46,181,181,0,46,0,46,193,193,0,193,193,0,0,0,0
152,New York City,294543,161931,132612,237727,141123,96604,56816,20808,36008,73238,30577,42661,61117,26643,34474,12121,3934,8187,168266,96437,71829,134965,84209,50756,33301,12228,21073,53039,34917,18122,41645,30271,11374,11394,4646,6748
153,North Country,515,115,400,174,60,114,341,55,286,102,60,42,102,60,42,0,0,0,356,55,301,15,0,15,341,55,286,57,0,57,57,0,57,0,0,0
154,Southern Tier,574,448,126,457,387,70,117,61,56,89,77,12,89,77,12,0,0,0,117,61,56,0,0,0,117,61,56,368,310,58,368,310,58,0,0,0
155,Western NY,1567,644,923,1240,508,732,327,136,191,635,79,556,444,79,365,191,0,191,526,510,16,390,374,16,136,136,0,406,55,351,406,55,351,0,0,0
