,puma,Total_geo,Total_geo_m,Total_geo_f,Total_FT_mf_t,Total_FT_m,Total_FT_f,Total_PT_mf_t,Total_PT_m,Total_PT_f,Total_BABS,Total_BABS_m,Total_BABS_f,BABS_FT_mf_t,BABS_FT_m,BABS_FT_f,BABS_PT_mf_t,BABS_PT_m,BABS_PT_f,Total_HS,Total_HS_m,Total_HS_f,HS_FT_mf_t,HS_FT_m,HS_FT_f,HS_PT_mf_t,HS_PT_m,HS_PT_f,Total_HSINC,Total_HSINC_m,Total_HSINC_f,HSINC_FT_mf_t,HSINC_FT_m,HSINC_FT_f,HSINC_PT_mf_t,HSINC_PT_m,HSINC_PT_f
0,Total Geo,5891692,2996475,2895217,4920307,2670143,2250164,971385,326332,645053,2648527,1243979,1404548,2299882,1137266,1162616,348645,106713,241932,2975333,1589295,1386038,2423435,1397954,1025481,551898,191341,360557,267832,163201,104631,196990,134923,62067,70842,28278,42564
1,NYC-Manhattan Community District 7--Upper West Side & West Side PUMA,73185,35609,37576,58659,29760,28899,14526,5849,8677,62082,28227,33855,50805,24633,26172,11277,3594,7683,10404,7204,3200,7155,4949,2206,3249,2255,994,699,178,521,699,178,521,0,0,0
2,Nassau County (West Central)--Hempstead Town (Northwest) PUMA,37475,19818,17657,32167,18654,13513,5308,1164,4144,19792,9852,9940,17759,9548,8211,2033,304,1729,16025,8891,7134,13074,8142,4932,2951,749,2202,1658,1075,583,1334,964,370,324,111,213
3,NYC-Brooklyn Community District 2--Brooklyn Heights & Fort Greene PUMA,53606,26445,27161,47753,24808,22945,5853,1637,4216,42442,20176,22266,38275,19274,19001,4167,902,3265,9674,5671,4003,8127,5003,3124,1547,668,879,1490,598,892,1351,531,820,139,67,72
4,Madison & Cortland Counties PUMA,45350,24099,21251,38049,22003,16046,7301,2096,5205,14497,6587,7910,12252,6018,6234,2245,569,1676,29606,16631,12975,24564,15118,9446,5042,1513,3529,1247,881,366,1233,867,366,14,14,0
5,Ontario & Yates Counties PUMA,54723,28699,26024,45165,26186,18979,9558,2513,7045,20697,9526,11171,18131,9240,8891,2566,286,2280,30440,16592,13848,23813,14426,9387,6627,2166,4461,3586,2581,1005,3221,2520,701,365,61,304
6,Monroe County (Central)--Greece & Gates Towns PUMA,53599,27237,26362,44487,24356,20131,9112,2881,6231,17225,7546,9679,14629,6756,7873,2596,790,1806,34750,18644,16106,28410,16610,11800,6340,2034,4306,1624,1047,577,1448,990,458,176,57,119
7,Nassau County (East Central)--Oyster Bay Town (Central) PUMA,29075,14349,14726,24508,13608,10900,4567,741,3826,16567,7766,8801,14105,7582,6523,2462,184,2278,11557,6018,5539,9452,5461,3991,2105,557,1548,951,565,386,951,565,386,0,0,0
8,"Clinton, Franklin, Essex & Hamilton Counties PUMA",62359,32155,30204,50666,27978,22688,11693,4177,7516,14345,6245,8100,12321,5583,6738,2024,662,1362,44476,23307,21169,35885,20376,15509,8591,2931,5660,3538,2603,935,2460,2019,441,1078,584,494
9,NYC-Manhattan Community District 8--Upper East Side PUMA,81676,38128,43548,71093,35140,35953,10583,2988,7595,67397,30789,36608,60265,29293,30972,7132,1496,5636,14279,7339,6940,10828,5847,4981,3451,1492,1959,0,0,0,0,0,0,0,0,0
10,Suffolk County (Southwest)--Islip Town (South) PUMA,39935,21209,18726,32712,18576,14136,7223,2633,4590,17764,8473,9291,15899,8068,7831,1865,405,1460,21154,12063,9091,16280,9975,6305,4874,2088,2786,1017,673,344,533,533,0,484,140,344
11,Erie County (Northwest) PUMA,44276,21015,23261,37159,19459,17700,7117,1556,5561,17679,8052,9627,15408,7738,7670,2271,314,1957,25204,12015,13189,20716,10930,9786,4488,1085,3403,1393,948,445,1035,791,244,358,157,201
12,"NYC-Queens Community District 8--Briarwood, Fresh Meadows & Hillcrest PUMA",24022,10859,13163,20928,10368,10560,3094,491,2603,14185,6505,7680,12676,6449,6227,1509,56,1453,8917,4060,4857,7429,3625,3804,1488,435,1053,920,294,626,823,294,529,97,0,97
13,NYC-Brooklyn Community District 5--East New York & Starrett City PUMA,27757,12374,15383,23131,9906,13225,4626,2468,2158,6760,2928,3832,5439,2172,3267,1321,756,565,18069,8730,9339,15188,7055,8133,2881,1675,1206,2928,716,2212,2504,679,1825,424,37,387
14,Rockland County (North)--New City & Congers PUMA,31470,15367,16103,26490,13513,12977,4980,1854,3126,15457,7562,7895,13543,6874,6669,1914,688,1226,14098,6909,7189,11376,5964,5412,2722,945,1777,1915,896,1019,1571,675,896,344,221,123
15,"Otsego, Schoharie, Oneida (South) & Herkimer (South) Counties PUMA",44119,22861,21258,36703,20592,16111,7416,2269,5147,11119,4490,6629,9903,4168,5735,1216,322,894,30451,16933,13518,24955,15282,9673,5496,1651,3845,2549,1438,1111,1845,1142,703,704,296,408
16,NYC-Brooklyn Community District 7--Sunset Park & Windsor Terrace PUMA,23606,11984,11622,18594,9561,9033,5012,2423,2589,15385,6867,8518,12479,5491,6988,2906,1376,1530,6203,3853,2350,4727,2983,1744,1476,870,606,2018,1264,754,1388,1087,301,630,177,453
17,NYC-Brooklyn Community District 11--Bensonhurst & Bath Beach PUMA,22535,10722,11813,18246,8736,9510,4289,1986,2303,9921,3680,6241,8017,2873,5144,1904,807,1097,11519,6520,4999,9631,5586,4045,1888,934,954,1095,522,573,598,277,321,497,245,252
18,Tompkins County PUMA,34440,17195,17245,28684,14196,14488,5756,2999,2757,19999,10443,9556,16474,8662,7812,3525,1781,1744,13541,5903,7638,11361,4685,6676,2180,1218,962,900,849,51,849,849,0,51,0,51
19,Dutchess County (Southwest) PUMA,57763,30448,27315,48142,27606,20536,9621,2842,6779,20724,8974,11750,17570,8353,9217,3154,621,2533,34034,19804,14230,28098,17826,10272,5936,1978,3958,3005,1670,1335,2474,1427,1047,531,243,288
20,NYC-Queens Community District 9--Richmond Hill & Woodhaven PUMA,25991,13308,12683,21547,11245,10302,4444,2063,2381,10718,4794,5924,8864,4066,4798,1854,728,1126,14255,7712,6543,11722,6377,5345,2533,1335,1198,1018,802,216,961,802,159,57,0,57
21,Westchester County (Northwest) PUMA,43815,23032,20783,37605,20714,16891,6210,2318,3892,25766,12830,12936,23106,11930,11176,2660,900,1760,16695,9181,7514,13231,7849,5382,3464,1332,2132,1354,1021,333,1268,935,333,86,86,0
22,Albany County (Outside Albany City) PUMA,79248,40039,39209,68087,36554,31533,11161,3485,7676,33407,16915,16492,29187,15539,13648,4220,1376,2844,42931,20628,22303,36427,18798,17629,6504,1830,4674,2910,2496,414,2473,2217,256,437,279,158
23,Monroe County (South) PUMA,64321,33580,30741,54299,31015,23284,10022,2565,7457,38390,19301,19089,33354,18029,15325,5036,1272,3764,24518,13310,11208,19892,12159,7733,4626,1151,3475,1413,969,444,1053,827,226,360,142,218
24,Jefferson & Lewis Counties PUMA,53343,29300,24043,44219,26830,17389,9124,2470,6654,11891,5334,6557,10745,4982,5763,1146,352,794,37600,21130,16470,30526,19322,11204,7074,1808,5266,3852,2836,1016,2948,2526,422,904,310,594
25,"Chenango, Delaware & Broome (East) Counties PUMA",39865,20386,19479,31323,17556,13767,8542,2830,5712,9152,3632,5520,7291,3161,4130,1861,471,1390,28841,15607,13234,22781,13509,9272,6060,2098,3962,1872,1147,725,1251,886,365,621,261,360
26,Erie County (Central) PUMA,63641,30941,32700,52808,28000,24808,10833,2941,7892,17853,7442,10411,15259,6878,8381,2594,564,2030,44452,22621,21831,36578,20517,16061,7874,2104,5770,1336,878,458,971,605,366,365,273,92
27,St. Lawrence County PUMA,38528,19807,18721,30957,17143,13814,7571,2664,4907,10946,5672,5274,9897,5471,4426,1049,201,848,25524,12534,12990,19436,10268,9168,6088,2266,3822,2058,1601,457,1624,1404,220,434,197,237
28,"NYC-Manhattan Community District 9--Hamilton Heights, Manhattanville & West Harlem PUMA",30160,14510,15650,22790,11211,11579,7370,3299,4071,21874,10987,10887,15919,8187,7732,5955,2800,3155,7315,2735,4580,6432,2585,3847,883,150,733,971,788,183,439,439,0,532,349,183
29,Suffolk County (North Central)--Brookhaven Town (North) PUMA,39055,20726,18329,31630,19404,12226,7425,1322,6103,19847,9806,10041,17074,9199,7875,2773,607,2166,18607,10416,8191,13955,9701,4254,4652,715,3937,601,504,97,601,504,97,0,0,0
30,NYC-Brooklyn Community District 1--Greenpoint & Williamsburg PUMA,55087,30660,24427,46652,27469,19183,8435,3191,5244,36653,19397,17256,32904,17788,15116,3749,1609,2140,16309,9719,6590,12309,8611,3698,4000,1108,2892,2125,1544,581,1439,1070,369,686,474,212
31,Cayuga & Onondaga (South) Counties PUMA,46628,24009,22619,38924,22088,16836,7704,1921,5783,14963,6253,8710,12880,5787,7093,2083,466,1617,29507,16404,13103,24498,15057,9441,5009,1347,3662,2158,1352,806,1546,1244,302,612,108,504
32,Nassau County (Southeast)--Oyster Bay Town (South) PUMA,42738,22950,19788,34060,20845,13215,8678,2105,6573,20736,9628,11108,17379,9113,8266,3357,515,2842,21730,13146,8584,16516,11663,4853,5214,1483,3731,272,176,96,165,69,96,107,107,0
33,Fulton & Montgomery Counties PUMA,41191,20943,20248,34126,18540,15586,7065,2403,4662,8151,3228,4923,7162,2951,4211,989,277,712,28685,15540,13145,23350,13710,9640,5335,1830,3505,4355,2175,2180,3614,1879,1735,741,296,445
34,Onondaga County (Central)--Syracuse City (Outer) PUMA,67185,33814,33371,56100,30798,25302,11085,3016,8069,30416,15282,15134,25826,14275,11551,4590,1007,3583,35506,17848,17658,29241,15972,13269,6265,1876,4389,1263,684,579,1033,551,482,230,133,97
35,NYC-Staten Island Community District 2--New Springville & South Beach PUMA,35272,18261,17011,28632,15382,13250,6640,2879,3761,13254,5661,7593,11007,4990,6017,2247,671,1576,20747,11761,8986,16781,9833,6948,3966,1928,2038,1271,839,432,844,559,285,427,280,147
36,Niagara County (Southwest)--Greater Niagara Falls & North Tonawanda Area PUMA,39918,19549,20369,32537,17104,15433,7381,2445,4936,7717,3091,4626,6312,2804,3508,1405,287,1118,29690,14912,14778,24774,13409,11365,4916,1503,3413,2511,1546,965,1451,891,560,1060,655,405
37,Suffolk County (Central)--Brookhaven Town (Central) PUMA,42923,24046,18877,35840,22020,13820,7083,2026,5057,16902,8624,8278,13494,7317,6177,3408,1307,2101,24790,14407,10383,21217,13790,7427,3573,617,2956,1231,1015,216,1129,913,216,102,102,0
38,"NYC-Bronx Community District 7--Bedford Park, Fordham North & Norwood PUMA",19259,9375,9884,15800,8500,7300,3459,875,2584,4733,1567,3166,3862,1567,2295,871,0,871,11840,6040,5800,9597,5357,4240,2243,683,1560,2686,1768,918,2341,1576,765,345,192,153
39,NYC-Queens Community District 4--Elmhurst & South Corona PUMA,8733,4739,3994,7600,4114,3486,1133,625,508,3807,2020,1787,3574,1938,1636,233,82,151,4040,2144,1896,3222,1683,1539,818,461,357,886,575,311,804,493,311,82,82,0
40,"NYC-Brooklyn Community District 6--Park Slope, Carroll Gardens & Red Hook PUMA",55239,28317,26922,47948,24917,23031,7291,3400,3891,47648,23294,24354,41628,20936,20692,6020,2358,3662,6648,4419,2229,5377,3377,2000,1271,1042,229,943,604,339,943,604,339,0,0,0
41,Suffolk County (Central)--Islip Town (East) PUMA,40444,19396,21048,35491,17946,17545,4953,1450,3503,18359,8273,10086,15954,7361,8593,2405,912,1493,21497,10535,10962,19082,10130,8952,2415,405,2010,588,588,0,455,455,0,133,133,0
42,"NYC-Brooklyn Community District 9--Crown Heights South, Prospect Lefferts & Wingate PUMA",22849,10695,12154,18628,8724,9904,4221,1971,2250,11146,5334,5812,9964,4903,5061,1182,431,751,10842,4882,5960,8096,3511,4585,2746,1371,1375,861,479,382,568,310,258,293,169,124
43,"NYC-Queens Community District 7--Flushing, Murray Hill & Whitestone PUMA",31126,17044,14082,25906,15193,10713,5220,1851,3369,14858,6954,7904,11763,6043,5720,3095,911,2184,15464,9568,5896,13625,8789,4836,1839,779,1060,804,522,282,518,361,157,286,161,125
44,NYC-Queens Community District 3--Jackson Heights & North Corona PUMA,17830,10153,7677,15847,9676,6171,1983,477,1506,8866,5679,3187,8030,5330,2700,836,349,487,7333,3344,3989,6186,3216,2970,1147,128,1019,1631,1130,501,1631,1130,501,0,0,0
45,Saratoga County (Outer) PUMA,50543,26708,23835,42601,24703,17898,7942,2005,5937,18280,8956,9324,16182,8362,7820,2098,594,1504,31285,16954,14331,25561,15543,10018,5724,1411,4313,978,798,180,858,798,60,120,0,120
46,"NYC-Bronx Community District 12--Wakefield, Williamsbridge & Woodlawn PUMA",23868,11075,12793,18971,7966,11005,4897,3109,1788,6423,2637,3786,5361,1788,3573,1062,849,213,15596,7445,8151,11843,5185,6658,3753,2260,1493,1849,993,856,1767,993,774,82,0,82
47,"NYC-Brooklyn Community District 15--Sheepshead Bay, Gerritsen Beach & Homecrest PUMA",18747,9939,8808,15496,9061,6435,3251,878,2373,9378,4164,5214,7852,3827,4025,1526,337,1189,8757,5426,3331,7287,4967,2320,1470,459,1011,612,349,263,357,267,90,255,82,173
48,Wayne & Seneca Counties PUMA,49563,25814,23749,41612,22708,18904,7951,3106,4845,11753,5306,6447,9705,4464,5241,2048,842,1206,34782,18280,16502,29867,16658,13209,4915,1622,3293,3028,2228,800,2040,1586,454,988,642,346
49,Schenectady County--Schenectady City PUMA,54849,28618,26231,45326,24594,20732,9523,4024,5499,22406,10804,11602,19988,10515,9473,2418,289,2129,29918,16320,13598,24165,13252,10913,5753,3068,2685,2525,1494,1031,1173,827,346,1352,667,685
50,NYC-Brooklyn Community District 10--Bay Ridge & Dyker Heights PUMA,28458,15262,13196,25249,13763,11486,3209,1499,1710,18292,8675,9617,16945,8226,8719,1347,449,898,9408,6258,3150,7704,5260,2444,1704,998,706,758,329,429,600,277,323,158,52,106
51,Nassau County (Northwest)--North Hempstead Town (North) PUMA,29018,15912,13106,25457,15200,10257,3561,712,2849,21404,11573,9831,18340,11190,7150,3064,383,2681,7265,4088,3177,6920,3827,3093,345,261,84,349,251,98,197,183,14,152,68,84
52,Suffolk County (West Central)--Babylon Town (Northwest) PUMA,35034,19237,15797,27663,15600,12063,7371,3637,3734,12965,5463,7502,10680,4564,6116,2285,899,1386,20673,12622,8051,15911,9964,5947,4762,2658,2104,1396,1152,244,1072,1072,0,324,80,244
53,"NYC-Manhattan Community District 4 & 5--Chelsea, Clinton & Midtown Business District PUMA",70259,41063,29196,62693,36994,25699,7566,4069,3497,60371,34992,25379,55243,32400,22843,5128,2592,2536,9211,5650,3561,7211,4492,2719,2000,1158,842,677,421,256,239,102,137,438,319,119
54,Columbia & Greene Counties PUMA,39074,20194,18880,31979,17804,14175,7095,2390,4705,13348,6227,7121,11057,5819,5238,2291,408,1883,24152,12980,11172,20065,11385,8680,4087,1595,2492,1574,987,587,857,600,257,717,387,330
55,Rensselaer County--Troy City PUMA,69255,35616,33639,59117,31768,27349,10138,3848,6290,23201,9922,13279,19679,8975,10704,3522,947,2575,42893,23207,19686,37005,20653,16352,5888,2554,3334,3161,2487,674,2433,2140,293,728,347,381
56,Erie County (West Central)--Buffalo City (West) PUMA,38097,20239,17858,32432,17879,14553,5665,2360,3305,19459,9600,9859,16839,8699,8140,2620,901,1719,17096,9638,7458,14271,8188,6083,2825,1450,1375,1542,1001,541,1322,992,330,220,9,211
57,Erie County (South) PUMA,75740,39218,36522,64286,36554,27732,11454,2664,8790,28634,12948,15686,24837,11970,12867,3797,978,2819,44777,24619,20158,37312,23007,14305,7465,1612,5853,2329,1651,678,2137,1577,560,192,74,118
58,Oneida County (Central)--Greater Utica & Rome Cities PUMA,51966,26643,25323,42293,22457,19836,9673,4186,5487,15943,7962,7981,13831,7016,6815,2112,946,1166,32809,16615,16194,26708,14001,12707,6101,2614,3487,3214,2066,1148,1754,1440,314,1460,626,834
59,"NYC-Manhattan Community District 12--Washington Heights, Inwood & Marble Hill PUMA",56250,27919,28331,43790,23214,20576,12460,4705,7755,33165,15364,17801,27106,12912,14194,6059,2452,3607,19400,11210,8190,14767,9022,5745,4633,2188,2445,3685,1345,2340,1917,1280,637,1768,65,1703
60,NYC-Brooklyn Community District 13--Brighton Beach & Coney Island PUMA,13431,5946,7485,12031,5458,6573,1400,488,912,4834,1370,3464,4662,1370,3292,172,0,172,6748,3539,3209,5962,3051,2911,786,488,298,1849,1037,812,1407,1037,370,442,0,442
61,NYC-Manhattan Community District 10--Central Harlem PUMA,41354,18716,22638,34652,15162,19490,6702,3554,3148,20715,9283,11432,18586,8426,10160,2129,857,1272,17471,6856,10615,13705,4813,8892,3766,2043,1723,3168,2577,591,2361,1923,438,807,654,153
62,Nassau County (West Central)--North Hempstead Town (South) PUMA,31887,15784,16103,26924,14487,12437,4963,1297,3666,18747,8902,9845,16506,8636,7870,2241,266,1975,12601,6679,5922,9879,5648,4231,2722,1031,1691,539,203,336,539,203,336,0,0,0
63,NYC-Brooklyn Community District 16--Brownsville & Ocean Hill PUMA,20943,9289,11654,17970,8569,9401,2973,720,2253,5289,2593,2696,4655,2317,2338,634,276,358,13706,5693,8013,11453,5249,6204,2253,444,1809,1948,1003,945,1862,1003,859,86,0,86
64,Albany County (East Central)--Albany City PUMA,34812,17800,17012,30168,15933,14235,4644,1867,2777,13965,6938,7027,12826,6750,6076,1139,188,951,18768,9851,8917,15917,8558,7359,2851,1293,1558,2079,1011,1068,1425,625,800,654,386,268
65,Nassau County (West Central)--Hempstead Town (West Central) PUMA,29047,16543,12504,24028,14250,9778,5019,2293,2726,15214,8017,7197,13194,7309,5885,2020,708,1312,13323,8253,5070,10649,6756,3893,2674,1497,1177,510,273,237,185,185,0,325,88,237
66,Chemung (South) & Steuben (East) Counties--Greater Elmira & Greater Corning Cities PUMA,39308,19591,19717,33496,18059,15437,5812,1532,4280,12385,4764,7621,10533,4376,6157,1852,388,1464,25437,13685,11752,21807,12871,8936,3630,814,2816,1486,1142,344,1156,812,344,330,330,0
67,"NYC-Bronx Community District 3 & 6--Belmont, Crotona Park East & East Tremont PUMA",28546,11111,17435,23826,10131,13695,4720,980,3740,5216,1918,3298,4472,1780,2692,744,138,606,18358,6774,11584,15590,6128,9462,2768,646,2122,4972,2419,2553,3764,2223,1541,1208,196,1012
68,"NYC-Bronx Community District 5--Morris Heights, Fordham South & Mount Hope PUMA",18046,8259,9787,15269,7357,7912,2777,902,1875,4687,1702,2985,4158,1583,2575,529,119,410,10323,4617,5706,8620,3930,4690,1703,687,1016,3036,1940,1096,2491,1844,647,545,96,449
69,"NYC-Bronx Community District 8--Riverdale, Fieldston & Kingsbridge PUMA",27076,13015,14061,22477,11640,10837,4599,1375,3224,14853,7120,7733,13068,6728,6340,1785,392,1393,10307,4749,5558,8060,3997,4063,2247,752,1495,1916,1146,770,1349,915,434,567,231,336
70,Erie County (Northeast) PUMA,48221,24942,23279,40449,22032,18417,7772,2910,4862,22087,10229,11858,19685,9558,10127,2402,671,1731,25014,13712,11302,19644,11473,8171,5370,2239,3131,1120,1001,119,1120,1001,119,0,0,0
71,NYC-Manhattan Community District 11--East Harlem PUMA,32081,14559,17522,25380,12166,13214,6701,2393,4308,16266,7074,9192,14621,6553,8068,1645,521,1124,13535,6043,7492,10157,5106,5051,3378,937,2441,2280,1442,838,602,507,95,1678,935,743
72,Orange County (Southeast) PUMA,40644,23048,17596,33680,21088,12592,6964,1960,5004,17139,8816,8323,15021,8485,6536,2118,331,1787,21737,12844,8893,17703,11647,6056,4034,1197,2837,1768,1388,380,956,956,0,812,432,380
73,Westchester County (Southeast) PUMA,28874,15521,13353,24399,14312,10087,4475,1209,3266,20565,10798,9767,18561,10108,8453,2004,690,1314,7806,4220,3586,5335,3701,1634,2471,519,1952,503,503,0,503,503,0,0,0,0
74,NYC-Queens Community District 1--Astoria & Long Island City PUMA,50463,26490,23973,43852,23821,20031,6611,2669,3942,35678,18206,17472,31803,16544,15259,3875,1662,2213,13163,7507,5656,10931,6500,4431,2232,1007,1225,1622,777,845,1118,777,341,504,0,504
75,Livingston & Wyoming Counties PUMA,38871,19902,18969,32705,18150,14555,6166,1752,4414,8797,3528,5269,7946,3125,4821,851,403,448,27102,14816,12286,22420,13489,8931,4682,1327,3355,2972,1558,1414,2339,1536,803,633,22,611
76,Suffolk County (Central)--Brookhaven Town (West Central) PUMA,47860,23905,23955,39047,21959,17088,8813,1946,6867,15309,6173,9136,12767,5823,6944,2542,350,2192,31237,16899,14338,25211,15387,9824,6026,1512,4514,1314,833,481,1069,749,320,245,84,161
77,Westchester County (Southwest)--Yonkers City PUMA,46069,21575,24494,39197,19895,19302,6872,1680,5192,20944,8225,12719,18628,7966,10662,2316,259,2057,21836,11882,9954,18148,10461,7687,3688,1421,2267,3289,1468,1821,2421,1468,953,868,0,868
78,Erie County (North Central) PUMA,42932,21011,21921,33752,19551,14201,9180,1460,7720,26981,13526,13455,22239,12521,9718,4742,1005,3737,15701,7386,8315,11294,6962,4332,4407,424,3983,250,99,151,219,68,151,31,31,0
79,Saratoga County (South & Central) PUMA,45359,24681,20678,38352,23510,14842,7007,1171,5836,22704,11207,11497,19216,10667,8549,3488,540,2948,21643,12983,8660,18546,12403,6143,3097,580,2517,1012,491,521,590,440,150,422,51,371
80,Suffolk County (South Central)--Brookhaven Town (South) PUMA,46851,22197,24654,37609,20109,17500,9242,2088,7154,14845,5683,9162,13159,5584,7575,1686,99,1587,29577,14929,14648,23227,13507,9720,6350,1422,4928,2429,1585,844,1223,1018,205,1206,567,639
81,"NYC-Staten Island Community District 3--Tottenville, Great Kills & Annadale PUMA",56644,27769,28875,48347,25634,22713,8297,2135,6162,22206,10713,11493,19687,10059,9628,2519,654,1865,33239,16052,17187,27868,14924,12944,5371,1128,4243,1199,1004,195,792,651,141,407,353,54
82,Herkimer (North & Central) & Oneida (Outer) Counties PUMA,46531,23974,22557,38956,21379,17577,7575,2595,4980,12335,5557,6778,10399,4552,5847,1936,1005,931,31151,16529,14622,26088,15181,10907,5063,1348,3715,3045,1888,1157,2469,1646,823,576,242,334
83,Niagara County (North & East) PUMA,43365,22901,20464,35690,20748,14942,7675,2153,5522,12496,5608,6888,11360,5502,5858,1136,106,1030,28522,15935,12587,22660,14020,8640,5862,1915,3947,2347,1358,989,1670,1226,444,677,132,545
84,Monroe County (Central)--Rochester City (East) PUMA,36514,18426,18088,28103,15053,13050,8411,3373,5038,12179,5745,6434,10623,5019,5604,1556,726,830,20504,9845,10659,14767,8075,6692,5737,1770,3967,3831,2836,995,2713,1959,754,1118,877,241
85,Warren & Washington Counties PUMA,50617,26296,24321,39778,22686,17092,10839,3610,7229,13666,4839,8827,10244,3713,6531,3422,1126,2296,34707,19827,14880,28164,17755,10409,6543,2072,4471,2244,1630,614,1370,1218,152,874,412,462
86,Nassau County (Southwest)--Hempstead Town (Southwest) & Long Beach City PUMA,33278,16618,16660,27084,14893,12191,6194,1725,4469,19857,9497,10360,16616,8274,8342,3241,1223,2018,13028,6857,6171,10138,6355,3783,2890,502,2388,393,264,129,330,264,66,63,0,63
87,NYC-Brooklyn Community District 8--Crown Heights North & Prospect Heights PUMA,39899,18915,20984,33060,16206,16854,6839,2709,4130,23590,10963,12627,20948,9800,11148,2642,1163,1479,14137,6823,7314,10790,5462,5328,3347,1361,1986,2172,1129,1043,1322,944,378,850,185,665
88,Onondaga County (Central)--Syracuse City PUMA,41697,20447,21250,32743,16724,16019,8954,3723,5231,15598,7184,8414,12430,6253,6177,3168,931,2237,21121,11253,9868,16695,9183,7512,4426,2070,2356,4978,2010,2968,3618,1288,2330,1360,722,638
89,Westchester County (Central)--White Plains City PUMA,53320,27220,26100,46366,24941,21425,6954,2279,4675,38261,18277,19984,32641,16209,16432,5620,2068,3552,14546,8535,6011,13212,8324,4888,1334,211,1123,513,408,105,513,408,105,0,0,0
90,NYC-Brooklyn Community District 3--Bedford-Stuyvesant PUMA,41457,20541,20916,34214,17298,16916,7243,3243,4000,16872,7755,9117,14565,6651,7914,2307,1104,1203,21837,11306,10531,17864,9651,8213,3973,1655,2318,2748,1480,1268,1785,996,789,963,484,479
91,"NYC-Bronx Community District 1 & 2--Hunts Point, Longwood & Melrose PUMA",24537,10425,14112,17751,8191,9560,6786,2234,4552,4350,1393,2957,3666,1314,2352,684,79,605,15259,7047,8212,10812,5295,5517,4447,1752,2695,4928,1985,2943,3273,1582,1691,1655,403,1252
92,Cattaraugus & Allegany Counties PUMA,44619,23100,21519,36160,20056,16104,8459,3044,5415,9534,4230,5304,8210,3667,4543,1324,563,761,32186,16865,15321,25847,14771,11076,6339,2094,4245,2899,2005,894,2103,1618,485,796,387,409
93,Oswego County PUMA,45507,23479,22028,36956,21191,15765,8551,2288,6263,8164,3891,4273,7053,3577,3476,1111,314,797,33290,17497,15793,27481,16078,11403,5809,1419,4390,4053,2091,1962,2422,1536,886,1631,555,1076
94,"NYC-Queens Community District 5--Ridgewood, Glendale & Middle Village PUMA",38852,20780,18072,35046,19229,15817,3806,1551,2255,13473,6349,7124,12530,6054,6476,943,295,648,23313,13501,9812,20596,12245,8351,2717,1256,1461,2066,930,1136,1920,930,990,146,0,146
95,Monroe County (East) PUMA,53243,26709,26534,45118,24971,20147,8125,1738,6387,25012,12227,12785,21497,11610,9887,3515,617,2898,26446,13124,13322,22066,12126,9940,4380,998,3382,1785,1358,427,1555,1235,320,230,123,107
96,Westchester County (South Central)--New Rochelle & Mount Vernon Cities PUMA,48971,23321,25650,41757,21464,20293,7214,1857,5357,28423,12495,15928,24951,12034,12917,3472,461,3011,17854,9645,8209,15017,8321,6696,2837,1324,1513,2694,1181,1513,1789,1109,680,905,72,833
97,"NYC-Queens Community District 14--Far Rockaway, Breezy Point & Broad Channel PUMA",25910,12241,13669,21039,11372,9667,4871,869,4002,11435,5532,5903,9309,5359,3950,2126,173,1953,12362,6050,6312,10654,5354,5300,1708,696,1012,2113,659,1454,1076,659,417,1037,0,1037
98,"NYC-Brooklyn Community District 12--Borough Park, Kensington & Ocean Parkway PUMA",28043,16945,11098,19180,13451,5729,8863,3494,5369,9474,5870,3604,7894,5158,2736,1580,712,868,14926,8506,6420,8802,6264,2538,6124,2242,3882,3643,2569,1074,2484,2029,455,1159,540,619
99,"NYC-Bronx Community District 10--Co-op City, Pelham Bay & Schuylerville PUMA",34348,17151,17197,29738,14597,15141,4610,2554,2056,11459,4577,6882,9026,3149,5877,2433,1428,1005,20725,11266,9459,18782,10140,8642,1943,1126,817,2164,1308,856,1930,1308,622,234,0,234
100,"NYC-Queens Community District 11--Bayside, Douglaston & Little Neck PUMA",22902,12711,10191,19448,11411,8037,3454,1300,2154,13291,6097,7194,12215,5563,6652,1076,534,542,9111,6152,2959,6830,5483,1347,2281,669,1612,500,462,38,403,365,38,97,97,0
101,"NYC-Manhattan Community District 6--Murray Hill, Gramercy & Stuyvesant Town PUMA",60351,27850,32501,57002,26268,30734,3349,1582,1767,56942,25243,31699,54228,24199,30029,2714,1044,1670,3248,2446,802,2698,1993,705,550,453,97,161,161,0,76,76,0,85,85,0
102,Chautauqua County PUMA,49241,25188,24053,39072,22068,17004,10169,3120,7049,12419,5927,6492,10202,4931,5271,2217,996,1221,32520,16539,15981,26065,15120,10945,6455,1419,5036,4302,2722,1580,2805,2017,788,1497,705,792
103,NYC-Brooklyn Community District 18--Canarsie & Flatlands PUMA,37160,15976,21184,32550,14703,17847,4610,1273,3337,16177,5562,10615,14341,5061,9280,1836,501,1335,19469,9637,9832,16793,8865,7928,2676,772,1904,1514,777,737,1416,777,639,98,0,98
104,Erie County (West Central)--Buffalo City (East) PUMA,45227,21210,24017,34650,18267,16383,10577,2943,7634,9020,3812,5208,8054,3592,4462,966,220,746,31997,15750,16247,24603,13416,11187,7394,2334,5060,4210,1648,2562,1993,1259,734,2217,389,1828
105,Genesee & Orleans Counties PUMA,40344,21302,19042,34223,19709,14514,6121,1593,4528,9975,4225,5750,8947,4001,4946,1028,224,804,28080,15353,12727,23296,14078,9218,4784,1275,3509,2289,1724,565,1980,1630,350,309,94,215
106,"NYC-Staten Island Community District 1--Port Richmond, Stapleton & Mariner's Harbor PUMA",40345,18977,21368,34301,16813,17488,6044,2164,3880,16205,7034,9171,14192,6737,7455,2013,297,1716,22393,11439,10954,18745,9842,8903,3648,1597,2051,1747,504,1243,1364,234,1130,383,270,113
107,"Steuben (North & West), Schuyler & Chemung (North) Counties PUMA",38303,19990,18313,32154,17952,14202,6149,2038,4111,10363,4175,6188,9182,3754,5428,1181,421,760,25336,14377,10959,20739,12783,7956,4597,1594,3003,2604,1438,1166,2233,1415,818,371,23,348
108,Nassau County (South Central)--Hempstead Town (Southeast) PUMA,33754,17733,16021,28744,15733,13011,5010,2000,3010,17952,8021,9931,15793,7283,8510,2159,738,1421,15728,9712,6016,12887,8450,4437,2841,1262,1579,74,0,74,64,0,64,10,0,10
109,"NYC-Bronx Community District 9--Castle Hill, Clason Point & Parkchester PUMA",35988,15878,20110,27805,12519,15286,8183,3359,4824,8282,2289,5993,6399,1712,4687,1883,577,1306,23104,11079,12025,18769,9053,9716,4335,2026,2309,4602,2510,2092,2637,1754,883,1965,756,1209
110,Suffolk County (East) PUMA,42809,23474,19335,36549,21620,14929,6260,1854,4406,18588,8834,9754,16440,8126,8314,2148,708,1440,22722,13180,9542,18780,12204,6576,3942,976,2966,1499,1460,39,1329,1290,39,170,170,0
111,Orange County (Northwest) PUMA,43346,22675,20671,36036,20261,15775,7310,2414,4896,14216,6251,7965,12651,5912,6739,1565,339,1226,27305,15227,12078,21813,13152,8661,5492,2075,3417,1825,1197,628,1572,1197,375,253,0,253
112,Broome County (West Central)--Greater Binghamton City & Greater Johnson City Village PUMA,39709,19952,19757,31758,17298,14460,7951,2654,5297,13840,6476,7364,11877,6077,5800,1963,399,1564,23868,12359,11509,18493,10535,7958,5375,1824,3551,2001,1117,884,1388,686,702,613,431,182
113,"NYC-Bronx Community District 11--Pelham Parkway, Morris Park & Laconia PUMA",30682,15016,15666,24498,13447,11051,6184,1569,4615,10084,3417,6667,8946,3299,5647,1138,118,1020,17404,9460,7944,13212,8009,5203,4192,1451,2741,3194,2139,1055,2340,2139,201,854,0,854
114,Suffolk County (Northwest)--Smithtown Town PUMA,44470,23911,20559,39131,23059,16072,5339,852,4487,23960,11931,12029,21930,11554,10376,2030,377,1653,20501,11971,8530,17201,11505,5696,3300,466,2834,9,9,0,0,0,0,9,9,0
115,Ulster County (East) PUMA,58199,30163,28036,48086,27371,20715,10113,2792,7321,20525,9568,10957,18312,9158,9154,2213,410,1803,35318,18984,16334,28103,17088,11015,7215,1896,5319,2356,1611,745,1671,1125,546,685,486,199
116,Westchester County (Northeast) PUMA,48692,25434,23258,41354,22900,18454,7338,2534,4804,32940,17479,15461,28975,16342,12633,3965,1137,2828,15151,7791,7360,11981,6394,5587,3170,1397,1773,601,164,437,398,164,234,203,0,203
117,NYC-Brooklyn Community District 4--Bushwick PUMA,36442,21674,14768,30480,19172,11308,5962,2502,3460,16346,8467,7879,14104,7418,6686,2242,1049,1193,16369,10766,5603,14063,9868,4195,2306,898,1408,3727,2441,1286,2313,1886,427,1414,555,859
118,NYC-Manhattan Community District 3--Chinatown & Lower East Side PUMA,47611,26976,20635,41201,23379,17822,6410,3597,2813,34290,18986,15304,30617,16953,13664,3673,2033,1640,12709,7522,5187,10189,6031,4158,2520,1491,1029,612,468,144,395,395,0,217,73,144
119,Dutchess County (North & East) PUMA,47769,26399,21370,39736,23131,16605,8033,3268,4765,20105,9525,10580,16923,8558,8365,3182,967,2215,25234,14994,10240,20914,13020,7894,4320,1974,2346,2430,1880,550,1899,1553,346,531,327,204
120,Nassau County (Central)--Hempstead Town (North Central)--Meadowbrook Corridor PUMA,26332,11313,15019,23168,10412,12756,3164,901,2263,9770,3800,5970,8702,3493,5209,1068,307,761,14954,6642,8312,13107,6108,6999,1847,534,1313,1608,871,737,1359,811,548,249,60,189
121,Broome (Outer West) & Tioga Counties PUMA,43590,24094,19496,36830,21607,15223,6760,2487,4273,12540,6030,6510,10413,5344,5069,2127,686,1441,28865,16503,12362,24727,15100,9627,4138,1403,2735,2185,1561,624,1690,1163,527,495,398,97
122,"Rockland County (South)--Orangetown, Clarkstown (South) & Ramapo (Southeast) Towns PUMA",32902,17765,15137,26862,15778,11084,6040,1987,4053,16344,7871,8473,13318,7016,6302,3026,855,2171,16181,9682,6499,13292,8615,4677,2889,1067,1822,377,212,165,252,147,105,125,65,60
123,"NYC-Brooklyn Community District 17--East Flatbush, Farragut & Rugby PUMA",19721,8820,10901,17086,7956,9130,2635,864,1771,6091,1798,4293,5186,1671,3515,905,127,778,12534,6362,6172,10804,5625,5179,1730,737,993,1096,660,436,1096,660,436,0,0,0
124,Orange County (Northeast)--Greater Newburgh City PUMA,43204,22068,21136,37483,20650,16833,5721,1418,4303,15026,7101,7925,13222,6365,6857,1804,736,1068,26657,14036,12621,23163,13499,9664,3494,537,2957,1521,931,590,1098,786,312,423,145,278
125,"NYC-Manhattan Community District 1 & 2--Battery Park City, Greenwich Village & Soho PUMA",64906,34784,30122,58384,31582,26802,6522,3202,3320,59351,30696,28655,54333,28375,25958,5018,2321,2697,5213,3812,1401,3893,3049,844,1320,763,557,342,276,66,158,158,0,184,118,66
126,NYC-Queens Community District 6--Forest Hills & Rego Park PUMA,24181,12685,11496,21933,11953,9980,2248,732,1516,17665,8187,9478,16585,7895,8690,1080,292,788,5895,4212,1683,4809,3804,1005,1086,408,678,621,286,335,539,254,285,82,32,50
127,Onondaga County (North) PUMA,53474,26660,26814,45956,24407,21549,7518,2253,5265,23661,11055,12606,21285,10559,10726,2376,496,1880,28929,14762,14167,23787,13005,10782,5142,1757,3385,884,843,41,884,843,41,0,0,0
128,Nassau County (Northeast)--Oyster Bay Town (North) & Glen Cove City PUMA,34927,19367,15560,28423,17784,10639,6504,1583,4921,22334,12298,10036,18618,11372,7246,3716,926,2790,11904,6601,5303,9196,6024,3172,2708,577,2131,689,468,221,609,388,221,80,80,0
129,Monroe County (North & West) PUMA,44723,21901,22822,36740,19574,17166,7983,2327,5656,18545,8685,9860,16200,8039,8161,2345,646,1699,24686,12155,12531,19129,10555,8574,5557,1600,3957,1492,1061,431,1411,980,431,81,81,0
130,Sullivan & Ulster (West) Counties PUMA,37214,19454,17760,31293,17156,14137,5921,2298,3623,11964,4872,7092,10270,4006,6264,1694,866,828,22395,12780,9615,18724,11725,6999,3671,1055,2616,2855,1802,1053,2299,1425,874,556,377,179
131,Suffolk County (Southwest)--Babylon Town (Southeast) PUMA,36477,17749,18728,30228,15612,14616,6249,2137,4112,14470,5742,8728,12707,5244,7463,1763,498,1265,20665,11193,9472,16374,9554,6820,4291,1639,2652,1342,814,528,1147,814,333,195,0,195
132,Suffolk County (Northwest)--Huntington Town (North) PUMA,35720,18783,16937,30359,17188,13171,5361,1595,3766,21869,11256,10613,18439,10325,8114,3430,931,2499,13470,7165,6305,11694,6637,5057,1776,528,1248,381,362,19,226,226,0,155,136,19
133,"NYC-Queens Community District 12--Jamaica, Hollis & St. Albans PUMA",47329,20335,26994,40923,16914,24009,6406,3421,2985,13275,4228,9047,12045,3621,8424,1230,607,623,31518,14541,16977,26881,11931,14950,4637,2610,2027,2536,1566,970,1997,1362,635,539,204,335
134,"NYC-Queens Community District 13--Queens Village, Cambria Heights & Rosedale PUMA",44093,21809,22284,38810,19593,19217,5283,2216,3067,15195,5972,9223,13874,5467,8407,1321,505,816,27605,15073,12532,24050,13561,10489,3555,1512,2043,1293,764,529,886,565,321,407,199,208
135,Monroe County (Central)--Rochester City (West) PUMA,30708,13877,16831,23166,11127,12039,7542,2750,4792,6668,3456,3212,5814,2881,2933,854,575,279,20569,8755,11814,14988,7080,7908,5581,1675,3906,3471,1666,1805,2364,1166,1198,1107,500,607
136,NYC-Queens Community District 10--Howard Beach & Ozone Park PUMA,25687,13328,12359,21695,11292,10403,3992,2036,1956,9814,4117,5697,8195,3076,5119,1619,1041,578,14956,8433,6523,12794,7573,5221,2162,860,1302,917,778,139,706,643,63,211,135,76
137,Suffolk County (Central)--Islip Town (Northwest) PUMA,23822,10806,13016,20223,10003,10220,3599,803,2796,4389,1755,2634,3911,1755,2156,478,0,478,17109,7649,9460,14122,6846,7276,2987,803,2184,2324,1402,922,2190,1402,788,134,0,134
138,Putnam County PUMA,40658,20429,20229,33360,18738,14622,7298,1691,5607,17940,7859,10081,14957,7023,7934,2983,836,2147,21827,11969,9858,17651,11114,6537,4176,855,3321,891,601,290,752,601,151,139,0,139
139,NYC-Queens Community District 2--Sunnyside & Woodside PUMA,30558,15799,14759,25776,13788,11988,4782,2011,2771,17702,8579,9123,15058,7546,7512,2644,1033,1611,11283,6076,5207,9522,5330,4192,1761,746,1015,1573,1144,429,1196,912,284,377,232,145
140,Nassau County (Central)--Hempstead Town (East Central) PUMA,39827,21171,18656,34690,20418,14272,5137,753,4384,24643,11601,13042,21553,11326,10227,3090,275,2815,14761,9209,5552,12796,8751,4045,1965,458,1507,423,361,62,341,341,0,82,20,62
141,Suffolk County (Northwest)--Huntington Town (South) PUMA,37935,19340,18595,31191,17968,13223,6744,1372,5372,20899,10853,10046,17021,10259,6762,3878,594,3284,16034,8153,7881,13905,7444,6461,2129,709,1420,1002,334,668,265,265,0,737,69,668
142,"NYC-Bronx Community District 4--Concourse, Highbridge & Mount Eden PUMA",17863,6173,11690,14712,5038,9674,3151,1135,2016,4824,1280,3544,4373,999,3374,451,281,170,10608,4176,6432,8646,3322,5324,1962,854,1108,2431,717,1714,1693,717,976,738,0,738
143,Nassau County (Central)--Hempstead Town (Northeast) PUMA,38921,19415,19506,32335,16702,15633,6586,2713,3873,16846,8240,8606,14881,7253,7628,1965,987,978,21131,10539,10592,16661,8903,7758,4470,1636,2834,944,636,308,793,546,247,151,90,61
144,NYC-Brooklyn Community District 14--Flatbush & Midwood PUMA,33408,17626,15782,25961,14229,11732,7447,3397,4050,19150,8984,10166,15819,7780,8039,3331,1204,2127,13308,8072,5236,9724,6085,3639,3584,1987,1597,950,570,380,418,364,54,532,206,326
145,"Rockland County (West)--Spring Valley, Suffern Villages & Monsey PUMA",24060,13682,10378,15936,9611,6325,8124,4071,4053,9316,5292,4024,6790,4136,2654,2526,1156,1370,12374,6685,5689,7744,4224,3520,4630,2461,2169,2370,1705,665,1402,1251,151,968,454,514
146,Capital Region,423757,219952,203805,355408,197552,157856,68349,22400,45949,160977,75808,85169,138379,70340,68039,22598,5468,17130,246297,132750,113547,205850,118347,87503,40447,14403,26044,16483,11394,5089,11179,8865,2314,5304,2529,2775
147,Central NY,299841,152508,147333,248728,137211,111517,51113,15297,35816,107299,50252,57047,91726,46469,45257,15573,3783,11790,177959,94395,83564,146266,84413,61853,31693,9982,21711,14583,7861,6722,10736,6329,4407,3847,1532,2315
148,Finger Lakes,466609,237447,229162,385618,212849,172769,80991,24598,56393,169241,79545,89696,146846,73164,73682,22395,6381,16014,271877,140874,131003,218648,125256,93392,53229,15618,37611,25491,17028,8463,20124,14429,5695,5367,2599,2768
149,Long Island,919614,475752,443862,769261,434050,335211,150353,41702,108651,444028,212061,231967,382921,197558,185363,61107,14503,46604,452043,247817,204226,368234,222732,145502,83809,25085,58724,23543,15874,7669,18106,13760,4346,5437,2114,3323
150,Mid-Hudson,726970,377601,349369,607782,339129,268653,119188,38472,80716,345655,163795,181860,299439,150475,148964,46216,13320,32896,351048,195168,155880,285505,172924,112581,65543,22244,43299,30267,18638,11629,22838,15730,7108,7429,2908,4521
151,Mohawk Valley,183807,94421,89386,152078,82968,69110,31729,11453,20276,47548,21237,26311,41295,18687,22608,6253,2550,3703,123096,65617,57479,101101,58174,42927,21995,7443,14552,13163,7567,5596,9682,6107,3575,3481,1460,2021
152,New York City,1946372,967010,979362,1642350,846047,796303,304022,120963,183059,1074439,504045,570394,942138,455303,486835,132301,48742,83559,772366,407277,365089,628312,344846,283466,144054,62431,81623,99567,55688,43879,71900,45898,26002,27667,9790,17877
153,North Country,154230,81262,72968,125842,71951,53891,28388,9311,19077,37182,17251,19931,32963,16036,16927,4219,1215,3004,107600,56971,50629,85847,49966,35881,21753,7005,14748,9448,7040,2408,7032,5949,1083,2416,1091,1325
154,Southern Tier,235215,121208,114007,194245,106668,87577,40970,14540,26430,78279,35520,42759,65770,31374,34396,12509,4146,8363,145888,78434,67454,119908,69483,50425,25980,8951,17029,11048,7254,3794,8567,5811,2756,2481,1443,1038
155,Western NY,535277,269314,265963,438995,241718,197277,96282,27596,68686,183879,84465,99414,158405,77860,80545,25474,6605,18869,327159,169992,157167,263764,151813,111951,63395,18179,45216,24239,14857,9382,16826,12045,4781,7413,2812,4601
