,puma,Total_geo,Total_geo_m,Total_geo_f,Total_Emp_mf_t,Total_emp_m,Total_emp_f,Total_UnEmp_mf_t,Total_UnEmp_m,Total_UnEmp_f,Total_BABS,Total_BABS_m,Total_BABS_f,BABS_Emp_mf_t,BABS_emp_m,BABS_emp_f,BABS_UnEmp_mf_t,BABS_UnEmp_m,BABS_UnEmp_f,Total_HS,Total_HS_m,Total_HS_f,HS_Emp_mf_t,HS_emp_m,HS_emp_f,HS_UnEmp_mf_t,HS_UnEmp_m,HS_UnEmp_f,Total_HSINC,Total_HSINC_m,Total_HSINC_f,HSINC_Emp_mf_t,HSINC_emp_m,HSINC_emp_f,HSINC_UnEmp_mf_t,HSINC_UnEmp_m,HSINC_UnEmp_f
0,Total Geo,5851781,2994570,2857211,5539443,2816208,2723235,312338,178362,133976,2616523,1235955,1380568,2533987,1193064,1340923,82536,42891,39645,2957934,1587847,1370087,2773464,1481704,1291760,184470,106143,78327,277324,170768,106556,231992,141440,90552,45332,29328,16004
1,NYC-Manhattan Community District 7--Upper West Side & West Side PUMA,72230,35674,36556,70684,34303,36381,1546,1371,175,61834,28578,33256,60478,27397,33081,1356,1181,175,9697,6918,2779,9507,6728,2779,190,190,0,699,178,521,699,178,521,0,0,0
2,Nassau County (West Central)--Hempstead Town (Northwest) PUMA,38242,20471,17771,36687,19399,17288,1555,1072,483,20336,10403,9933,19426,9732,9694,910,671,239,16199,8944,7255,15636,8625,7011,563,319,244,1707,1124,583,1625,1042,583,82,82,0
3,NYC-Brooklyn Community District 2--Brooklyn Heights & Fort Greene PUMA,53993,27064,26929,51154,25737,25417,2839,1327,1512,42074,20284,21790,40443,19795,20648,1631,489,1142,10527,6280,4247,9482,5605,3877,1045,675,370,1392,500,892,1229,337,892,163,163,0
4,Madison & Cortland Counties PUMA,45649,24513,21136,43038,22850,20188,2611,1663,948,14356,6846,7510,13990,6566,7424,366,280,86,29755,16527,13228,27991,15403,12588,1764,1124,640,1538,1140,398,1057,881,176,481,259,222
5,Ontario & Yates Counties PUMA,53084,28316,24768,50952,27177,23775,2132,1139,993,20226,9283,10943,19979,9238,10741,247,45,202,29555,16473,13082,27743,15436,12307,1812,1037,775,3303,2560,743,3230,2503,727,73,57,16
6,Monroe County (Central)--Greece & Gates Towns PUMA,52154,26896,25258,50861,26150,24711,1293,746,547,16823,7499,9324,16582,7413,9169,241,86,155,33707,18350,15357,32735,17770,14965,972,580,392,1624,1047,577,1544,967,577,80,80,0
7,Nassau County (East Central)--Oyster Bay Town (Central) PUMA,29101,14610,14491,27954,13994,13960,1147,616,531,16526,7766,8760,16125,7590,8535,401,176,225,11624,6279,5345,10878,5839,5039,746,440,306,951,565,386,951,565,386,0,0,0
8,"Clinton, Franklin, Essex & Hamilton Counties PUMA",59384,30407,28977,55893,28352,27541,3491,2055,1436,13893,6119,7774,13305,5959,7346,588,160,428,42367,21871,20496,39792,20261,19531,2575,1610,965,3124,2417,707,2796,2132,664,328,285,43
9,NYC-Manhattan Community District 8--Upper East Side PUMA,80773,37748,43025,78501,36186,42315,2272,1562,710,66934,30533,36401,64865,29174,35691,2069,1359,710,13839,7215,6624,13636,7012,6624,203,203,0,0,0,0,0,0,0,0,0,0
10,Suffolk County (Southwest)--Islip Town (South) PUMA,39720,21090,18630,38066,20503,17563,1654,587,1067,17765,8452,9313,16992,8207,8785,773,245,528,20938,11965,8973,20160,11623,8537,778,342,436,1017,673,344,914,673,241,103,0,103
11,Erie County (Northwest) PUMA,44188,21455,22733,42815,20621,22194,1373,834,539,17881,8369,9512,17144,8052,9092,737,317,420,24914,12138,12776,24278,11621,12657,636,517,119,1393,948,445,1393,948,445,0,0,0
12,"NYC-Queens Community District 8--Briarwood, Fresh Meadows & Hillcrest PUMA",24840,11369,13471,22382,9657,12725,2458,1712,746,14448,6733,7715,13240,5789,7451,1208,944,264,9241,4342,4899,8347,3574,4773,894,768,126,1151,294,857,795,294,501,356,0,356
13,NYC-Brooklyn Community District 5--East New York & Starrett City PUMA,28473,12449,16024,26306,11711,14595,2167,738,1429,6557,2851,3706,6330,2710,3620,227,141,86,19000,8977,10023,17364,8380,8984,1636,597,1039,2916,621,2295,2612,621,1991,304,0,304
14,Rockland County (North)--New City & Congers PUMA,30794,15233,15561,29090,14545,14545,1704,688,1016,15055,7413,7642,14269,6997,7272,786,416,370,13922,7022,6900,13004,6750,6254,918,272,646,1817,798,1019,1817,798,1019,0,0,0
15,"Otsego, Schoharie, Oneida (South) & Herkimer (South) Counties PUMA",42869,22608,20261,40469,21378,19091,2400,1230,1170,11212,4643,6569,10938,4432,6506,274,211,63,29167,16586,12581,27349,15598,11751,1818,988,830,2490,1379,1111,2182,1348,834,308,31,277
16,NYC-Brooklyn Community District 7--Sunset Park & Windsor Terrace PUMA,23171,11653,11518,22306,11301,11005,865,352,513,15219,6801,8418,14822,6626,8196,397,175,222,6069,3723,2346,5690,3560,2130,379,163,216,1883,1129,754,1794,1115,679,89,14,75
17,NYC-Brooklyn Community District 11--Bensonhurst & Bath Beach PUMA,23050,11408,11642,21318,10072,11246,1732,1336,396,10028,3615,6413,9364,3224,6140,664,391,273,11712,6960,4752,11040,6326,4714,672,634,38,1310,833,477,914,522,392,396,311,85
18,Tompkins County PUMA,32974,16412,16562,31808,15626,16182,1166,786,380,18936,9776,9160,18378,9278,9100,558,498,60,13442,6091,7351,12934,5903,7031,508,188,320,596,545,51,496,445,51,100,100,0
19,Dutchess County (Southwest) PUMA,54943,29004,25939,52328,27444,24884,2615,1560,1055,19707,9112,10595,18931,8736,10195,776,376,400,32746,18811,13935,31127,17627,13500,1619,1184,435,2490,1081,1409,2270,1081,1189,220,0,220
20,NYC-Queens Community District 9--Richmond Hill & Woodhaven PUMA,26234,13562,12672,24893,12901,11992,1341,661,680,10663,4794,5869,10341,4600,5741,322,194,128,14372,7728,6644,13591,7499,6092,781,229,552,1199,1040,159,961,802,159,238,238,0
21,Westchester County (Northwest) PUMA,42750,22928,19822,40968,22053,18915,1782,875,907,24786,12588,12198,24341,12344,11997,445,244,201,16745,9520,7225,15474,8889,6585,1271,631,640,1219,820,399,1153,820,333,66,0,66
22,Albany County (Outside Albany City) PUMA,77718,39723,37995,74472,37674,36798,3246,2049,1197,32861,16882,15979,32399,16512,15887,462,370,92,41943,20384,21559,39728,19126,20602,2215,1258,957,2914,2457,457,2345,2036,309,569,421,148
23,Monroe County (South) PUMA,62739,33360,29379,60925,32682,28243,1814,678,1136,38077,19177,18900,37272,19057,18215,805,120,685,23146,13111,10035,22360,12656,9704,786,455,331,1516,1072,444,1293,969,324,223,103,120
24,Jefferson & Lewis Counties PUMA,51617,28606,23011,48869,27362,21507,2748,1244,1504,11320,5053,6267,11280,5038,6242,40,15,25,36352,20676,15676,34818,20265,14553,1534,411,1123,3945,2877,1068,2771,2059,712,1174,818,356
25,"Chenango, Delaware & Broome (East) Counties PUMA",38358,19598,18760,36697,18563,18134,1661,1035,626,8897,3554,5343,8735,3510,5225,162,44,118,27598,14921,12677,26394,14201,12193,1204,720,484,1863,1123,740,1568,852,716,295,271,24
26,Erie County (Central) PUMA,63011,30502,32509,59667,28708,30959,3344,1794,1550,17580,7366,10214,17052,7227,9825,528,139,389,44313,22307,22006,41729,20801,20928,2584,1506,1078,1118,829,289,886,680,206,232,149,83
27,St. Lawrence County PUMA,36809,18904,17905,34780,17920,16860,2029,984,1045,10206,5400,4806,10120,5314,4806,86,86,0,24458,11984,12474,23052,11441,11611,1406,543,863,2145,1520,625,1608,1165,443,537,355,182
28,"NYC-Manhattan Community District 9--Hamilton Heights, Manhattanville & West Harlem PUMA",30353,15065,15288,27443,13014,14429,2910,2051,859,20499,10313,10186,19566,9900,9666,933,413,520,8369,3450,4919,7154,2574,4580,1215,876,339,1485,1302,183,723,540,183,762,762,0
29,Suffolk County (North Central)--Brookhaven Town (North) PUMA,38059,20441,17618,36571,19681,16890,1488,760,728,19264,9756,9508,18611,9361,9250,653,395,258,18194,10181,8013,17359,9816,7543,835,365,470,601,504,97,601,504,97,0,0,0
30,NYC-Brooklyn Community District 1--Greenpoint & Williamsburg PUMA,55169,30812,24357,51669,28267,23402,3500,2545,955,36353,19148,17205,34611,18039,16572,1742,1109,633,16600,10029,6571,14933,8684,6249,1667,1345,322,2216,1635,581,2125,1544,581,91,91,0
31,Cayuga & Onondaga (South) Counties PUMA,45358,23167,22191,43908,22071,21837,1450,1096,354,14554,6135,8419,14350,6011,8339,204,124,80,28671,15662,13009,27496,14751,12745,1175,911,264,2133,1370,763,2062,1309,753,71,61,10
32,Nassau County (Southeast)--Oyster Bay Town (South) PUMA,42400,22952,19448,40942,22161,18781,1458,791,667,20423,9567,10856,20184,9480,10704,239,87,152,21705,13209,8496,20486,12505,7981,1219,704,515,272,176,96,272,176,96,0,0,0
33,Fulton & Montgomery Counties PUMA,40001,20319,19682,37455,18750,18705,2546,1569,977,7879,3117,4762,7702,2976,4726,177,141,36,27896,15117,12779,25938,13761,12177,1958,1356,602,4226,2085,2141,3815,2013,1802,411,72,339
34,Onondaga County (Central)--Syracuse City (Outer) PUMA,66197,32926,33271,63492,31556,31936,2705,1370,1335,30015,14985,15030,29214,14629,14585,801,356,445,34730,17161,17569,33163,16257,16906,1567,904,663,1452,780,672,1115,670,445,337,110,227
35,NYC-Staten Island Community District 2--New Springville & South Beach PUMA,35550,18634,16916,33916,17751,16165,1634,883,751,13303,5836,7467,12856,5553,7303,447,283,164,20879,11862,9017,19789,11359,8430,1090,503,587,1368,936,432,1271,839,432,97,97,0
36,Niagara County (Southwest)--Greater Niagara Falls & North Tonawanda Area PUMA,39681,19437,20244,36741,17639,19102,2940,1798,1142,7727,3101,4626,7651,3025,4626,76,76,0,29372,14859,14513,27441,13765,13676,1931,1094,837,2582,1477,1105,1649,849,800,933,628,305
37,Suffolk County (Central)--Brookhaven Town (Central) PUMA,42447,23814,18633,40562,22573,17989,1885,1241,644,16581,8433,8148,16082,8209,7873,499,224,275,24635,14366,10269,23249,13349,9900,1386,1017,369,1231,1015,216,1231,1015,216,0,0,0
38,"NYC-Bronx Community District 7--Bedford Park, Fordham North & Norwood PUMA",20533,10315,10218,17810,8830,8980,2723,1485,1238,4837,1671,3166,4471,1466,3005,366,205,161,12476,6414,6062,10865,5808,5057,1611,606,1005,3220,2230,990,2474,1556,918,746,674,72
39,NYC-Queens Community District 4--Elmhurst & South Corona PUMA,8978,4826,4152,8733,4739,3994,245,87,158,3965,2020,1945,3807,2020,1787,158,0,158,4127,2231,1896,4040,2144,1896,87,87,0,886,575,311,886,575,311,0,0,0
40,"NYC-Brooklyn Community District 6--Park Slope, Carroll Gardens & Red Hook PUMA",54724,28287,26437,52122,26982,25140,2602,1305,1297,46859,22990,23869,45573,22444,23129,1286,546,740,6910,4681,2229,5969,4208,1761,941,473,468,955,616,339,580,330,250,375,286,89
41,Suffolk County (Central)--Islip Town (East) PUMA,40644,19524,21120,38323,18109,20214,2321,1415,906,18423,8141,10282,17797,7898,9899,626,243,383,21590,10752,10838,20071,9756,10315,1519,996,523,631,631,0,455,455,0,176,176,0
42,"NYC-Brooklyn Community District 9--Crown Heights South, Prospect Lefferts & Wingate PUMA",23502,11257,12245,21425,9777,11648,2077,1480,597,11197,5412,5785,10343,4762,5581,854,650,204,11238,5236,6002,10312,4627,5685,926,609,317,1067,609,458,770,388,382,297,221,76
43,"NYC-Queens Community District 7--Flushing, Murray Hill & Whitestone PUMA",30187,16464,13723,28393,15345,13048,1794,1119,675,14156,6704,7452,13552,6349,7203,604,355,249,15289,9238,6051,14153,8528,5625,1136,710,426,742,522,220,688,468,220,54,54,0
44,NYC-Queens Community District 3--Jackson Heights & North Corona PUMA,17406,10003,7403,16882,9831,7051,524,172,352,8844,5716,3128,8766,5679,3087,78,37,41,7118,3344,3774,6727,3264,3463,391,80,311,1444,943,501,1389,888,501,55,55,0
45,Saratoga County (Outer) PUMA,49350,26286,23064,47450,25537,21913,1900,749,1151,17853,8646,9207,17232,8307,8925,621,339,282,30587,16862,13725,29308,16452,12856,1279,410,869,910,778,132,910,778,132,0,0,0
46,"NYC-Bronx Community District 12--Wakefield, Williamsbridge & Woodlawn PUMA",24832,11882,12950,22685,10648,12037,2147,1234,913,6751,2775,3976,6374,2637,3737,377,138,239,16239,8183,8056,14701,7087,7614,1538,1096,442,1842,924,918,1610,924,686,232,0,232
47,"NYC-Brooklyn Community District 15--Sheepshead Bay, Gerritsen Beach & Homecrest PUMA",19187,10284,8903,17883,9701,8182,1304,583,721,9525,4310,5215,8858,4051,4807,667,259,408,8992,5567,3425,8460,5348,3112,532,219,313,670,407,263,565,302,263,105,105,0
48,Wayne & Seneca Counties PUMA,48883,25640,23243,46402,23759,22643,2481,1881,600,11655,5378,6277,11423,5146,6277,232,232,0,34324,18158,16166,32269,16703,15566,2055,1455,600,2904,2104,800,2710,1910,800,194,194,0
49,Schenectady County--Schenectady City PUMA,52848,28222,24626,50556,26972,23584,2292,1250,1042,21479,10570,10909,21115,10540,10575,364,30,334,28758,16130,12628,26966,14988,11978,1792,1142,650,2611,1522,1089,2475,1444,1031,136,78,58
50,NYC-Brooklyn Community District 10--Bay Ridge & Dyker Heights PUMA,28339,15209,13130,27003,14241,12762,1336,968,368,17961,8553,9408,17578,8170,9408,383,383,0,9620,6327,3293,8720,5742,2978,900,585,315,758,329,429,705,329,376,53,0,53
51,Nassau County (Northwest)--North Hempstead Town (North) PUMA,28691,15929,12762,27745,15346,12399,946,583,363,21111,11690,9421,20348,11205,9143,763,485,278,7231,3988,3243,7048,3890,3158,183,98,85,349,251,98,349,251,98,0,0,0
52,Suffolk County (West Central)--Babylon Town (Northwest) PUMA,37128,20298,16830,33546,18418,15128,3582,1880,1702,13662,5961,7701,12238,5000,7238,1424,961,463,22079,13082,8997,20024,12266,7758,2055,816,1239,1387,1255,132,1284,1152,132,103,103,0
53,"NYC-Manhattan Community District 4 & 5--Chelsea, Clinton & Midtown Business District PUMA",69985,40040,29945,67453,39272,28181,2532,768,1764,59951,34002,25949,58062,33655,24407,1889,347,1542,9357,5617,3740,8714,5196,3518,643,421,222,677,421,256,677,421,256,0,0,0
54,Columbia & Greene Counties PUMA,38027,19871,18156,37100,19339,17761,927,532,395,12830,6038,6792,12637,6038,6599,193,0,193,23444,12570,10874,23124,12452,10672,320,118,202,1753,1263,490,1339,849,490,414,414,0
55,Rensselaer County--Troy City PUMA,67811,35532,32279,64142,33287,30855,3669,2245,1424,22254,9816,12438,21473,9441,12032,781,375,406,42391,23053,19338,39884,21415,18469,2507,1638,869,3166,2663,503,2785,2431,354,381,232,149
56,Erie County (West Central)--Buffalo City (West) PUMA,37063,19817,17246,34960,18556,16404,2103,1261,842,19053,9526,9527,18109,9020,9089,944,506,438,16477,9290,7187,15377,8535,6842,1100,755,345,1533,1001,532,1474,1001,473,59,0,59
57,Erie County (South) PUMA,74161,38648,35513,71593,36977,34616,2568,1671,897,28543,13090,15453,27557,12255,15302,986,835,151,43361,23907,19454,41853,23145,18708,1508,762,746,2257,1651,606,2183,1577,606,74,74,0
58,Oneida County (Central)--Greater Utica & Rome Cities PUMA,50723,25462,25261,47003,23403,23600,3720,2059,1661,16067,7867,8200,15310,7541,7769,757,326,431,31383,15659,15724,29211,14271,14940,2172,1388,784,3273,1936,1337,2482,1591,891,791,345,446
59,"NYC-Manhattan Community District 12--Washington Heights, Inwood & Marble Hill PUMA",55600,28681,26919,52978,26562,26416,2622,2119,503,31984,15246,16738,31778,15246,16532,206,0,206,20125,11701,8424,18098,9971,8127,2027,1730,297,3491,1734,1757,3102,1345,1757,389,389,0
60,NYC-Brooklyn Community District 13--Brighton Beach & Coney Island PUMA,14525,7297,7228,12096,5660,6436,2429,1637,792,4960,1889,3071,3882,1370,2512,1078,519,559,6884,3539,3345,6433,3321,3112,451,218,233,2681,1869,812,1781,969,812,900,900,0
61,NYC-Manhattan Community District 10--Central Harlem PUMA,42311,19243,23068,37971,16721,21250,4340,2522,1818,20591,9148,11443,19355,8410,10945,1236,738,498,18308,7542,10766,15472,5758,9714,2836,1784,1052,3412,2553,859,3144,2553,591,268,0,268
62,Nassau County (West Central)--North Hempstead Town (South) PUMA,31816,15938,15878,31345,15643,15702,471,295,176,18613,8916,9697,18357,8761,9596,256,155,101,12589,6819,5770,12449,6679,5770,140,140,0,614,203,411,539,203,336,75,0,75
63,NYC-Brooklyn Community District 16--Brownsville & Ocean Hill PUMA,22366,10795,11571,19246,8482,10764,3120,2313,807,5289,2593,2696,4969,2273,2696,320,320,0,14336,6320,8016,12518,5309,7209,1818,1011,807,2741,1882,859,1759,900,859,982,982,0
64,Albany County (East Central)--Albany City PUMA,35367,17872,17495,32745,16591,16154,2622,1281,1341,13908,6938,6970,13803,6938,6865,105,0,105,19253,9790,9463,17120,8818,8302,2133,972,1161,2206,1144,1062,1822,835,987,384,309,75
65,Nassau County (West Central)--Hempstead Town (West Central) PUMA,28992,16784,12208,27942,15975,11967,1050,809,241,15202,8067,7135,14639,7699,6940,563,368,195,13280,8444,4836,12793,8003,4790,487,441,46,510,273,237,510,273,237,0,0,0
66,Chemung (South) & Steuben (East) Counties--Greater Elmira & Greater Corning Cities PUMA,38729,19726,19003,36275,17950,18325,2454,1776,678,12205,4764,7441,11617,4470,7147,588,294,294,24742,13524,11218,23788,12954,10834,954,570,384,1782,1438,344,870,526,344,912,912,0
67,"NYC-Bronx Community District 3 & 6--Belmont, Crotona Park East & East Tremont PUMA",30900,12041,18859,26579,10657,15922,4321,1384,2937,5269,2009,3260,5131,1871,3260,138,138,0,19182,7155,12027,16613,6367,10246,2569,788,1781,6449,2877,3572,4835,2419,2416,1614,458,1156
68,"NYC-Bronx Community District 5--Morris Heights, Fordham South & Mount Hope PUMA",18747,8845,9902,16632,7729,8903,2115,1116,999,4554,1702,2852,4554,1702,2852,0,0,0,10910,4956,5954,9417,4183,5234,1493,773,720,3283,2187,1096,2661,1844,817,622,343,279
69,"NYC-Bronx Community District 8--Riverdale, Fieldston & Kingsbridge PUMA",27147,13200,13947,25054,12057,12997,2093,1143,950,14497,6905,7592,13504,6258,7246,993,647,346,10830,4956,5874,9923,4653,5270,907,303,604,1820,1339,481,1627,1146,481,193,193,0
70,Erie County (Northeast) PUMA,45999,24239,21760,45560,23895,21665,439,344,95,21261,9902,11359,21139,9780,11359,122,122,0,23737,13336,10401,23420,13114,10306,317,222,95,1001,1001,0,1001,1001,0,0,0,0
71,NYC-Manhattan Community District 11--East Harlem PUMA,34054,15611,18443,30338,14130,16208,3716,1481,2235,16190,7141,9049,16051,7002,9049,139,139,0,15073,6596,8477,12134,5686,6448,2939,910,2029,2791,1874,917,2153,1442,711,638,432,206
72,Orange County (Southeast) PUMA,40606,23015,17591,39537,22372,17165,1069,643,426,17086,8742,8344,16980,8693,8287,106,49,57,21752,12885,8867,20789,12291,8498,963,594,369,1768,1388,380,1768,1388,380,0,0,0
73,Westchester County (Southeast) PUMA,28580,16094,12486,27011,15091,11920,1569,1003,566,20617,10929,9688,19840,10718,9122,777,211,566,7061,4263,2798,6668,3870,2798,393,393,0,902,902,0,503,503,0,399,399,0
74,NYC-Queens Community District 1--Astoria & Long Island City PUMA,50929,27406,23523,48319,25580,22739,2610,1826,784,35633,18497,17136,34394,17580,16814,1239,917,322,13626,7973,5653,12485,7223,5262,1141,750,391,1670,936,734,1440,777,663,230,159,71
75,Livingston & Wyoming Counties PUMA,38405,19771,18634,36847,18879,17968,1558,892,666,8377,3377,5000,8226,3320,4906,151,57,94,27180,14879,12301,25809,14080,11729,1371,799,572,2848,1515,1333,2812,1479,1333,36,36,0
76,Suffolk County (Central)--Brookhaven Town (West Central) PUMA,48634,24902,23732,46306,23287,23019,2328,1615,713,15114,6173,8941,14959,6081,8878,155,92,63,32206,17896,14310,30033,16373,13660,2173,1523,650,1314,833,481,1314,833,481,0,0,0
77,Westchester County (Southwest)--Yonkers City PUMA,46911,21992,24919,44469,20664,23805,2442,1328,1114,21505,8475,13030,20627,8078,12549,878,397,481,21894,11896,9998,20588,11118,9470,1306,778,528,3512,1621,1891,3254,1468,1786,258,153,105
78,Erie County (North Central) PUMA,41388,20350,21038,40632,20149,20483,756,201,555,26278,13330,12948,25731,13129,12602,547,201,346,14860,6921,7939,14651,6921,7730,209,0,209,250,99,151,250,99,151,0,0,0
79,Saratoga County (South & Central) PUMA,45053,24508,20545,43399,23737,19662,1654,771,883,22719,11106,11613,22406,11040,11366,313,66,247,21322,12911,8411,20149,12374,7775,1173,537,636,1012,491,521,844,323,521,168,168,0
80,Suffolk County (South Central)--Brookhaven Town (South) PUMA,45539,21622,23917,43685,20554,23131,1854,1068,786,13967,5476,8491,13967,5476,8491,0,0,0,29049,14645,14404,27926,14108,13818,1123,537,586,2523,1501,1022,1792,970,822,731,531,200
81,"NYC-Staten Island Community District 3--Tottenville, Great Kills & Annadale PUMA",57330,27996,29334,54315,26245,28070,3015,1751,1264,22272,10779,11493,21538,10201,11337,734,578,156,33828,16182,17646,31615,15077,16538,2213,1105,1108,1230,1035,195,1162,967,195,68,68,0
82,Herkimer (North & Central) & Oneida (Outer) Counties PUMA,45084,23647,21437,43366,22444,20922,1718,1203,515,11951,5333,6618,11805,5230,6575,146,103,43,30205,16278,13927,29106,15651,13455,1099,627,472,2928,2036,892,2455,1563,892,473,473,0
83,Niagara County (North & East) PUMA,43174,22677,20497,41207,21291,19916,1967,1386,581,12496,5608,6888,12496,5608,6888,0,0,0,28146,15638,12508,26439,14400,12039,1707,1238,469,2532,1431,1101,2272,1283,989,260,148,112
84,Monroe County (Central)--Rochester City (East) PUMA,37308,18866,18442,32991,16923,16068,4317,1943,2374,11959,5745,6214,11342,5489,5853,617,256,361,20964,10140,10824,18394,8933,9461,2570,1207,1363,4385,2981,1404,3255,2501,754,1130,480,650
85,Warren & Washington Counties PUMA,48871,25882,22989,46914,24880,22034,1957,1002,955,13567,4693,8874,13438,4646,8792,129,47,82,32787,19286,13501,31232,18604,12628,1555,682,873,2517,1903,614,2244,1630,614,273,273,0
86,Nassau County (Southwest)--Hempstead Town (Southwest) & Long Beach City PUMA,32549,16513,16036,30324,15557,14767,2225,956,1269,19294,9341,9953,17868,8808,9060,1426,533,893,12862,6908,5954,12063,6485,5578,799,423,376,393,264,129,393,264,129,0,0,0
87,NYC-Brooklyn Community District 8--Crown Heights North & Prospect Heights PUMA,40333,19512,20821,38427,18289,20138,1906,1223,683,23149,10950,12199,22704,10555,12149,445,395,50,14861,7364,7497,13562,6616,6946,1299,748,551,2323,1198,1125,2161,1118,1043,162,80,82
88,Onondaga County (Central)--Syracuse City PUMA,41396,20509,20887,39037,19142,19895,2359,1367,992,15268,7289,7979,15163,7184,7979,105,105,0,21122,11230,9892,19475,10353,9122,1647,877,770,5006,1990,3016,4399,1605,2794,607,385,222
89,Westchester County (Central)--White Plains City PUMA,53658,27332,26326,51491,26552,24939,2167,780,1387,37871,18119,19752,36610,17689,18921,1261,430,831,15274,8805,6469,14368,8455,5913,906,350,556,513,408,105,513,408,105,0,0,0
90,NYC-Brooklyn Community District 3--Bedford-Stuyvesant PUMA,44060,22151,21909,38965,19758,19207,5095,2393,2702,16669,7838,8831,16072,7541,8531,597,297,300,24033,12617,11416,20449,10801,9648,3584,1816,1768,3358,1696,1662,2444,1416,1028,914,280,634
91,"NYC-Bronx Community District 1 & 2--Hunts Point, Longwood & Melrose PUMA",25572,10989,14583,22542,9399,13143,3030,1590,1440,4376,1534,2842,4235,1393,2842,141,141,0,15901,7225,8676,14488,6466,8022,1413,759,654,5295,2230,3065,3819,1540,2279,1476,690,786
92,Cattaraugus & Allegany Counties PUMA,43882,23244,20638,41011,21231,19780,2871,2013,858,9255,4135,5120,9027,3992,5035,228,143,85,31569,16823,14746,29329,15356,13973,2240,1467,773,3058,2286,772,2655,1883,772,403,403,0
93,Oswego County PUMA,44248,22619,21629,40770,20274,20496,3478,2345,1133,8093,4051,4042,7787,3768,4019,306,283,23,31794,16121,15673,29768,14810,14958,2026,1311,715,4361,2447,1914,3215,1696,1519,1146,751,395
94,"NYC-Queens Community District 5--Ridgewood, Glendale & Middle Village PUMA",39377,20838,18539,37375,20089,17286,2002,749,1253,13109,6285,6824,12817,6194,6623,292,91,201,23787,13493,10294,22538,13011,9527,1249,482,767,2481,1060,1421,2020,884,1136,461,176,285
95,Monroe County (East) PUMA,52228,26447,25781,50820,25278,25542,1408,1169,239,24098,11683,12415,23771,11356,12415,327,327,0,26499,13453,13046,25418,12611,12807,1081,842,239,1631,1311,320,1631,1311,320,0,0,0
96,Westchester County (South Central)--New Rochelle & Mount Vernon Cities PUMA,49147,23997,25150,46951,22472,24479,2196,1525,671,28431,12793,15638,27562,12417,15145,869,376,493,18156,9932,8224,16992,8946,8046,1164,986,178,2560,1272,1288,2397,1109,1288,163,163,0
97,"NYC-Queens Community District 14--Far Rockaway, Breezy Point & Broad Channel PUMA",27708,13339,14369,23939,11321,12618,3769,2018,1751,12178,6129,6049,10809,5187,5622,1369,942,427,13222,6505,6717,11262,5679,5583,1960,826,1134,2308,705,1603,1868,455,1413,440,250,190
98,"NYC-Brooklyn Community District 12--Borough Park, Kensington & Ocean Parkway PUMA",27997,16747,11250,26871,16062,10809,1126,685,441,9269,5719,3550,8874,5559,3315,395,160,235,15138,8512,6626,14407,7987,6420,731,525,206,3590,2516,1074,3590,2516,1074,0,0,0
99,"NYC-Bronx Community District 10--Co-op City, Pelham Bay & Schuylerville PUMA",36841,18601,18240,33478,16496,16982,3363,2105,1258,12133,4845,7288,11211,4446,6765,922,399,523,22369,12766,9603,20627,11266,9361,1742,1500,242,2339,990,1349,1640,784,856,699,206,493
100,"NYC-Queens Community District 11--Bayside, Douglaston & Little Neck PUMA",23363,12635,10728,21638,11617,10021,1725,1018,707,13450,6316,7134,13013,5948,7065,437,368,69,9413,5857,3556,8125,5207,2918,1288,650,638,500,462,38,500,462,38,0,0,0
101,"NYC-Manhattan Community District 6--Murray Hill, Gramercy & Stuyvesant Town PUMA",59785,27058,32727,57444,25871,31573,2341,1187,1154,56389,24367,32022,54132,23264,30868,2257,1103,1154,3235,2530,705,3151,2446,705,84,84,0,161,161,0,161,161,0,0,0,0
102,Chautauqua County PUMA,49102,24845,24257,45932,23119,22813,3170,1726,1444,12369,5979,6390,11977,5740,6237,392,239,153,32475,16218,16257,30338,14925,15413,2137,1293,844,4258,2648,1610,3617,2454,1163,641,194,447
103,NYC-Brooklyn Community District 18--Canarsie & Flatlands PUMA,37705,16443,21262,35310,15183,20127,2395,1260,1135,16049,5563,10486,15396,5094,10302,653,469,184,19957,9958,9999,18442,9354,9088,1515,604,911,1699,922,777,1472,735,737,227,187,40
104,Erie County (West Central)--Buffalo City (East) PUMA,45024,20762,24262,40546,18303,22243,4478,2459,2019,9157,3743,5414,8842,3743,5099,315,0,315,32109,15606,16503,29036,13739,15297,3073,1867,1206,3758,1413,2345,2668,821,1847,1090,592,498
105,Genesee & Orleans Counties PUMA,39152,20782,18370,37476,19945,17531,1676,837,839,9637,4001,5636,9599,4001,5598,38,0,38,27328,15128,12200,25885,14466,11419,1443,662,781,2187,1653,534,1992,1478,514,195,175,20
106,"NYC-Staten Island Community District 1--Port Richmond, Stapleton & Mariner's Harbor PUMA",39783,18734,21049,38309,18105,20204,1474,629,845,16219,6972,9247,15818,6888,8930,401,84,317,21879,11320,10559,20875,10844,10031,1004,476,528,1685,442,1243,1616,373,1243,69,69,0
107,"Steuben (North & West), Schuyler & Chemung (North) Counties PUMA",36762,19512,17250,34327,17973,16354,2435,1539,896,10184,4056,6128,9631,3939,5692,553,117,436,23938,13988,9950,22415,12869,9546,1523,1119,404,2640,1468,1172,2281,1165,1116,359,303,56
108,Nassau County (South Central)--Hempstead Town (Southeast) PUMA,32827,17348,15479,31530,16548,14982,1297,800,497,17862,7937,9925,17296,7646,9650,566,291,275,14834,9411,5423,14160,8902,5258,674,509,165,131,0,131,74,0,74,57,0,57
109,"NYC-Bronx Community District 9--Castle Hill, Clason Point & Parkchester PUMA",37480,16884,20596,33070,14902,18168,4410,1982,2428,8641,2756,5885,7751,2289,5462,890,467,423,23822,11614,12208,21758,10829,10929,2064,785,1279,5017,2514,2503,3561,1784,1777,1456,730,726
110,Suffolk County (East) PUMA,40306,21665,18641,38854,20655,18199,1452,1010,442,18164,8760,9404,17888,8636,9252,276,124,152,21515,12317,9198,20710,11802,8908,805,515,290,627,588,39,256,217,39,371,371,0
111,Orange County (Northwest) PUMA,42414,22186,20228,41411,21684,19727,1003,502,501,14175,6236,7939,13908,6169,7739,267,67,200,26405,14744,11661,25771,14411,11360,634,333,301,1834,1206,628,1732,1104,628,102,102,0
112,Broome County (West Central)--Greater Binghamton City & Greater Johnson City Village PUMA,39213,19542,19671,37221,18481,18740,1992,1061,931,13340,6235,7105,12975,5899,7076,365,336,29,23877,12195,11682,22373,11593,10780,1504,602,902,1996,1112,884,1873,989,884,123,123,0
113,"NYC-Bronx Community District 11--Pelham Parkway, Morris Park & Laconia PUMA",32432,15423,17009,29242,14394,14848,3190,1029,2161,10347,3455,6892,9597,3363,6234,750,92,658,18196,9518,8678,16676,9045,7631,1520,473,1047,3889,2450,1439,2969,1986,983,920,464,456
114,Suffolk County (Northwest)--Smithtown Town PUMA,45002,24481,20521,43507,23334,20173,1495,1147,348,24117,12179,11938,23429,11651,11778,688,528,160,20876,12293,8583,20069,11674,8395,807,619,188,9,9,0,9,9,0,0,0,0
115,Ulster County (East) PUMA,55946,28739,27207,53733,27545,26188,2213,1194,1019,19280,8753,10527,18944,8487,10457,336,266,70,34173,18307,15866,32561,17575,14986,1612,732,880,2493,1679,814,2228,1483,745,265,196,69
116,Westchester County (Northeast) PUMA,46670,24795,21875,45397,24053,21344,1273,742,531,31549,16933,14616,30721,16559,14162,828,374,454,14776,7698,7078,14331,7330,7001,445,368,77,345,164,181,345,164,181,0,0,0
117,NYC-Brooklyn Community District 4--Bushwick PUMA,37151,22402,14749,34289,20122,14167,2862,2280,582,16258,8379,7879,15817,8014,7803,441,365,76,16915,11118,5797,15334,9731,5603,1581,1387,194,3978,2905,1073,3138,2377,761,840,528,312
118,NYC-Manhattan Community District 3--Chinatown & Lower East Side PUMA,47555,27103,20452,44402,25213,19189,3153,1890,1263,34652,18966,15686,32616,17988,14628,2036,978,1058,12364,7742,4622,11247,6830,4417,1117,912,205,539,395,144,539,395,144,0,0,0
119,Dutchess County (North & East) PUMA,46074,25039,21035,43202,23302,19900,2872,1737,1135,19786,9365,10421,19328,9038,10290,458,327,131,24204,13998,10206,22398,13123,9275,1806,875,931,2084,1676,408,1476,1141,335,608,535,73
120,Nassau County (Central)--Hempstead Town (North Central)--Meadowbrook Corridor PUMA,26926,11679,15247,24949,10605,14344,1977,1074,903,9684,3714,5970,9531,3714,5817,153,0,153,15591,7160,8431,14216,6181,8035,1375,979,396,1651,805,846,1202,710,492,449,95,354
121,Broome (Outer West) & Tioga Counties PUMA,42536,23552,18984,40143,22010,18133,2393,1542,851,12263,5845,6418,12006,5604,6402,257,241,16,28207,16251,11956,26094,14973,11121,2113,1278,835,2066,1456,610,2043,1433,610,23,23,0
122,"Rockland County (South)--Orangetown, Clarkstown (South) & Ramapo (Southeast) Towns PUMA",32753,17870,14883,31727,16996,14731,1026,874,152,16282,7809,8473,16235,7804,8431,47,5,42,16094,9849,6245,15115,8980,6135,979,869,110,377,212,165,377,212,165,0,0,0
123,"NYC-Brooklyn Community District 17--East Flatbush, Farragut & Rugby PUMA",20123,9390,10733,18439,8242,10197,1684,1148,536,5873,1875,3998,5506,1798,3708,367,77,290,12857,6700,6157,12085,6032,6053,772,668,104,1393,815,578,848,412,436,545,403,142
124,Orange County (Northeast)--Greater Newburgh City PUMA,43088,21569,21519,40990,20703,20287,2098,866,1232,14643,7101,7542,14123,6668,7455,520,433,87,26924,13537,13387,25346,13104,12242,1578,433,1145,1521,931,590,1521,931,590,0,0,0
125,"NYC-Manhattan Community District 1 & 2--Battery Park City, Greenwich Village & Soho PUMA",65652,35364,30288,62566,34084,28482,3086,1280,1806,59506,30833,28673,57287,30272,27015,2219,561,1658,5379,3830,1549,4937,3536,1401,442,294,148,767,701,66,342,276,66,425,425,0
126,NYC-Queens Community District 6--Forest Hills & Rego Park PUMA,24166,12869,11297,23216,12355,10861,950,514,436,17751,8472,9279,17403,8124,9279,348,348,0,5794,4111,1683,5192,3945,1247,602,166,436,621,286,335,621,286,335,0,0,0
127,Onondaga County (North) PUMA,53430,26624,26806,51639,25598,26041,1791,1026,765,23252,10808,12444,23179,10735,12444,73,73,0,29186,14973,14213,27729,14132,13597,1457,841,616,992,843,149,731,731,0,261,112,149
128,Nassau County (Northeast)--Oyster Bay Town (North) & Glen Cove City PUMA,33969,19175,14794,33220,18753,14467,749,422,327,21615,12059,9556,21290,11888,9402,325,171,154,11725,6708,5017,11301,6457,4844,424,251,173,629,408,221,629,408,221,0,0,0
129,Monroe County (North & West) PUMA,43197,21283,21914,41855,20680,21175,1342,603,739,18049,8363,9686,17637,8242,9395,412,121,291,23656,11859,11797,22844,11495,11349,812,364,448,1492,1061,431,1374,943,431,118,118,0
130,Sullivan & Ulster (West) Counties PUMA,36639,18751,17888,34204,17226,16978,2435,1525,910,11626,4554,7072,11373,4554,6819,253,0,253,22110,12535,9575,20709,11591,9118,1401,944,457,2903,1662,1241,2122,1081,1041,781,581,200
131,Suffolk County (Southwest)--Babylon Town (Southeast) PUMA,36520,17805,18715,34862,16986,17876,1658,819,839,14595,5657,8938,14178,5600,8578,417,57,360,20559,11249,9310,19807,10896,8911,752,353,399,1366,899,467,877,490,387,489,409,80
132,Suffolk County (Northwest)--Huntington Town (North) PUMA,34843,18092,16751,34233,17660,16573,610,432,178,21541,11165,10376,21001,10733,10268,540,432,108,13076,6701,6375,13006,6701,6305,70,0,70,226,226,0,226,226,0,0,0,0
133,"NYC-Queens Community District 12--Jamaica, Hollis & St. Albans PUMA",48751,21811,26940,44263,19150,25113,4488,2661,1827,13355,4244,9111,12605,3904,8701,750,340,410,32356,15486,16870,29276,13823,15453,3080,1663,1417,3040,2081,959,2382,1423,959,658,658,0
134,"NYC-Queens Community District 13--Queens Village, Cambria Heights & Rosedale PUMA",44865,22928,21937,42261,21346,20915,2604,1582,1022,15676,6605,9071,14655,5890,8765,1021,715,306,27827,15402,12425,26686,14756,11930,1141,646,495,1362,921,441,920,700,220,442,221,221
135,Monroe County (Central)--Rochester City (West) PUMA,29801,13668,16133,26603,11548,15055,3198,2120,1078,6229,3332,2897,6079,3182,2897,150,150,0,20143,8494,11649,17890,7148,10742,2253,1346,907,3429,1842,1587,2634,1218,1416,795,624,171
136,NYC-Queens Community District 10--Howard Beach & Ozone Park PUMA,24967,12559,12408,23267,11711,11556,1700,848,852,9095,3727,5368,9023,3655,5368,72,72,0,14744,8055,6689,13460,7411,6049,1284,644,640,1128,777,351,784,645,139,344,132,212
137,Suffolk County (Central)--Islip Town (Northwest) PUMA,23721,10853,12868,22677,10108,12569,1044,745,299,4076,1655,2421,4076,1655,2421,0,0,0,17349,7796,9553,16305,7051,9254,1044,745,299,2296,1402,894,2296,1402,894,0,0,0
138,Putnam County PUMA,38880,19528,19352,38351,19050,19301,529,478,51,17405,7579,9826,17354,7579,9775,51,0,51,20584,11348,9236,20106,10870,9236,478,478,0,891,601,290,891,601,290,0,0,0
139,NYC-Queens Community District 2--Sunnyside & Woodside PUMA,30353,15627,14726,28495,14175,14320,1858,1452,406,17571,8481,9090,16750,7889,8861,821,592,229,11313,6106,5207,10549,5374,5175,764,732,32,1469,1040,429,1196,912,284,273,128,145
140,Nassau County (Central)--Hempstead Town (East Central) PUMA,39648,20830,18818,38061,20528,17533,1587,302,1285,24340,11305,13035,23110,11063,12047,1230,242,988,14885,9164,5721,14528,9104,5424,357,60,297,423,361,62,423,361,62,0,0,0
141,Suffolk County (Northwest)--Huntington Town (South) PUMA,37409,19171,18238,36500,18549,17951,909,622,287,20547,10527,10020,20320,10527,9793,227,0,227,15860,8310,7550,15178,7688,7490,682,622,60,1002,334,668,1002,334,668,0,0,0
142,"NYC-Bronx Community District 4--Concourse, Highbridge & Mount Eden PUMA",18681,7104,11577,17038,5990,11048,1643,1114,529,4966,1280,3686,4824,1280,3544,142,0,142,10936,4597,6339,10129,3993,6136,807,604,203,2779,1227,1552,2085,717,1368,694,510,184
143,Nassau County (Central)--Hempstead Town (Northeast) PUMA,39177,19407,19770,37491,18505,18986,1686,902,784,17273,8401,8872,16370,7984,8386,903,417,486,21253,10538,10715,20470,10053,10417,783,485,298,651,468,183,651,468,183,0,0,0
144,NYC-Brooklyn Community District 14--Flatbush & Midwood PUMA,32885,17634,15251,31018,16756,14262,1867,878,989,19406,8992,10414,18696,8791,9905,710,201,509,12656,7986,4670,11737,7471,4266,919,515,404,823,656,167,585,494,91,238,162,76
145,"Rockland County (West)--Spring Valley, Suffern Villages & Monsey PUMA",24609,14285,10324,22984,13076,9908,1625,1209,416,9248,5270,3978,9069,5091,3978,179,179,0,12473,7029,5444,11663,6398,5265,810,631,179,2888,1986,902,2252,1587,665,636,399,237
146,Capital Region,415045,217896,197149,396778,208017,188761,18267,9879,8388,157471,74689,82782,154503,73462,81041,2968,1227,1741,240485,130986,109499,227511,124229,103282,12974,6757,6217,17089,12221,4868,14764,10326,4438,2325,1895,430
147,Central NY,296278,150358,145920,281884,141491,140393,14394,8867,5527,105538,50114,55424,103683,48893,54790,1855,1221,634,175258,91674,83584,165622,85706,79916,9636,5968,3668,15482,8570,6912,12579,6892,5687,2903,1678,1225
148,Finger Lakes,456951,235029,221922,435732,223021,212711,21219,12008,9211,165130,77838,87292,161910,76444,85466,3220,1394,1826,266502,140045,126457,251347,131298,120049,15155,8747,6408,25319,17146,8173,22475,15279,7196,2844,1867,977
149,Long Island,914310,475394,438916,875882,453431,422451,38428,21963,16465,440095,211501,228594,426082,204604,221478,14013,6897,7116,451704,249125,202579,429925,235826,194099,21779,13299,8480,22511,14768,7743,19875,13001,6874,2636,1767,869
150,Mid-Hudson,714462,372357,342105,683844,354828,329016,30618,17529,13089,339052,161771,177281,330215,157621,172594,8837,4150,4687,345293,192179,153114,327010,181328,145682,18283,10851,7432,30117,18407,11710,26619,15879,10740,3498,2528,970
151,Mohawk Valley,178677,92036,86641,168293,85975,82318,10384,6061,4323,47109,20960,26149,45755,20179,25576,1354,781,573,118651,63640,55011,111604,59281,52323,7047,4359,2688,12917,7436,5481,10934,6515,4419,1983,921,1062
152,New York City,1973003,989265,983738,1840353,914719,925634,132650,74546,58104,1069284,504131,565153,1027067,481279,545788,42217,22852,19365,793727,421654,372073,724894,383254,341640,68833,38400,30433,109992,63480,46512,88392,50186,38206,21600,13294,8306
153,North Country,147810,77917,69893,139542,73634,65908,8268,4283,3985,35419,16572,18847,34705,16311,18394,714,261,453,103177,54531,48646,97662,51967,45695,5515,2564,2951,9214,6814,2400,7175,5356,1819,2039,1458,581
154,Southern Tier,228572,118342,110230,216471,110603,105868,12101,7739,4362,75825,34230,41595,73342,32700,40642,2483,1530,953,141804,76970,64834,133998,72493,61505,7806,4477,3329,10943,7142,3801,9131,5410,3721,1812,1732,80
155,Western NY,526673,265976,260697,500664,250489,250175,26009,15487,10522,181600,84149,97451,176725,81571,95154,4875,2578,2297,321333,167043,154290,303891,156322,147569,17442,10721,6721,23740,14784,8956,20048,12596,7452,3692,2188,1504
