,puma,Total_geo,Total_geo_m,Total_geo_f,Total_NP_mf_t,Total_NP_m,Total_NP_f,Total_P_mf_t,Total_P_m,Total_P_f,Total_BABS,Total_BABS_m,Total_BABS_f,BABS_NP_mf_t,BABS_NP_m,BABS_NP_f,BABS_P_mf_t,BABS_P_m,BABS_P_f,Total_HS,Total_HS_m,Total_HS_f,HS_NP_mf_t,HS_NP_m,HS_NP_f,HS_P_mf_t,HS_P_m,HS_P_f,Total_HSINC,Total_HSINC_m,Total_HSINC_f,HSINC_NP_mf_t,HSINC_NP_m,HSINC_NP_f,HSINC_P_mf_t,HSINC_P_m,HSINC_P_f
0,Total Geo,4908757,2659157,2249600,4603830,2507666,2096164,304927,151491,153436,2299072,1136671,1162401,2249785,1112328,1137457,49287,24343,24944,2416023,1390657,1025366,2207458,1291674,915784,208565,98983,109582,193662,131829,61833,146587,103664,42923,47075,28165,18910
1,NYC-Manhattan Community District 7--Upper West Side & West Side PUMA,84119,38699,45420,74373,34210,40163,9746,4489,5257,68535,29341,39194,64714,27577,37137,3821,1764,2057,13835,8671,5164,9156,6455,2701,4679,2216,2463,1749,687,1062,503,178,325,1246,509,737
2,Nassau County (West Central)--Hempstead Town (Northwest) PUMA,45508,23027,22481,42763,22028,20735,2745,999,1746,23479,11139,12340,22605,10701,11904,874,438,436,19425,10529,8896,18025,9988,8037,1400,541,859,2604,1359,1245,2133,1339,794,471,20,451
3,NYC-Brooklyn Community District 2--Brooklyn Heights & Fort Greene PUMA,66492,33337,33155,54909,26635,28274,11583,6702,4881,46300,21827,24473,43593,20288,23305,2707,1539,1168,15971,9501,6470,9891,5816,4075,6080,3685,2395,4221,2009,2212,1425,531,894,2796,1478,1318
4,Madison & Cortland Counties PUMA,57927,29304,28623,47347,24778,22569,10580,4526,6054,15546,7285,8261,14748,6701,8047,798,584,214,39148,19886,19262,30631,16952,13679,8517,2934,5583,3233,2133,1100,1968,1125,843,1265,1008,257
5,Ontario & Yates Counties PUMA,65910,32476,33434,55535,28139,27396,10375,4337,6038,22697,10116,12581,21824,9872,11952,873,244,629,38403,19360,19043,30759,16044,14715,7644,3316,4328,4810,3000,1810,2952,2223,729,1858,777,1081
6,Monroe County (Central)--Greece & Gates Towns PUMA,62760,30870,31890,55098,27729,27369,7662,3141,4521,18559,7855,10704,17072,7504,9568,1487,351,1136,41511,21532,19979,36199,19171,17028,5312,2361,2951,2690,1483,1207,1827,1054,773,863,429,434
7,Nassau County (East Central)--Oyster Bay Town (Central) PUMA,35588,17338,18250,33743,16520,17223,1845,818,1027,18877,8340,10537,18149,8110,10039,728,230,498,15317,8433,6884,14200,7845,6355,1117,588,529,1394,565,829,1394,565,829,0,0,0
8,"Clinton, Franklin, Essex & Hamilton Counties PUMA",81281,41079,40202,63353,32901,30452,17928,8178,9750,15343,6501,8842,14591,6413,8178,752,88,664,58209,29875,28334,44719,23767,20952,13490,6108,7382,7729,4703,3026,4043,2721,1322,3686,1982,1704
9,NYC-Manhattan Community District 8--Upper East Side PUMA,90747,40810,49937,85732,38992,46740,5015,1818,3197,75304,32849,42455,72228,31911,40317,3076,938,2138,15367,7961,7406,13504,7081,6423,1863,880,983,76,0,76,0,0,0,76,0,76
10,Suffolk County (Southwest)--Islip Town (South) PUMA,49559,24987,24572,45106,22638,22468,4453,2349,2104,19704,8797,10907,19560,8653,10907,144,144,0,27974,14749,13225,24876,13491,11385,3098,1258,1840,1881,1441,440,670,494,176,1211,947,264
11,Erie County (Northwest) PUMA,51652,24282,27370,44709,22014,22695,6943,2268,4675,19331,8637,10694,18968,8539,10429,363,98,265,30441,14446,15995,24581,12704,11877,5860,1742,4118,1880,1199,681,1160,771,389,720,428,292
12,"NYC-Queens Community District 8--Briarwood, Fresh Meadows & Hillcrest PUMA",31199,14275,16924,26948,12492,14456,4251,1783,2468,17082,8450,8632,15830,7656,8174,1252,794,458,12296,5257,7039,10088,4439,5649,2208,818,1390,1821,568,1253,1030,397,633,791,171,620
13,NYC-Brooklyn Community District 5--East New York & Starrett City PUMA,39190,17016,22174,24486,11658,12828,14704,5358,9346,7388,3159,4229,6393,2633,3760,995,526,469,26082,12171,13911,16458,8601,7857,9624,3570,6054,5720,1686,4034,1635,424,1211,4085,1262,2823
14,Rockland County (North)--New City & Congers PUMA,37559,17877,19682,35035,17019,18016,2524,858,1666,16778,7718,9060,16333,7431,8902,445,287,158,18179,8851,9328,16403,8391,8012,1776,460,1316,2602,1308,1294,2299,1197,1102,303,111,192
15,"Otsego, Schoharie, Oneida (South) & Herkimer (South) Counties PUMA",53885,26620,27265,44701,22178,22523,9184,4442,4742,12582,5131,7451,11059,4418,6641,1523,713,810,37493,19769,17724,31471,16605,14866,6022,3164,2858,3810,1720,2090,2171,1155,1016,1639,565,1074
16,NYC-Brooklyn Community District 7--Sunset Park & Windsor Terrace PUMA,28604,14437,14167,22865,11681,11184,5739,2756,2983,16256,7140,9116,15399,6670,8729,857,470,387,8434,4681,3753,5826,4049,1777,2608,632,1976,3914,2616,1298,1640,962,678,2274,1654,620
17,NYC-Brooklyn Community District 11--Bensonhurst & Bath Beach PUMA,28916,13275,15641,24309,10842,13467,4607,2433,2174,11440,4029,7411,10295,3327,6968,1145,702,443,15465,8294,7171,12978,7189,5789,2487,1105,1382,2011,952,1059,1036,326,710,975,626,349
18,Tompkins County PUMA,41614,20349,21265,35108,17894,17214,6506,2455,4051,22402,10961,11441,20609,10606,10003,1793,355,1438,17857,8361,9496,13493,6516,6977,4364,1845,2519,1355,1027,328,1006,772,234,349,255,94
19,Dutchess County (Southwest) PUMA,70481,33860,36621,62258,31292,30966,8223,2568,5655,23269,9932,13337,22594,9676,12918,675,256,419,43184,22194,20990,36811,20228,16583,6373,1966,4407,4028,1734,2294,2853,1388,1465,1175,346,829
20,NYC-Queens Community District 9--Richmond Hill & Woodhaven PUMA,32666,15834,16832,26004,13309,12695,6662,2525,4137,11851,5059,6792,10209,4422,5787,1642,637,1005,18360,9073,9287,14120,7573,6547,4240,1500,2740,2455,1702,753,1675,1314,361,780,388,392
21,Westchester County (Northwest) PUMA,52956,26547,26409,46970,24020,22950,5986,2527,3459,28721,13349,15372,27947,13003,14944,774,346,428,22132,11954,10178,18034,10197,7837,4098,1757,2341,2103,1244,859,989,820,169,1114,424,690
22,Albany County (Outside Albany City) PUMA,93103,45716,47387,84073,40977,43096,9030,4739,4291,37270,18790,18480,35324,17855,17469,1946,935,1011,51529,23794,27735,46186,21056,25130,5343,2738,2605,4304,3132,1172,2563,2066,497,1741,1066,675
23,Monroe County (South) PUMA,73859,37025,36834,68504,34172,34332,5355,2853,2502,42153,19909,22244,41134,19366,21768,1019,543,476,29114,15285,13829,25827,13900,11927,3287,1385,1902,2592,1831,761,1543,906,637,1049,925,124
24,Jefferson & Lewis Counties PUMA,66236,34070,32166,52670,28092,24578,13566,5978,7588,13705,5912,7793,12492,5404,7088,1213,508,705,46688,24353,22335,37095,20520,16575,9593,3833,5760,5843,3805,2038,3083,2168,915,2760,1637,1123
25,"Chenango, Delaware & Broome (East) Counties PUMA",53363,27030,26333,39674,20687,18987,13689,6343,7346,10793,4273,6520,9458,3890,5568,1335,383,952,37681,19651,18030,27722,15216,12506,9959,4435,5524,4889,3106,1783,2494,1581,913,2395,1525,870
26,Erie County (Central) PUMA,77920,37002,40918,65686,32079,33607,12234,4923,7311,20219,8070,12149,18699,7421,11278,1520,649,871,54915,27286,27629,44979,23422,21557,9936,3864,6072,2786,1646,1140,2008,1236,772,778,410,368
27,St. Lawrence County PUMA,50351,25333,25018,38845,20340,18505,11506,4993,6513,12459,6335,6124,11594,6112,5482,865,223,642,33751,16670,17081,25151,12950,12201,8600,3720,4880,4141,2328,1813,2100,1278,822,2041,1050,991
28,"NYC-Manhattan Community District 9--Hamilton Heights, Manhattanville & West Harlem PUMA",37291,17690,19601,27778,13816,13962,9513,3874,5639,23300,11808,11492,19551,9653,9898,3749,2155,1594,10887,4397,6490,6999,3175,3824,3888,1222,2666,3104,1485,1619,1228,988,240,1876,497,1379
29,Suffolk County (North Central)--Brookhaven Town (North) PUMA,47120,23803,23317,43585,22230,21355,3535,1573,1962,22361,10375,11986,21992,10213,11779,369,162,207,23412,12731,10681,20977,11498,9479,2435,1233,1202,1347,697,650,616,519,97,731,178,553
30,NYC-Brooklyn Community District 1--Greenpoint & Williamsburg PUMA,67538,36058,31480,51895,28431,23464,15643,7627,8016,38229,19733,18496,36061,19154,16907,2168,579,1589,25002,13539,11463,14381,8309,6072,10621,5230,5391,4307,2786,1521,1453,968,485,2854,1818,1036
31,Cayuga & Onondaga (South) Counties PUMA,55752,27783,27969,48630,25020,23610,7122,2763,4359,17078,6882,10196,15994,6739,9255,1084,143,941,35266,18935,16331,30607,16892,13715,4659,2043,2616,3408,1966,1442,2029,1389,640,1379,577,802
32,Nassau County (Southeast)--Oyster Bay Town (South) PUMA,52447,27007,25440,50373,26181,24192,2074,826,1248,23870,10738,13132,23177,10374,12803,693,364,329,28174,16088,12086,27024,15807,11217,1150,281,869,403,181,222,172,0,172,231,181,50
33,Fulton & Montgomery Counties PUMA,52547,26253,26294,39177,20624,18553,13370,5629,7741,8775,3632,5143,7731,3099,4632,1044,533,511,37049,19639,17410,28027,15568,12459,9022,4071,4951,6723,2982,3741,3419,1957,1462,3304,1025,2279
34,Onondaga County (Central)--Syracuse City (Outer) PUMA,78931,37683,41248,70303,33973,36330,8628,3710,4918,33979,16261,17718,31999,15375,16624,1980,886,1094,42603,20353,22250,36895,18143,18752,5708,2210,3498,2349,1069,1280,1409,455,954,940,614,326
35,NYC-Staten Island Community District 2--New Springville & South Beach PUMA,47974,23880,24094,42128,20922,21206,5846,2958,2888,15740,6607,9133,15065,6607,8458,675,0,675,28240,15122,13118,24220,12819,11401,4020,2303,1717,3994,2151,1843,2843,1496,1347,1151,655,496
36,Niagara County (Southwest)--Greater Niagara Falls & North Tonawanda Area PUMA,53629,26122,27507,38908,20564,18344,14721,5558,9163,8792,3539,5253,7920,3217,4703,872,322,550,39979,20423,19556,29152,16416,12736,10827,4007,6820,4858,2160,2698,1836,931,905,3022,1229,1793
37,Suffolk County (Central)--Brookhaven Town (Central) PUMA,52829,27925,24904,48712,26523,22189,4117,1402,2715,17987,9133,8854,17472,8891,8581,515,242,273,32511,16947,15564,29583,16153,13430,2928,794,2134,2331,1845,486,1657,1479,178,674,366,308
38,"NYC-Bronx Community District 7--Bedford Park, Fordham North & Norwood PUMA",31058,14665,16393,18378,10165,8213,12680,4500,8180,5544,1992,3552,4858,1992,2866,686,0,686,18088,8487,9601,10638,6059,4579,7450,2428,5022,7426,4186,3240,2882,2114,768,4544,2072,2472
39,NYC-Queens Community District 4--Elmhurst & South Corona PUMA,11603,5705,5898,8219,4905,3314,3384,800,2584,4161,2216,1945,3480,2020,1460,681,196,485,5460,2546,2914,3426,1960,1466,2034,586,1448,1982,943,1039,1313,925,388,669,18,651
40,"NYC-Brooklyn Community District 6--Park Slope, Carroll Gardens & Red Hook PUMA",61236,29801,31435,56263,28606,27657,4973,1195,3778,50105,24091,26014,48799,23614,25185,1306,477,829,9282,4899,4383,6177,4193,1984,3105,706,2399,1849,811,1038,1287,799,488,562,12,550
41,Suffolk County (Central)--Islip Town (East) PUMA,48817,23382,25435,47589,22701,24888,1228,681,547,20134,8910,11224,19858,8871,10987,276,39,237,27502,13659,13843,26587,13054,13533,915,605,310,1181,813,368,1144,776,368,37,37,0
42,"NYC-Brooklyn Community District 9--Crown Heights South, Prospect Lefferts & Wingate PUMA",27271,12853,14418,20949,10258,10691,6322,2595,3727,12407,6024,6383,10600,5002,5598,1807,1022,785,12841,5573,7268,9522,4564,4958,3319,1009,2310,2023,1256,767,827,692,135,1196,564,632
43,"NYC-Queens Community District 7--Flushing, Murray Hill & Whitestone PUMA",39356,20484,18872,32871,17205,15666,6485,3279,3206,17597,8159,9438,15855,7615,8240,1742,544,1198,19838,11165,8673,16219,9082,7137,3619,2083,1536,1921,1160,761,797,508,289,1124,652,472
44,NYC-Queens Community District 3--Jackson Heights & North Corona PUMA,21805,12354,9451,18833,11212,7621,2972,1142,1830,9804,6175,3629,9232,5685,3547,572,490,82,9576,4539,5037,7907,4129,3778,1669,410,1259,2425,1640,785,1694,1398,296,731,242,489
45,Saratoga County (Outer) PUMA,60452,29935,30517,55320,27580,27740,5132,2355,2777,21326,9631,11695,19978,9443,10535,1348,188,1160,37236,18831,18405,34119,17244,16875,3117,1587,1530,1890,1473,417,1223,893,330,667,580,87
46,"NYC-Bronx Community District 12--Wakefield, Williamsbridge & Woodlawn PUMA",32624,14238,18386,23051,10759,12292,9573,3479,6094,7571,3156,4415,6808,2848,3960,763,308,455,21224,9033,12191,14762,7198,7564,6462,1835,4627,3829,2049,1780,1481,713,768,2348,1336,1012
47,"NYC-Brooklyn Community District 15--Sheepshead Bay, Gerritsen Beach & Homecrest PUMA",25728,12244,13484,21635,10528,11107,4093,1716,2377,10690,4674,6016,10315,4375,5940,375,299,76,13546,6820,6726,10668,5654,5014,2878,1166,1712,1492,750,742,652,499,153,840,251,589
48,Wayne & Seneca Counties PUMA,63060,30666,32394,51136,25611,25525,11924,5055,6869,12992,5820,7172,11998,5288,6710,994,532,462,44948,22104,22844,37035,18856,18179,7913,3248,4665,5120,2742,2378,2103,1467,636,3017,1275,1742
49,Schenectady County--Schenectady City PUMA,69553,34874,34679,57967,29859,28108,11586,5015,6571,25162,11725,13437,24049,11225,12824,1113,500,613,39630,19870,19760,31267,16740,14527,8363,3130,5233,4761,3279,1482,2651,1894,757,2110,1385,725
50,NYC-Brooklyn Community District 10--Bay Ridge & Dyker Heights PUMA,33978,17690,16288,30282,15411,14871,3696,2279,1417,20021,9347,10674,19253,8969,10284,768,378,390,12398,7546,4852,10025,5848,4177,2373,1698,675,1559,797,762,1004,594,410,555,203,352
51,Nassau County (Northwest)--North Hempstead Town (North) PUMA,34830,17072,17758,32712,15995,16717,2118,1077,1041,26107,12456,13651,24946,11907,13039,1161,549,612,8340,4331,4009,7608,3944,3664,732,387,345,383,285,98,158,144,14,225,141,84
52,Suffolk County (West Central)--Babylon Town (Northwest) PUMA,44246,23094,21152,37501,19589,17912,6745,3505,3240,15117,6879,8238,13647,6550,7097,1470,329,1141,27030,14900,12130,22292,12081,10211,4738,2819,1919,2099,1315,784,1562,958,604,537,357,180
53,"NYC-Manhattan Community District 4 & 5--Chelsea, Clinton & Midtown Business District PUMA",79678,46310,33368,70082,41066,29016,9596,5244,4352,65979,38496,27483,61721,35289,26432,4258,3207,1051,11788,7052,4736,7684,5356,2328,4104,1696,2408,1911,762,1149,677,421,256,1234,341,893
54,Columbia & Greene Counties PUMA,51608,25056,26552,39185,19679,19506,12423,5377,7046,15463,6716,8747,13881,6436,7445,1582,280,1302,33297,16682,16615,24026,12539,11487,9271,4143,5128,2848,1658,1190,1278,704,574,1570,954,616
55,Rensselaer County--Troy City PUMA,81291,39362,41929,72002,34900,37102,9289,4462,4827,24954,10451,14503,23757,9848,13909,1197,603,594,51228,25544,25684,44727,22324,22403,6501,3220,3281,5109,3367,1742,3518,2728,790,1591,639,952
56,Erie County (West Central)--Buffalo City (West) PUMA,52808,27352,25456,35437,18992,16445,17371,8360,9011,20763,10206,10557,17872,8830,9042,2891,1376,1515,26997,14233,12764,16171,9207,6964,10826,5026,5800,5048,2913,2135,1394,955,439,3654,1958,1696
57,Erie County (South) PUMA,88785,44644,44141,81747,40564,41183,7038,4080,2958,30939,14021,16918,30497,13767,16730,442,254,188,54235,28451,25784,48429,25091,23338,5806,3360,2446,3611,2172,1439,2821,1706,1115,790,466,324
58,Oneida County (Central)--Greater Utica & Rome Cities PUMA,67969,33603,34366,50081,25973,24108,17888,7630,10258,18899,8938,9961,16620,7889,8731,2279,1049,1230,42815,21067,21748,31387,16491,14896,11428,4576,6852,6255,3598,2657,2074,1593,481,4181,2005,2176
59,"NYC-Manhattan Community District 12--Washington Heights, Inwood & Marble Hill PUMA",65786,32286,33500,51806,26781,25025,13980,5505,8475,36024,16739,19285,31433,15271,16162,4591,1468,3123,23534,12821,10713,18403,9954,8449,5131,2867,2264,6228,2726,3502,1970,1556,414,4258,1170,3088
60,NYC-Brooklyn Community District 13--Brighton Beach & Coney Island PUMA,21164,10087,11077,14471,6886,7585,6693,3201,3492,6764,2415,4349,5153,1521,3632,1611,894,717,9367,4398,4969,7072,3557,3515,2295,841,1454,5033,3274,1759,2246,1808,438,2787,1466,1321
61,NYC-Manhattan Community District 10--Central Harlem PUMA,57580,25716,31864,41110,18787,22323,16470,6929,9541,23625,10047,13578,20362,8855,11507,3263,1192,2071,27046,12241,14805,17334,7880,9454,9712,4361,5351,6909,3428,3481,3414,2052,1362,3495,1376,2119
62,Nassau County (West Central)--North Hempstead Town (South) PUMA,36909,18040,18869,34507,17302,17205,2402,738,1664,20368,9458,10910,19988,9383,10605,380,75,305,15718,8312,7406,14000,7649,6351,1718,663,1055,823,270,553,519,270,249,304,0,304
63,NYC-Brooklyn Community District 16--Brownsville & Ocean Hill PUMA,39805,19151,20654,20860,10694,10166,18945,8457,10488,5954,2821,3133,5279,2411,2868,675,410,265,26082,11597,14485,13247,7122,6125,12835,4475,8360,7769,4733,3036,2334,1161,1173,5435,3572,1863
64,Albany County (East Central)--Albany City PUMA,44789,22994,21795,30966,15615,15351,13823,7379,6444,15584,7623,7961,13976,6472,7504,1608,1151,457,24334,12085,12249,15593,8391,7202,8741,3694,5047,4871,3286,1585,1397,752,645,3474,2534,940
65,Nassau County (West Central)--Hempstead Town (West Central) PUMA,34130,18882,15248,32256,18135,14121,1874,747,1127,17409,9149,8260,17063,9032,8031,346,117,229,15980,9346,6634,14920,8830,6090,1060,516,544,741,387,354,273,273,0,468,114,354
66,Chemung (South) & Steuben (East) Counties--Greater Elmira & Greater Corning Cities PUMA,49743,24000,25743,39829,19539,20290,9914,4461,5453,13754,5231,8523,13095,5068,8027,659,163,496,32750,16588,16162,25366,13428,11938,7384,3160,4224,3239,2181,1058,1368,1043,325,1871,1138,733
67,"NYC-Bronx Community District 3 & 6--Belmont, Crotona Park East & East Tremont PUMA",48617,20153,28464,22155,10633,11522,26462,9520,16942,6376,2389,3987,4750,1945,2805,1626,444,1182,28161,10975,17186,13403,6147,7256,14758,4828,9930,14080,6789,7291,4002,2541,1461,10078,4248,5830
68,"NYC-Bronx Community District 5--Morris Heights, Fordham South & Mount Hope PUMA",29274,13593,15681,15315,7481,7834,13959,6112,7847,5475,1702,3773,4762,1702,3060,713,0,713,16222,7275,8947,8597,4454,4143,7625,2821,4804,7577,4616,2961,1956,1325,631,5621,3291,2330
69,"NYC-Bronx Community District 8--Riverdale, Fieldston & Kingsbridge PUMA",32203,15270,16933,26888,13457,13431,5315,1813,3502,15576,7294,8282,14998,7095,7903,578,199,379,13739,6457,7282,10571,5540,5031,3168,917,2251,2888,1519,1369,1319,822,497,1569,697,872
70,Erie County (Northeast) PUMA,54209,26940,27269,49943,25197,24746,4266,1743,2523,23710,10543,13167,22327,9857,12470,1383,686,697,28866,15091,13775,26328,14171,12157,2538,920,1618,1633,1306,327,1288,1169,119,345,137,208
71,NYC-Manhattan Community District 11--East Harlem PUMA,48339,20523,27816,30809,13973,16836,17530,6550,10980,18387,8099,10288,16423,7427,8996,1964,672,1292,21416,9211,12205,12162,5712,6450,9254,3499,5755,8536,3213,5323,2224,834,1390,6312,2379,3933
72,Orange County (Southeast) PUMA,51433,26947,24486,45183,23364,21819,6250,3583,2667,18559,9007,9552,18225,8769,9456,334,238,96,29680,16409,13271,25708,13931,11777,3972,2478,1494,3194,1531,1663,1250,664,586,1944,867,1077
73,Westchester County (Southeast) PUMA,36030,17885,18145,33029,16906,16123,3001,979,2022,24894,11805,13089,23532,11463,12069,1362,342,1020,10044,5126,4918,8595,4541,4054,1449,585,864,1092,954,138,902,902,0,190,52,138
74,NYC-Queens Community District 1--Astoria & Long Island City PUMA,59242,30404,28838,50169,26865,23304,9073,3539,5534,37220,19416,17804,34403,17931,16472,2817,1485,1332,18740,9521,9219,13950,7571,6379,4790,1950,2840,3282,1467,1815,1816,1363,453,1466,104,1362
75,Livingston & Wyoming Counties PUMA,48825,24279,24546,39573,20001,19572,9252,4278,4974,9937,3984,5953,9278,3744,5534,659,240,419,34551,17798,16753,27692,14590,13102,6859,3208,3651,4337,2497,1840,2603,1667,936,1734,830,904
76,Suffolk County (Central)--Brookhaven Town (West Central) PUMA,59564,30139,29425,53427,26650,26777,6137,3489,2648,16479,6507,9972,15850,5986,9864,629,521,108,40682,22150,18532,36468,20260,16208,4214,1890,2324,2403,1482,921,1109,404,705,1294,1078,216
77,Westchester County (Southwest)--Yonkers City PUMA,61701,27180,34521,47746,22836,24910,13955,4344,9611,24695,9700,14995,21748,8574,13174,2947,1126,1821,30768,15074,15694,23437,12646,10791,7331,2428,4903,6238,2406,3832,2561,1616,945,3677,790,2887
78,Erie County (North Central) PUMA,50240,23306,26934,45757,22067,23690,4483,1239,3244,29797,14123,15674,28409,13617,14792,1388,506,882,19922,9013,10909,17129,8382,8747,2793,631,2162,521,170,351,219,68,151,302,102,200
79,Saratoga County (South & Central) PUMA,55139,27084,28055,48596,24948,23648,6543,2136,4407,25024,11637,13387,24007,11553,12454,1017,84,933,27947,14427,13520,23863,13077,10786,4084,1350,2734,2168,1020,1148,726,318,408,1442,702,740
80,Suffolk County (South Central)--Brookhaven Town (South) PUMA,56541,25735,30806,50853,22969,27884,5688,2766,2922,16033,5823,10210,15863,5724,10139,170,99,71,35236,17098,18138,31293,15398,15895,3943,1700,2243,5272,2814,2458,3697,1847,1850,1575,967,608
81,"NYC-Staten Island Community District 3--Tottenville, Great Kills & Annadale PUMA",71538,33268,38270,64455,30605,33850,7083,2663,4420,24372,11150,13222,23826,10985,12841,546,165,381,45191,20722,24469,39570,18785,20785,5621,1937,3684,1975,1396,579,1059,835,224,916,561,355
82,Herkimer (North & Central) & Oneida (Outer) Counties PUMA,58338,29589,28749,48714,25276,23438,9624,4313,5311,13572,5698,7874,13037,5424,7613,535,274,261,39646,20885,18761,32430,17834,14596,7216,3051,4165,5120,3006,2114,3247,2018,1229,1873,988,885
83,Niagara County (North & East) PUMA,54823,26897,27926,45347,22562,22785,9476,4335,5141,14201,6012,8189,13483,5481,8002,718,531,187,36715,19029,17686,28826,15654,13172,7889,3375,4514,3907,1856,2051,3038,1427,1611,869,429,440
84,Monroe County (Central)--Rochester City (East) PUMA,49704,23468,26236,32264,17405,14859,17440,6063,11377,13133,6077,7056,11858,5662,6196,1275,415,860,29465,13234,16231,17308,9597,7711,12157,3637,8520,7106,4157,2949,3098,2146,952,4008,2011,1997
85,Warren & Washington Counties PUMA,63596,31953,31643,50108,25876,24232,13488,6077,7411,14884,5105,9779,13741,4628,9113,1143,477,666,43319,22890,20429,34176,19524,14652,9143,3366,5777,5393,3958,1435,2191,1724,467,3202,2234,968
86,Nassau County (Southwest)--Hempstead Town (Southwest) & Long Beach City PUMA,38842,18207,20635,35055,17146,17909,3787,1061,2726,22432,10115,12317,20840,9592,11248,1592,523,1069,15806,7828,7978,13765,7290,6475,2041,538,1503,604,264,340,450,264,186,154,0,154
87,NYC-Brooklyn Community District 8--Crown Heights North & Prospect Heights PUMA,51053,23111,27942,38748,18544,20204,12305,4567,7738,25487,11710,13777,23218,10917,12301,2269,793,1476,21703,9542,12161,14081,6892,7189,7622,2650,4972,3863,1859,2004,1449,735,714,2414,1124,1290
88,Onondaga County (Central)--Syracuse City PUMA,57699,27894,29805,40897,20476,20421,16802,7418,9384,18174,8793,9381,15693,7488,8205,2481,1305,1176,30635,15042,15593,20728,10773,9955,9907,4269,5638,8890,4059,4831,4476,2215,2261,4414,1844,2570
89,Westchester County (Central)--White Plains City PUMA,61410,29717,31693,57966,28119,29847,3444,1598,1846,43252,19497,23755,41453,18526,22927,1799,971,828,17018,9633,7385,15762,9185,6577,1256,448,808,1140,587,553,751,408,343,389,179,210
90,NYC-Brooklyn Community District 3--Bedford-Stuyvesant PUMA,56982,27981,29001,36306,18015,18291,20676,9966,10710,18648,8224,10424,15583,7123,8460,3065,1101,1964,31123,15815,15308,18064,9685,8379,13059,6130,6929,7211,3942,3269,2659,1207,1452,4552,2735,1817
91,"NYC-Bronx Community District 1 & 2--Hunts Point, Longwood & Melrose PUMA",41412,18013,23399,20042,9639,10403,21370,8374,12996,5189,1651,3538,4087,1010,3077,1102,641,461,24320,10889,13431,12304,6840,5464,12016,4049,7967,11903,5473,6430,3651,1789,1862,8252,3684,4568
92,Cattaraugus & Allegany Counties PUMA,59611,29463,30148,42983,21281,21702,16628,8182,8446,11069,4709,6360,10022,4239,5783,1047,470,577,41679,21165,20514,30584,15762,14822,11095,5403,5692,6863,3589,3274,2377,1280,1097,4486,2309,2177
93,Oswego County PUMA,61199,30869,30330,49288,24857,24431,11911,6012,5899,9174,4147,5027,8500,3956,4544,674,191,483,44915,22399,22516,37048,18460,18588,7867,3939,3928,7110,4323,2787,3740,2441,1299,3370,1882,1488
94,"NYC-Queens Community District 5--Ridgewood, Glendale & Middle Village PUMA",49198,24638,24560,40956,20974,19982,8242,3664,4578,14821,7096,7725,13965,6592,7373,856,504,352,30289,16182,14107,24792,13334,11458,5497,2848,2649,4088,1360,2728,2199,1048,1151,1889,312,1577
95,Monroe County (East) PUMA,63196,30374,32822,57529,27922,29607,5667,2452,3215,28658,13243,15415,27676,12768,14908,982,475,507,31746,15418,16328,27572,13911,13661,4174,1507,2667,2792,1713,1079,2281,1243,1038,511,470,41
96,Westchester County (South Central)--New Rochelle & Mount Vernon Cities PUMA,59839,27674,32165,52100,24534,27566,7739,3140,4599,31937,13511,18426,31001,13067,17934,936,444,492,23303,11340,11963,17990,9582,8408,5313,1758,3555,4599,2823,1776,3109,1885,1224,1490,938,552
97,"NYC-Queens Community District 14--Far Rockaway, Breezy Point & Broad Channel PUMA",35685,16146,19539,25707,12467,13240,9978,3679,6299,13002,6570,6432,11835,6164,5671,1167,406,761,18713,8043,10670,11818,5578,6240,6895,2465,4430,3970,1533,2437,2054,725,1329,1916,808,1108
98,"NYC-Brooklyn Community District 12--Borough Park, Kensington & Ocean Parkway PUMA",39767,22066,17701,24652,14073,10579,15115,7993,7122,11559,6891,4668,8949,5316,3633,2610,1575,1035,21754,11056,10698,12752,6613,6139,9002,4443,4559,6454,4119,2335,2951,2144,807,3503,1975,1528
99,"NYC-Bronx Community District 10--Co-op City, Pelham Bay & Schuylerville PUMA",46988,24398,22590,40213,20572,19641,6775,3826,2949,14620,6498,8122,13618,6075,7543,1002,423,579,28643,16037,12606,23935,13186,10749,4708,2851,1857,3725,1863,1862,2660,1311,1349,1065,552,513
100,"NYC-Queens Community District 11--Bayside, Douglaston & Little Neck PUMA",27593,14643,12950,25690,13909,11781,1903,734,1169,15683,7253,8430,15086,6879,8207,597,374,223,11063,6581,4482,9839,6303,3536,1224,278,946,847,809,38,765,727,38,82,82,0
101,"NYC-Manhattan Community District 6--Murray Hill, Gramercy & Stuyvesant Town PUMA",66940,30786,36154,61099,27416,33683,5841,3370,2471,61126,26504,34622,57616,24892,32724,3510,1612,1898,5357,3960,1397,3285,2448,837,2072,1512,560,457,322,135,198,76,122,259,246,13
102,Chautauqua County PUMA,63398,31648,31750,47467,23904,23563,15931,7744,8187,13813,6253,7560,12580,5725,6855,1233,528,705,43139,21522,21617,31721,16101,15620,11418,5421,5997,6446,3873,2573,3166,2078,1088,3280,1795,1485
103,NYC-Brooklyn Community District 18--Canarsie & Flatlands PUMA,50254,22143,28111,42447,18643,23804,7807,3500,4307,18278,6669,11609,17424,6069,11355,854,600,254,28775,13619,15156,23215,11445,11770,5560,2174,3386,3201,1855,1346,1808,1129,679,1393,726,667
104,Erie County (West Central)--Buffalo City (East) PUMA,65865,30339,35526,40997,20485,20512,24868,9854,15014,10753,4522,6231,9873,4217,5656,880,305,575,45217,22103,23114,27838,14444,13394,17379,7659,9720,9895,3714,6181,3286,1824,1462,6609,1890,4719
105,Genesee & Orleans Counties PUMA,49989,26121,23868,41735,22408,19327,8254,3713,4541,10755,4683,6072,10200,4579,5621,555,104,451,35127,19000,16127,29360,16364,12996,5767,2636,3131,4107,2438,1669,2175,1465,710,1932,973,959
106,"NYC-Staten Island Community District 1--Port Richmond, Stapleton & Mariner's Harbor PUMA",57305,26913,30392,44889,21317,23572,12416,5596,6820,20101,8541,11560,18945,8210,10735,1156,331,825,31829,15892,15937,24243,12535,11708,7586,3357,4229,5375,2480,2895,1701,572,1129,3674,1908,1766
107,"Steuben (North & West), Schuyler & Chemung (North) Counties PUMA",51743,25845,25898,38123,19574,18549,13620,6271,7349,12074,4838,7236,10796,4281,6515,1278,557,721,35627,19083,16544,25239,14043,11196,10388,5040,5348,4042,1924,2118,2088,1250,838,1954,674,1280
108,Nassau County (South Central)--Hempstead Town (Southeast) PUMA,40484,20264,20220,37743,18938,18805,2741,1326,1415,20529,8829,11700,19431,8257,11174,1098,572,526,19242,11071,8171,17812,10466,7346,1430,605,825,713,364,349,500,215,285,213,149,64
109,"NYC-Bronx Community District 9--Castle Hill, Clason Point & Parkchester PUMA",49980,21925,28055,35774,16783,18991,14206,5142,9064,9405,3261,6144,8620,2794,5826,785,467,318,30315,13741,16574,22815,11664,11151,7500,2077,5423,10260,4923,5337,4339,2325,2014,5921,2598,3323
110,Suffolk County (East) PUMA,52620,26436,26184,45934,23578,22356,6686,2858,3828,21488,9901,11587,20571,9554,11017,917,347,570,30137,15639,14498,24825,13525,11300,5312,2114,3198,995,896,99,538,499,39,457,397,60
111,Orange County (Northwest) PUMA,56063,26985,29078,47200,23660,23540,8863,3325,5538,16309,6505,9804,15168,6150,9018,1141,355,786,34614,18016,16598,29356,15828,13528,5258,2188,3070,5140,2464,2676,2676,1682,994,2464,782,1682
112,Broome County (West Central)--Greater Binghamton City & Greater Johnson City Village PUMA,51137,24877,26260,36745,18214,18531,14392,6663,7729,15755,7716,8039,14004,6498,7506,1751,1218,533,31375,15240,16135,21290,10849,10441,10085,4391,5694,4007,1921,2086,1451,867,584,2556,1054,1502
113,"NYC-Bronx Community District 11--Pelham Parkway, Morris Park & Laconia PUMA",42241,19557,22684,30971,15214,15757,11270,4343,6927,11587,4138,7449,10658,3590,7068,929,548,381,24206,12009,12197,16723,9299,7424,7483,2710,4773,6448,3410,3038,3590,2325,1265,2858,1085,1773
114,Suffolk County (Northwest)--Smithtown Town PUMA,54411,27280,27131,52334,26511,25823,2077,769,1308,27860,12849,15011,26735,12465,14270,1125,384,741,26115,14200,11915,25262,13824,11438,853,376,477,436,231,205,337,222,115,99,9,90
115,Ulster County (East) PUMA,71855,35112,36743,60148,29422,30726,11707,5690,6017,23584,10344,13240,20830,9103,11727,2754,1241,1513,44769,22678,22091,36549,18664,17885,8220,4014,4206,3502,2090,1412,2769,1655,1114,733,435,298
116,Westchester County (Northeast) PUMA,57262,27849,29413,54100,26320,27780,3162,1529,1633,39048,18509,20539,38033,17913,20120,1015,596,419,17370,8868,8502,15823,8163,7660,1547,705,842,844,472,372,244,244,0,600,228,372
117,NYC-Brooklyn Community District 4--Bushwick PUMA,45744,26485,19259,34428,20358,14070,11316,6127,5189,17370,8897,8473,15285,7916,7369,2085,981,1104,21765,13702,8063,16111,10374,5737,5654,3328,2326,6609,3886,2723,3032,2068,964,3577,1818,1759
118,NYC-Manhattan Community District 3--Chinatown & Lower East Side PUMA,60266,32780,27486,45265,25175,20090,15001,7605,7396,36245,19824,16421,33347,18368,14979,2898,1456,1442,19906,11078,8828,11351,6319,5032,8555,4759,3796,4115,1878,2237,567,488,79,3548,1390,2158
119,Dutchess County (North & East) PUMA,57924,29130,28794,53182,26825,26357,4742,2305,2437,23158,10599,12559,22772,10472,12300,386,127,259,31064,16481,14583,28161,15200,12961,2903,1281,1622,3702,2050,1652,2249,1153,1096,1453,897,556
120,Nassau County (Central)--Hempstead Town (North Central)--Meadowbrook Corridor PUMA,35199,14655,20544,30786,13028,17758,4413,1627,2786,11823,4339,7484,11131,4209,6922,692,130,562,21241,9282,11959,17964,7805,10159,3277,1477,1800,2135,1034,1101,1691,1014,677,444,20,424
121,Broome (Outer West) & Tioga Counties PUMA,53541,27338,26203,46023,24088,21935,7518,3250,4268,13953,6511,7442,13507,6237,7270,446,274,172,35465,18635,16830,30203,16560,13643,5262,2075,3187,4123,2192,1931,2313,1291,1022,1810,901,909
122,"Rockland County (South)--Orangetown, Clarkstown (South) & Ramapo (Southeast) Towns PUMA",38165,20053,18112,35086,18570,16516,3079,1483,1596,17623,8398,9225,17168,8142,9026,455,256,199,20017,11357,8660,17664,10285,7379,2353,1072,1281,525,298,227,254,143,111,271,155,116
123,"NYC-Brooklyn Community District 17--East Flatbush, Farragut & Rugby PUMA",25951,12302,13649,20393,9622,10771,5558,2680,2878,6512,2018,4494,6034,2018,4016,478,0,478,16514,8226,8288,13227,7057,6170,3287,1169,2118,2925,2058,867,1132,547,585,1793,1511,282
124,Orange County (Northeast)--Greater Newburgh City PUMA,55534,26686,28848,50341,25158,25183,5193,1528,3665,16632,7422,9210,16113,7314,8799,519,108,411,35527,17638,17889,31748,16429,15319,3779,1209,2570,3375,1626,1749,2480,1415,1065,895,211,684
125,"NYC-Manhattan Community District 1 & 2--Battery Park City, Greenwich Village & Soho PUMA",72864,37326,35538,67714,35299,32415,5150,2027,3123,64560,31771,32789,61261,30870,30391,3299,901,2398,7475,4814,2661,6177,4153,2024,1298,661,637,829,741,88,276,276,0,553,465,88
126,NYC-Queens Community District 6--Forest Hills & Rego Park PUMA,28703,14865,13838,26665,14042,12623,2038,823,1215,20012,9568,10444,19453,9168,10285,559,400,159,7942,4917,3025,6723,4588,2135,1219,329,890,749,380,369,489,286,203,260,94,166
127,Onondaga County (North) PUMA,63777,31227,32550,56001,27429,28572,7776,3798,3978,25730,11858,13872,24721,11426,13295,1009,432,577,35562,17604,17958,30124,15318,14806,5438,2286,3152,2485,1765,720,1156,685,471,1329,1080,249
128,Nassau County (Northeast)--Oyster Bay Town (North) & Glen Cove City PUMA,43653,21291,22362,39857,19760,20097,3796,1531,2265,27958,13261,14697,26240,12763,13477,1718,498,1220,14562,7467,7095,12719,6508,6211,1843,959,884,1133,563,570,898,489,409,235,74,161
129,Monroe County (North & West) PUMA,52209,24832,27377,48364,23438,24926,3845,1394,2451,19795,8977,10818,18924,8689,10235,871,288,583,30402,14451,15951,27617,13534,14083,2785,917,1868,2012,1404,608,1823,1215,608,189,189,0
130,Sullivan & Ulster (West) Counties PUMA,48616,24218,24398,38054,18785,19269,10562,5433,5129,13987,5307,8680,12641,4506,8135,1346,801,545,29713,16474,13239,23154,13261,9893,6559,3213,3346,4916,2437,2479,2259,1018,1241,2657,1419,1238
131,Suffolk County (Southwest)--Babylon Town (Southeast) PUMA,43508,20540,22968,38981,18772,20209,4527,1768,2759,15927,6052,9875,15223,5915,9308,704,137,567,25254,13220,12034,21950,11854,10096,3304,1366,1938,2327,1268,1059,1808,1003,805,519,265,254
132,Suffolk County (Northwest)--Huntington Town (North) PUMA,41970,20038,21932,38649,18876,19773,3321,1162,2159,25518,11647,13871,23918,11293,12625,1600,354,1246,15764,8029,7735,14079,7221,6858,1685,808,877,688,362,326,652,362,290,36,0,36
133,"NYC-Queens Community District 12--Jamaica, Hollis & St. Albans PUMA",62512,29412,33100,51238,24044,27194,11274,5368,5906,14892,5109,9783,13870,4685,9185,1022,424,598,41076,19861,21215,34119,17102,17017,6957,2759,4198,6544,4442,2102,3249,2257,992,3295,2185,1110
134,"NYC-Queens Community District 13--Queens Village, Cambria Heights & Rosedale PUMA",55285,27251,28034,49675,24213,25462,5610,3038,2572,17690,7207,10483,17008,6710,10298,682,497,185,33998,17700,16298,30710,16165,14545,3288,1535,1753,3597,2344,1253,1957,1338,619,1640,1006,634
135,Monroe County (Central)--Rochester City (West) PUMA,45368,20804,24564,25093,11790,13303,20275,9014,11261,7868,3899,3969,6388,3256,3132,1480,643,837,29579,12688,16891,16501,7162,9339,13078,5526,7552,7921,4217,3704,2204,1372,832,5717,2845,2872
136,NYC-Queens Community District 10--Howard Beach & Ozone Park PUMA,31640,16322,15318,28044,14227,13817,3596,2095,1501,10140,4368,5772,9649,4088,5561,491,280,211,19567,10687,8880,16917,9167,7750,2650,1520,1130,1933,1267,666,1478,972,506,455,295,160
137,Suffolk County (Central)--Islip Town (Northwest) PUMA,33388,15754,17634,29665,14722,14943,3723,1032,2691,5380,1949,3431,5220,1949,3271,160,0,160,23094,10638,12456,20540,9933,10607,2554,705,1849,4914,3167,1747,3905,2840,1065,1009,327,682
138,Putnam County PUMA,47678,23719,23959,42679,21818,20861,4999,1901,3098,19854,8313,11541,19176,8045,11131,678,268,410,26029,14165,11864,22253,12973,9280,3776,1192,2584,1795,1241,554,1250,800,450,545,441,104
139,NYC-Queens Community District 2--Sunnyside & Woodside PUMA,33833,17310,16523,30611,15665,14946,3222,1645,1577,18694,8975,9719,17827,8645,9182,867,330,537,13164,7123,6041,11501,6207,5294,1663,916,747,1975,1212,763,1283,813,470,692,399,293
140,Nassau County (Central)--Hempstead Town (East Central) PUMA,47474,23684,23790,46059,23138,22921,1415,546,869,27790,12219,15571,27497,12104,15393,293,115,178,18970,11009,7961,17891,10616,7275,1079,393,686,714,456,258,671,418,253,43,38,5
141,Suffolk County (Northwest)--Huntington Town (South) PUMA,44755,21357,23398,42281,20352,21929,2474,1005,1469,23330,11304,12026,22686,11304,11382,644,0,644,19986,9520,10466,18622,8808,9814,1364,712,652,1439,533,906,973,240,733,466,293,173
142,"NYC-Bronx Community District 4--Concourse, Highbridge & Mount Eden PUMA",28647,12555,16092,17006,7583,9423,11641,4972,6669,5703,1730,3973,4549,1185,3364,1154,545,609,15730,6914,8816,9270,4449,4821,6460,2465,3995,7214,3911,3303,3187,1949,1238,4027,1962,2065
143,Nassau County (Central)--Hempstead Town (Northeast) PUMA,46089,22399,23690,43829,21109,22720,2260,1290,970,18551,8993,9558,18129,8802,9327,422,191,231,26136,12380,13756,24391,11374,13017,1745,1006,739,1402,1026,376,1309,933,376,93,93,0
144,NYC-Brooklyn Community District 14--Flatbush & Midwood PUMA,41246,20574,20672,32948,16942,16006,8298,3632,4666,21333,9280,12053,19255,8533,10722,2078,747,1331,18428,10338,8090,12624,7869,4755,5804,2469,3335,1485,956,529,1069,540,529,416,416,0
145,"Rockland County (West)--Spring Valley, Suffern Villages & Monsey PUMA",31329,15550,15779,21726,10572,11154,9603,4978,4625,10509,5478,5031,9636,4972,4664,873,506,367,17013,7800,9213,10625,4573,6052,6388,3227,3161,3807,2272,1535,1465,1027,438,2342,1245,1097
146,Capital Region,519531,256974,262557,438217,219434,218783,81314,37540,43774,179667,81678,97989,168713,77460,91253,10954,4218,6736,308520,154123,154397,253957,130895,123062,54563,23228,31335,31344,21173,10171,15547,11079,4468,15797,10094,5703
147,Central NY,375285,184760,190525,312466,156533,155933,62819,28227,34592,119681,55226,64455,111655,51685,59970,8026,3541,4485,228129,114219,113910,186033,96538,89495,42096,17681,24415,27475,15315,12160,14778,8310,6468,12697,7005,5692
148,Finger Lakes,574880,280915,293965,474831,238615,236216,100049,42300,57749,186547,84563,101984,176352,80728,95624,10195,3835,6360,344846,170870,173976,275870,143129,132741,68976,27741,41235,43487,25482,18005,22609,14758,7851,20878,10724,10154
149,Long Island,1120481,552336,568145,1034300,515391,518909,86181,36945,49236,506511,229162,277349,487791,222602,265189,18720,6560,12160,573608,299556,274052,517673,275222,242451,55935,24334,31601,40362,23618,16744,28836,17567,11269,11526,6051,5475
150,Mid-Hudson,895835,436989,458846,782803,389220,393583,113032,47769,65263,392809,175394,217415,374370,167126,207244,18439,8268,10171,450424,234058,216366,378073,204077,173996,72351,29981,42370,52602,27537,25065,30360,18017,12343,22242,9520,12722
151,Mohawk Valley,232739,116065,116674,182673,94051,88622,50066,22014,28052,53828,23399,30429,48447,20830,27617,5381,2569,2812,157003,81360,75643,123315,66498,56817,33688,14862,18826,21908,11306,10602,10911,6723,4188,10997,4583,6414
152,New York City,2494710,1211608,1283102,1971509,984001,987508,523201,227607,295594,1187734,550157,637577,1098790,510267,588523,88944,39890,49054,1077133,540271,536862,775554,415543,360011,301579,124728,176851,229843,121180,108663,97165,58191,38974,132678,62989,69689
153,North Country,197868,100482,97386,154868,81333,73535,43000,19149,23851,41507,18748,22759,38677,17929,20748,2830,819,2011,138648,70898,67750,106965,57237,49728,31683,13661,18022,17713,10836,6877,9226,6167,3059,8487,4669,3818
154,Southern Tier,301141,149439,151702,235502,119996,115506,65639,29443,36196,88731,39530,49201,81469,36580,44889,7262,2950,4312,190755,97558,93197,143313,76612,66701,47442,20946,26496,21655,12351,9304,10720,6804,3916,10935,5547,5388
155,Western NY,672940,327995,344945,538981,269709,269272,133959,58286,75673,203387,90635,112752,190650,84910,105740,12737,5725,7012,422105,212762,209343,325738,171354,154384,96367,41408,54959,47448,24598,22850,22593,13445,9148,24855,11153,13702
