,puma,Total_geo,Total_geo_m,Total_geo_f,Total_FT_mf_t,Total_FT_m,Total_FT_f,Total_PT_mf_t,Total_PT_m,Total_PT_f,Total_BABS,Total_BABS_m,Total_BABS_f,BABS_FT_mf_t,BABS_FT_m,BABS_FT_f,BABS_PT_mf_t,BABS_PT_m,BABS_PT_f,Total_HS,Total_HS_m,Total_HS_f,HS_FT_mf_t,HS_FT_m,HS_FT_f,HS_PT_mf_t,HS_PT_m,HS_PT_f,Total_HSINC,Total_HSINC_m,Total_HSINC_f,HSINC_FT_mf_t,HSINC_FT_m,HSINC_FT_f,HSINC_PT_mf_t,HSINC_PT_m,HSINC_PT_f
0,Total Geo,311489,168586,142903,262344,151481,110863,49145,17105,32040,184234,91847,92387,159964,83900,76064,24270,7947,16323,111200,65965,45235,90400,58681,31719,20800,7284,13516,16055,10774,5281,11980,8900,3080,4075,1874,2201
1,"NYC-Manhattan Community District 9--Hamilton Heights, Manhattanville & West Harlem PUMA",3381,1094,2287,3343,1094,2249,38,0,38,2542,801,1741,2504,801,1703,38,0,38,839,293,546,839,293,546,0,0,0,0,0,0,0,0,0,0,0,0
2,Ulster County (East) PUMA,565,99,466,399,99,300,166,0,166,388,99,289,234,99,135,154,0,154,177,0,177,165,0,165,12,0,12,0,0,0,0,0,0,0,0,0
3,Albany County (East Central)--Albany City PUMA,1305,436,869,868,436,432,437,0,437,768,348,420,468,348,120,300,0,300,537,88,449,400,88,312,137,0,137,0,0,0,0,0,0,0,0,0
4,Chemung (South) & Steuben (East) Counties--Greater Elmira & Greater Corning Cities PUMA,228,161,67,161,161,0,67,0,67,161,161,0,161,161,0,0,0,0,67,0,67,0,0,0,67,0,67,0,0,0,0,0,0,0,0,0
5,Ontario & Yates Counties PUMA,793,646,147,793,646,147,0,0,0,793,646,147,793,646,147,0,0,0,0,0,0,0,0,0,0,0,0,0,0,0,0,0,0,0,0,0
6,Suffolk County (North Central)--Brookhaven Town (North) PUMA,2556,1671,885,2250,1671,579,306,0,306,1616,1285,331,1416,1285,131,200,0,200,834,386,448,834,386,448,0,0,0,106,0,106,0,0,0,106,0,106
7,Westchester County (South Central)--New Rochelle & Mount Vernon Cities PUMA,2944,1821,1123,2365,1821,544,579,0,579,1223,576,647,749,576,173,474,0,474,1259,783,476,1154,783,371,105,0,105,462,462,0,462,462,0,0,0,0
8,"Clinton, Franklin, Essex & Hamilton Counties PUMA",1150,393,757,1041,334,707,109,59,50,680,122,558,680,122,558,0,0,0,470,271,199,361,212,149,109,59,50,0,0,0,0,0,0,0,0,0
9,Oneida County (Central)--Greater Utica & Rome Cities PUMA,2982,1519,1463,2421,1322,1099,561,197,364,417,308,109,365,256,109,52,52,0,2341,1066,1275,2056,1066,990,285,0,285,224,145,79,0,0,0,224,145,79
10,"NYC-Bronx Community District 3 & 6--Belmont, Crotona Park East & East Tremont PUMA",823,711,112,823,711,112,0,0,0,565,565,0,565,565,0,0,0,0,258,146,112,258,146,112,0,0,0,0,0,0,0,0,0,0,0,0
11,Livingston & Wyoming Counties PUMA,87,33,54,87,33,54,0,0,0,32,0,32,32,0,32,0,0,0,55,33,22,55,33,22,0,0,0,0,0,0,0,0,0,0,0,0
12,NYC-Manhattan Community District 3--Chinatown & Lower East Side PUMA,2153,1311,842,1609,923,686,544,388,156,1811,1097,714,1373,764,609,438,333,105,265,214,51,159,159,0,106,55,51,77,0,77,77,0,77,0,0,0
13,Suffolk County (West Central)--Babylon Town (Northwest) PUMA,1581,761,820,1359,761,598,222,0,222,546,85,461,415,85,330,131,0,131,1035,676,359,944,676,268,91,0,91,0,0,0,0,0,0,0,0,0
14,Broome County (West Central)--Greater Binghamton City & Greater Johnson City Village PUMA,1274,748,526,1019,629,390,255,119,136,722,387,335,467,268,199,255,119,136,446,361,85,446,361,85,0,0,0,106,0,106,106,0,106,0,0,0
15,Nassau County (Northwest)--North Hempstead Town (North) PUMA,3455,1815,1640,2357,1659,698,1098,156,942,1648,783,865,1096,722,374,552,61,491,1705,1032,673,1182,937,245,523,95,428,102,0,102,79,0,79,23,0,23
16,Monroe County (Central)--Rochester City (East) PUMA,247,60,187,60,60,0,187,0,187,187,0,187,0,0,0,187,0,187,60,60,0,60,60,0,0,0,0,0,0,0,0,0,0,0,0,0
17,Westchester County (Northwest) PUMA,2722,1352,1370,2548,1268,1280,174,84,90,1105,641,464,1105,641,464,0,0,0,1244,576,668,1070,492,578,174,84,90,373,135,238,373,135,238,0,0,0
18,NYC-Brooklyn Community District 16--Brownsville & Ocean Hill PUMA,493,307,186,305,119,186,188,188,0,493,307,186,305,119,186,188,188,0,0,0,0,0,0,0,0,0,0,0,0,0,0,0,0,0,0,0
19,Onondaga County (Central)--Syracuse City PUMA,918,242,676,798,212,586,120,30,90,828,242,586,798,212,586,30,30,0,90,0,90,0,0,0,90,0,90,0,0,0,0,0,0,0,0,0
20,Westchester County (Northeast) PUMA,1621,1136,485,1536,1136,400,85,0,85,1169,822,347,1169,822,347,0,0,0,367,314,53,367,314,53,0,0,0,85,0,85,0,0,0,85,0,85
21,Madison & Cortland Counties PUMA,90,28,62,50,0,50,40,28,12,48,28,20,20,0,20,28,28,0,42,0,42,30,0,30,12,0,12,0,0,0,0,0,0,0,0,0
22,Erie County (West Central)--Buffalo City (West) PUMA,523,289,234,254,82,172,269,207,62,144,82,62,82,82,0,62,0,62,172,0,172,172,0,172,0,0,0,207,207,0,0,0,0,207,207,0
23,Monroe County (Central)--Rochester City (West) PUMA,686,426,260,496,236,260,190,190,0,686,426,260,496,236,260,190,190,0,0,0,0,0,0,0,0,0,0,0,0,0,0,0,0,0,0,0
24,Suffolk County (Central)--Islip Town (East) PUMA,348,146,202,266,146,120,82,0,82,288,146,142,206,146,60,82,0,82,60,0,60,60,0,60,0,0,0,0,0,0,0,0,0,0,0,0
25,Nassau County (Central)--Hempstead Town (East Central) PUMA,1415,611,804,1290,544,746,125,67,58,1216,470,746,1216,470,746,0,0,0,199,141,58,74,74,0,125,67,58,0,0,0,0,0,0,0,0,0
26,"NYC-Bronx Community District 5--Morris Heights, Fordham South & Mount Hope PUMA",163,163,0,163,163,0,0,0,0,0,0,0,0,0,0,0,0,0,163,163,0,163,163,0,0,0,0,0,0,0,0,0,0,0,0,0
27,St. Lawrence County PUMA,679,519,160,307,159,148,372,360,12,667,519,148,307,159,148,360,360,0,0,0,0,0,0,0,0,0,0,12,0,12,0,0,0,12,0,12
28,Columbia & Greene Counties PUMA,468,100,368,396,100,296,72,0,72,193,73,120,121,73,48,72,0,72,250,27,223,250,27,223,0,0,0,25,0,25,25,0,25,0,0,0
29,NYC-Brooklyn Community District 2--Brooklyn Heights & Fort Greene PUMA,3686,2011,1675,3260,1913,1347,426,98,328,2737,1403,1334,2457,1305,1152,280,98,182,949,608,341,803,608,195,146,0,146,0,0,0,0,0,0,0,0,0
30,"NYC-Queens Community District 8--Briarwood, Fresh Meadows & Hillcrest PUMA",4561,2248,2313,3844,2174,1670,717,74,643,3009,1353,1656,2587,1279,1308,422,74,348,1438,781,657,1143,781,362,295,0,295,114,114,0,114,114,0,0,0,0
31,Monroe County (North & West) PUMA,143,143,0,143,143,0,0,0,0,0,0,0,0,0,0,0,0,0,0,0,0,0,0,0,0,0,0,143,143,0,143,143,0,0,0,0
32,Schenectady County--Schenectady City PUMA,167,76,91,167,76,91,0,0,0,63,31,32,63,31,32,0,0,0,104,45,59,104,45,59,0,0,0,0,0,0,0,0,0,0,0,0
33,"Rockland County (West)--Spring Valley, Suffern Villages & Monsey PUMA",1563,956,607,1299,890,409,264,66,198,252,60,192,252,60,192,0,0,0,1129,802,327,865,736,129,264,66,198,182,94,88,182,94,88,0,0,0
34,Niagara County (North & East) PUMA,204,204,0,204,204,0,0,0,0,126,126,0,126,126,0,0,0,0,78,78,0,78,78,0,0,0,0,0,0,0,0,0,0,0,0,0
35,Suffolk County (Central)--Brookhaven Town (Central) PUMA,1713,1224,489,1713,1224,489,0,0,0,755,540,215,755,540,215,0,0,0,858,584,274,858,584,274,0,0,0,100,100,0,100,100,0,0,0,0
36,Suffolk County (East) PUMA,1782,1167,615,1576,1017,559,206,150,56,769,429,340,638,354,284,131,75,56,1013,738,275,938,663,275,75,75,0,0,0,0,0,0,0,0,0,0
37,Warren & Washington Counties PUMA,389,214,175,364,214,150,25,0,25,239,214,25,214,214,0,25,0,25,0,0,0,0,0,0,0,0,0,150,0,150,150,0,150,0,0,0
38,NYC-Queens Community District 6--Forest Hills & Rego Park PUMA,9265,5374,3891,8200,4967,3233,1065,407,658,5959,3027,2932,5538,3027,2511,421,0,421,2918,1959,959,2462,1740,722,456,219,237,388,388,0,200,200,0,188,188,0
39,"NYC-Brooklyn Community District 9--Crown Heights South, Prospect Lefferts & Wingate PUMA",1025,533,492,726,292,434,299,241,58,751,533,218,510,292,218,241,241,0,274,0,274,216,0,216,58,0,58,0,0,0,0,0,0,0,0,0
40,Westchester County (Central)--White Plains City PUMA,1998,1327,671,1810,1269,541,188,58,130,1623,952,671,1493,952,541,130,0,130,301,301,0,243,243,0,58,58,0,74,74,0,74,74,0,0,0,0
41,"NYC-Bronx Community District 1 & 2--Hunts Point, Longwood & Melrose PUMA",410,338,72,338,338,0,72,0,72,104,32,72,32,32,0,72,0,72,306,306,0,306,306,0,0,0,0,0,0,0,0,0,0,0,0,0
42,Erie County (North Central) PUMA,1085,700,385,886,563,323,199,137,62,693,370,323,556,233,323,137,137,0,318,256,62,256,256,0,62,0,62,74,74,0,74,74,0,0,0,0
43,Chautauqua County PUMA,252,93,159,93,93,0,159,0,159,93,93,0,93,93,0,0,0,0,0,0,0,0,0,0,0,0,0,159,0,159,0,0,0,159,0,159
44,Dutchess County (Southwest) PUMA,1331,385,946,1064,345,719,267,40,227,571,297,274,384,257,127,187,40,147,300,88,212,300,88,212,0,0,0,460,0,460,380,0,380,80,0,80
45,Westchester County (Southeast) PUMA,4125,2711,1414,2666,2295,371,1459,416,1043,2421,1248,1173,1379,1008,371,1042,240,802,1438,1357,81,1181,1181,0,257,176,81,266,106,160,106,106,0,160,0,160
46,Rockland County (North)--New City & Congers PUMA,402,190,212,332,190,142,70,0,70,212,0,212,142,0,142,70,0,70,190,190,0,190,190,0,0,0,0,0,0,0,0,0,0,0,0,0
47,NYC-Staten Island Community District 2--New Springville & South Beach PUMA,8403,5703,2700,7389,5184,2205,1014,519,495,4151,2390,1761,3673,2297,1376,478,93,385,3352,2413,939,3015,2186,829,337,227,110,900,900,0,701,701,0,199,199,0
48,Suffolk County (Southwest)--Islip Town (South) PUMA,1388,877,511,965,577,388,423,300,123,818,353,465,741,353,388,77,0,77,570,524,46,224,224,0,346,300,46,0,0,0,0,0,0,0,0,0
49,Erie County (West Central)--Buffalo City (East) PUMA,928,790,138,928,790,138,0,0,0,532,532,0,532,532,0,0,0,0,396,258,138,396,258,138,0,0,0,0,0,0,0,0,0,0,0,0
50,Wayne & Seneca Counties PUMA,112,102,10,92,82,10,20,20,0,82,82,0,82,82,0,0,0,0,30,20,10,10,0,10,20,20,0,0,0,0,0,0,0,0,0,0
51,Monroe County (South) PUMA,1951,982,969,1740,856,884,211,126,85,1106,369,737,895,243,652,211,126,85,480,364,116,480,364,116,0,0,0,365,249,116,365,249,116,0,0,0
52,Tompkins County PUMA,1140,662,478,773,526,247,367,136,231,811,333,478,580,333,247,231,0,231,329,329,0,193,193,0,136,136,0,0,0,0,0,0,0,0,0,0
53,Suffolk County (South Central)--Brookhaven Town (South) PUMA,200,54,146,200,54,146,0,0,0,146,0,146,146,0,146,0,0,0,54,54,0,54,54,0,0,0,0,0,0,0,0,0,0,0,0,0
54,"Otsego, Schoharie, Oneida (South) & Herkimer (South) Counties PUMA",155,34,121,90,34,56,65,0,65,0,0,0,0,0,0,0,0,0,155,34,121,90,34,56,65,0,65,0,0,0,0,0,0,0,0,0
55,NYC-Manhattan Community District 8--Upper East Side PUMA,8854,4719,4135,8553,4719,3834,301,0,301,8596,4560,4036,8295,4560,3735,301,0,301,216,117,99,216,117,99,0,0,0,42,42,0,42,42,0,0,0,0
56,"NYC-Manhattan Community District 1 & 2--Battery Park City, Greenwich Village & Soho PUMA",4156,2824,1332,4156,2824,1332,0,0,0,3965,2758,1207,3965,2758,1207,0,0,0,191,66,125,191,66,125,0,0,0,0,0,0,0,0,0,0,0,0
57,"NYC-Manhattan Community District 12--Washington Heights, Inwood & Marble Hill PUMA",2027,1120,907,1441,750,691,586,370,216,1758,1061,697,1319,750,569,439,311,128,269,59,210,122,0,122,147,59,88,0,0,0,0,0,0,0,0,0
58,NYC-Brooklyn Community District 18--Canarsie & Flatlands PUMA,2547,1569,978,2013,1233,780,534,336,198,1591,878,713,1057,542,515,534,336,198,907,691,216,907,691,216,0,0,0,49,0,49,49,0,49,0,0,0
59,"NYC-Bronx Community District 12--Wakefield, Williamsbridge & Woodlawn PUMA",453,226,227,308,226,82,145,0,145,36,36,0,36,36,0,0,0,0,348,121,227,203,121,82,145,0,145,69,69,0,69,69,0,0,0,0
60,Suffolk County (Central)--Islip Town (Northwest) PUMA,1219,389,830,1127,389,738,92,0,92,134,0,134,134,0,134,0,0,0,1085,389,696,993,389,604,92,0,92,0,0,0,0,0,0,0,0,0
61,"NYC-Queens Community District 14--Far Rockaway, Breezy Point & Broad Channel PUMA",2713,1236,1477,2081,1005,1076,632,231,401,1245,323,922,613,92,521,632,231,401,1468,913,555,1468,913,555,0,0,0,0,0,0,0,0,0,0,0,0
62,Saratoga County (South & Central) PUMA,511,247,264,375,247,128,136,0,136,162,105,57,105,105,0,57,0,57,221,142,79,142,142,0,79,0,79,128,0,128,128,0,128,0,0,0
63,Cattaraugus & Allegany Counties PUMA,103,86,17,46,46,0,57,40,17,103,86,17,46,46,0,57,40,17,0,0,0,0,0,0,0,0,0,0,0,0,0,0,0,0,0,0
64,Genesee & Orleans Counties PUMA,99,99,0,99,99,0,0,0,0,0,0,0,0,0,0,0,0,0,99,99,0,99,99,0,0,0,0,0,0,0,0,0,0,0,0,0
65,Cayuga & Onondaga (South) Counties PUMA,607,306,301,239,121,118,368,185,183,333,184,149,219,101,118,114,83,31,274,122,152,20,20,0,254,102,152,0,0,0,0,0,0,0,0,0
66,Sullivan & Ulster (West) Counties PUMA,1291,674,617,1291,674,617,0,0,0,464,328,136,464,328,136,0,0,0,778,297,481,778,297,481,0,0,0,49,49,0,49,49,0,0,0,0
67,"NYC-Bronx Community District 7--Bedford Park, Fordham North & Norwood PUMA",957,187,770,765,187,578,192,0,192,765,187,578,765,187,578,0,0,0,192,0,192,0,0,0,192,0,192,0,0,0,0,0,0,0,0,0
68,Suffolk County (Central)--Brookhaven Town (West Central) PUMA,1585,1112,473,1381,1056,325,204,56,148,724,498,226,724,498,226,0,0,0,717,470,247,513,414,99,204,56,148,144,144,0,144,144,0,0,0,0
69,NYC-Queens Community District 1--Astoria & Long Island City PUMA,9826,5053,4773,7734,4251,3483,2092,802,1290,5859,2671,3188,4557,2237,2320,1302,434,868,3608,2186,1422,2878,1878,1000,730,308,422,359,196,163,299,136,163,60,60,0
70,Jefferson & Lewis Counties PUMA,355,146,209,173,146,27,182,0,182,170,130,40,157,130,27,13,0,13,164,16,148,16,16,0,148,0,148,21,0,21,0,0,0,21,0,21
71,Nassau County (West Central)--Hempstead Town (Northwest) PUMA,1549,541,1008,1252,487,765,297,54,243,1027,367,660,973,313,660,54,54,0,219,114,105,219,114,105,0,0,0,303,60,243,60,60,0,243,0,243
72,Nassau County (Central)--Hempstead Town (North Central)--Meadowbrook Corridor PUMA,86,86,0,86,86,0,0,0,0,0,0,0,0,0,0,0,0,0,86,86,0,86,86,0,0,0,0,0,0,0,0,0,0,0,0,0
73,Orange County (Northeast)--Greater Newburgh City PUMA,561,284,277,373,96,277,188,188,0,277,0,277,277,0,277,0,0,0,284,284,0,96,96,0,188,188,0,0,0,0,0,0,0,0,0,0
74,"NYC-Bronx Community District 11--Pelham Parkway, Morris Park & Laconia PUMA",2165,1788,377,1906,1725,181,259,63,196,863,602,261,687,575,112,176,27,149,887,812,75,840,812,28,47,0,47,415,374,41,379,338,41,36,36,0
75,"NYC-Queens Community District 12--Jamaica, Hollis & St. Albans PUMA",178,178,0,178,178,0,0,0,0,0,0,0,0,0,0,0,0,0,178,178,0,178,178,0,0,0,0,0,0,0,0,0,0,0,0,0
76,Erie County (Central) PUMA,1852,1063,789,1481,1063,418,371,0,371,842,563,279,711,563,148,131,0,131,1010,500,510,770,500,270,240,0,240,0,0,0,0,0,0,0,0,0
77,"NYC-Staten Island Community District 1--Port Richmond, Stapleton & Mariner's Harbor PUMA",3211,1629,1582,2790,1330,1460,421,299,122,1517,747,770,1309,603,706,208,144,64,1522,810,712,1309,655,654,213,155,58,172,72,100,172,72,100,0,0,0
78,"NYC-Brooklyn Community District 15--Sheepshead Bay, Gerritsen Beach & Homecrest PUMA",17687,7396,10291,14699,6282,8417,2988,1114,1874,9524,3514,6010,8491,2890,5601,1033,624,409,7463,3582,3881,5791,3092,2699,1672,490,1182,700,300,400,417,300,117,283,0,283
79,"NYC-Bronx Community District 8--Riverdale, Fieldston & Kingsbridge PUMA",1871,1243,628,1702,1243,459,169,0,169,1346,797,549,1177,797,380,169,0,169,525,446,79,525,446,79,0,0,0,0,0,0,0,0,0,0,0,0
80,NYC-Brooklyn Community District 5--East New York & Starrett City PUMA,385,149,236,294,149,145,91,0,91,0,0,0,0,0,0,0,0,0,385,149,236,294,149,145,91,0,91,0,0,0,0,0,0,0,0,0
81,Onondaga County (Central)--Syracuse City (Outer) PUMA,1697,815,882,1278,815,463,419,0,419,921,629,292,711,629,82,210,0,210,776,186,590,567,186,381,209,0,209,0,0,0,0,0,0,0,0,0
82,"NYC-Manhattan Community District 6--Murray Hill, Gramercy & Stuyvesant Town PUMA",3447,1999,1448,2587,1139,1448,860,860,0,2777,1329,1448,2587,1139,1448,190,190,0,670,670,0,0,0,0,670,670,0,0,0,0,0,0,0,0,0,0
83,"Chenango, Delaware & Broome (East) Counties PUMA",618,207,411,571,178,393,47,29,18,140,75,65,93,46,47,47,29,18,478,132,346,478,132,346,0,0,0,0,0,0,0,0,0,0,0,0
84,Orange County (Northwest) PUMA,178,67,111,111,67,44,67,0,67,44,0,44,44,0,44,0,0,0,67,67,0,67,67,0,0,0,0,67,0,67,0,0,0,67,0,67
85,NYC-Brooklyn Community District 7--Sunset Park & Windsor Terrace PUMA,1937,1350,587,1243,960,283,694,390,304,858,575,283,640,357,283,218,218,0,1021,717,304,545,545,0,476,172,304,58,58,0,58,58,0,0,0,0
86,Nassau County (Northeast)--Oyster Bay Town (North) & Glen Cove City PUMA,1501,950,551,1249,823,426,252,127,125,1426,907,519,1174,780,394,252,127,125,75,43,32,75,43,32,0,0,0,0,0,0,0,0,0,0,0,0
87,Dutchess County (North & East) PUMA,547,125,422,436,125,311,111,0,111,547,125,422,436,125,311,111,0,111,0,0,0,0,0,0,0,0,0,0,0,0,0,0,0,0,0,0
88,Putnam County PUMA,1487,719,768,1255,636,619,232,83,149,471,62,409,407,62,345,64,0,64,938,579,359,770,496,274,168,83,85,78,78,0,78,78,0,0,0,0
89,Albany County (Outside Albany City) PUMA,1982,1290,692,1772,1080,692,210,210,0,444,343,101,350,249,101,94,94,0,1538,947,591,1422,831,591,116,116,0,0,0,0,0,0,0,0,0,0
90,"NYC-Bronx Community District 10--Co-op City, Pelham Bay & Schuylerville PUMA",536,536,0,536,536,0,0,0,0,0,0,0,0,0,0,0,0,0,536,536,0,536,536,0,0,0,0,0,0,0,0,0,0,0,0,0
91,NYC-Queens Community District 4--Elmhurst & South Corona PUMA,1469,962,507,1405,962,443,64,0,64,1039,569,470,975,569,406,64,0,64,393,393,0,393,393,0,0,0,0,37,0,37,37,0,37,0,0,0
92,"NYC-Brooklyn Community District 12--Borough Park, Kensington & Ocean Parkway PUMA",4943,2527,2416,3714,2346,1368,1229,181,1048,2425,1319,1106,2140,1319,821,285,0,285,2267,998,1269,1403,856,547,864,142,722,251,210,41,171,171,0,80,39,41
93,Nassau County (Southeast)--Oyster Bay Town (South) PUMA,1010,814,196,947,814,133,63,0,63,373,373,0,373,373,0,0,0,0,346,211,135,283,211,72,63,0,63,291,230,61,291,230,61,0,0,0
94,Suffolk County (Northwest)--Huntington Town (South) PUMA,2923,1746,1177,2682,1640,1042,241,106,135,2237,1161,1076,2102,1161,941,135,0,135,336,235,101,230,129,101,106,106,0,350,350,0,350,350,0,0,0,0
95,Oswego County PUMA,377,62,315,268,62,206,109,0,109,0,0,0,0,0,0,0,0,0,377,62,315,268,62,206,109,0,109,0,0,0,0,0,0,0,0,0
96,Rensselaer County--Troy City PUMA,1182,806,376,1004,806,198,178,0,178,1004,806,198,1004,806,198,0,0,0,178,0,178,0,0,0,178,0,178,0,0,0,0,0,0,0,0,0
97,Saratoga County (Outer) PUMA,613,251,362,447,251,196,166,0,166,268,197,71,268,197,71,0,0,0,345,54,291,179,54,125,166,0,166,0,0,0,0,0,0,0,0,0
98,Herkimer (North & Central) & Oneida (Outer) Counties PUMA,394,279,115,264,204,60,130,75,55,88,88,0,88,88,0,0,0,0,306,191,115,176,116,60,130,75,55,0,0,0,0,0,0,0,0,0
99,Monroe County (East) PUMA,1840,890,950,1247,753,494,593,137,456,884,449,435,734,449,285,150,0,150,883,441,442,513,304,209,370,137,233,73,0,73,0,0,0,73,0,73
100,"NYC-Queens Community District 13--Queens Village, Cambria Heights & Rosedale PUMA",101,0,101,44,0,44,57,0,57,0,0,0,0,0,0,0,0,0,101,0,101,44,0,44,57,0,57,0,0,0,0,0,0,0,0,0
101,Erie County (South) PUMA,881,483,398,483,483,0,398,0,398,0,0,0,0,0,0,0,0,0,881,483,398,483,483,0,398,0,398,0,0,0,0,0,0,0,0,0
102,Monroe County (Central)--Greece & Gates Towns PUMA,427,259,168,292,186,106,135,73,62,132,132,0,132,132,0,0,0,0,295,127,168,160,54,106,135,73,62,0,0,0,0,0,0,0,0,0
103,NYC-Manhattan Community District 7--Upper West Side & West Side PUMA,9389,5327,4062,8013,4553,3460,1376,774,602,8082,4454,3628,7344,4114,3230,738,340,398,1193,759,434,555,325,230,638,434,204,114,114,0,114,114,0,0,0,0
104,NYC-Manhattan Community District 11--East Harlem PUMA,1406,906,500,1189,799,390,217,107,110,1147,793,354,1040,686,354,107,107,0,259,113,146,149,113,36,110,0,110,0,0,0,0,0,0,0,0,0
105,"NYC-Queens Community District 7--Flushing, Murray Hill & Whitestone PUMA",2805,1737,1068,2580,1589,991,225,148,77,1275,687,588,1198,687,511,77,0,77,739,259,480,739,259,480,0,0,0,791,791,0,643,643,0,148,148,0
106,NYC-Brooklyn Community District 1--Greenpoint & Williamsburg PUMA,5463,2488,2975,4290,1909,2381,1173,579,594,3281,1101,2180,2997,1101,1896,284,0,284,1579,866,713,934,449,485,645,417,228,603,521,82,359,359,0,244,162,82
107,Onondaga County (North) PUMA,1101,807,294,893,673,220,208,134,74,447,401,46,447,401,46,0,0,0,654,406,248,446,272,174,208,134,74,0,0,0,0,0,0,0,0,0
108,NYC-Brooklyn Community District 14--Flatbush & Midwood PUMA,5428,2953,2475,4927,2818,2109,501,135,366,3376,1684,1692,2875,1549,1326,501,135,366,1379,676,703,1379,676,703,0,0,0,673,593,80,673,593,80,0,0,0
109,"Rockland County (South)--Orangetown, Clarkstown (South) & Ramapo (Southeast) Towns PUMA",293,84,209,293,84,209,0,0,0,162,84,78,162,84,78,0,0,0,131,0,131,131,0,131,0,0,0,0,0,0,0,0,0,0,0,0
110,NYC-Brooklyn Community District 13--Brighton Beach & Coney Island PUMA,10069,3782,6287,8456,3163,5293,1613,619,994,7692,2657,5035,6957,2657,4300,735,0,735,1857,605,1252,1499,506,993,358,99,259,520,520,0,0,0,0,520,520,0
111,"NYC-Bronx Community District 4--Concourse, Highbridge & Mount Eden PUMA",100,0,100,100,0,100,0,0,0,0,0,0,0,0,0,0,0,0,100,0,100,100,0,100,0,0,0,0,0,0,0,0,0,0,0,0
112,Erie County (Northeast) PUMA,269,154,115,214,154,60,55,0,55,161,101,60,161,101,60,0,0,0,108,53,55,53,53,0,55,0,55,0,0,0,0,0,0,0,0,0
113,NYC-Brooklyn Community District 8--Crown Heights North & Prospect Heights PUMA,1945,1148,797,1804,1148,656,141,0,141,1322,602,720,1258,602,656,64,0,64,623,546,77,546,546,0,77,0,77,0,0,0,0,0,0,0,0,0
114,NYC-Queens Community District 3--Jackson Heights & North Corona PUMA,2410,1284,1126,2037,1164,873,373,120,253,1480,1056,424,1480,1056,424,0,0,0,930,228,702,557,108,449,373,120,253,0,0,0,0,0,0,0,0,0
115,Fulton & Montgomery Counties PUMA,79,16,63,79,16,63,0,0,0,63,0,63,63,0,63,0,0,0,16,16,0,16,16,0,0,0,0,0,0,0,0,0,0,0,0,0
116,Niagara County (Southwest)--Greater Niagara Falls & North Tonawanda Area PUMA,297,225,72,297,225,72,0,0,0,225,225,0,225,225,0,0,0,0,72,0,72,72,0,72,0,0,0,0,0,0,0,0,0,0,0,0
117,"Steuben (North & West), Schuyler & Chemung (North) Counties PUMA",100,100,0,100,100,0,0,0,0,100,100,0,100,100,0,0,0,0,0,0,0,0,0,0,0,0,0,0,0,0,0,0,0,0,0,0
118,NYC-Brooklyn Community District 4--Bushwick PUMA,1060,712,348,876,629,247,184,83,101,539,370,169,456,287,169,83,83,0,521,342,179,420,342,78,101,0,101,0,0,0,0,0,0,0,0,0
119,"NYC-Manhattan Community District 4 & 5--Chelsea, Clinton & Midtown Business District PUMA",7674,3852,3822,7008,3655,3353,666,197,469,6631,3407,3224,5965,3210,2755,666,197,469,1043,445,598,1043,445,598,0,0,0,0,0,0,0,0,0,0,0,0
120,"NYC-Brooklyn Community District 6--Park Slope, Carroll Gardens & Red Hook PUMA",2882,1655,1227,2521,1488,1033,361,167,194,2544,1317,1227,2350,1317,1033,194,0,194,338,338,0,171,171,0,167,167,0,0,0,0,0,0,0,0,0,0
121,NYC-Brooklyn Community District 3--Bedford-Stuyvesant PUMA,1272,408,864,1100,236,864,172,172,0,1038,236,802,1038,236,802,0,0,0,234,172,62,62,0,62,172,172,0,0,0,0,0,0,0,0,0,0
122,NYC-Queens Community District 10--Howard Beach & Ozone Park PUMA,1268,768,500,1149,768,381,119,0,119,311,0,311,311,0,311,0,0,0,887,768,119,768,768,0,119,0,119,70,0,70,70,0,70,0,0,0
123,Suffolk County (Northwest)--Huntington Town (North) PUMA,861,233,628,696,233,463,165,0,165,658,139,519,493,139,354,165,0,165,203,94,109,203,94,109,0,0,0,0,0,0,0,0,0,0,0,0
124,Orange County (Southeast) PUMA,1263,656,607,986,623,363,277,33,244,22,22,0,22,22,0,0,0,0,1128,542,586,905,542,363,223,0,223,113,92,21,59,59,0,54,33,21
125,Nassau County (East Central)--Oyster Bay Town (Central) PUMA,1176,892,284,1104,892,212,72,0,72,537,325,212,537,325,212,0,0,0,567,567,0,567,567,0,0,0,0,72,0,72,0,0,0,72,0,72
126,Suffolk County (Northwest)--Smithtown Town PUMA,552,200,352,291,130,161,261,70,191,191,0,191,0,0,0,191,0,191,231,70,161,161,0,161,70,70,0,130,130,0,130,130,0,0,0,0
127,"NYC-Brooklyn Community District 17--East Flatbush, Farragut & Rugby PUMA",958,553,405,958,553,405,0,0,0,172,38,134,172,38,134,0,0,0,690,419,271,690,419,271,0,0,0,96,96,0,96,96,0,0,0,0
128,"NYC-Bronx Community District 9--Castle Hill, Clason Point & Parkchester PUMA",320,63,257,63,63,0,257,0,257,63,63,0,63,63,0,0,0,0,257,0,257,0,0,0,257,0,257,0,0,0,0,0,0,0,0,0
129,NYC-Queens Community District 9--Richmond Hill & Woodhaven PUMA,2510,1772,738,2156,1604,552,354,168,186,890,354,536,673,276,397,217,78,139,1457,1255,202,1320,1165,155,137,90,47,163,163,0,163,163,0,0,0,0
130,Westchester County (Southwest)--Yonkers City PUMA,2722,1648,1074,2396,1648,748,326,0,326,940,564,376,774,564,210,166,0,166,1306,872,434,1306,872,434,0,0,0,476,212,264,316,212,104,160,0,160
131,Broome (Outer West) & Tioga Counties PUMA,139,49,90,49,49,0,90,0,90,49,49,0,49,49,0,0,0,0,90,0,90,0,0,0,90,0,90,0,0,0,0,0,0,0,0,0
132,NYC-Brooklyn Community District 10--Bay Ridge & Dyker Heights PUMA,7306,4705,2601,6509,4258,2251,797,447,350,4347,2364,1983,3890,2196,1694,457,168,289,2736,2199,537,2396,1920,476,340,279,61,223,142,81,223,142,81,0,0,0
133,"NYC-Queens Community District 5--Ridgewood, Glendale & Middle Village PUMA",16079,8363,7716,13621,8083,5538,2458,280,2178,8094,3561,4533,6747,3365,3382,1347,196,1151,7538,4628,2910,6646,4544,2102,892,84,808,447,174,273,228,174,54,219,0,219
134,NYC-Manhattan Community District 10--Central Harlem PUMA,2665,1699,966,2085,1540,545,580,159,421,1637,827,810,1213,668,545,424,159,265,966,810,156,810,810,0,156,0,156,62,62,0,62,62,0,0,0,0
135,"NYC-Queens Community District 11--Bayside, Douglaston & Little Neck PUMA",2003,1129,874,1922,1090,832,81,39,42,1220,477,743,1139,438,701,81,39,42,542,411,131,542,411,131,0,0,0,241,241,0,241,241,0,0,0,0
136,Erie County (Northwest) PUMA,573,280,293,511,280,231,62,0,62,422,129,293,360,129,231,62,0,62,151,151,0,151,151,0,0,0,0,0,0,0,0,0,0,0,0,0
137,NYC-Queens Community District 2--Sunnyside & Woodside PUMA,5068,3142,1926,4376,3006,1370,692,136,556,1959,1090,869,1648,1023,625,311,67,244,2922,1999,923,2541,1930,611,381,69,312,187,53,134,187,53,134,0,0,0
138,Suffolk County (Southwest)--Babylon Town (Southeast) PUMA,2271,1147,1124,2085,1147,938,186,0,186,659,399,260,659,399,260,0,0,0,1420,619,801,1297,619,678,123,0,123,192,129,63,129,129,0,63,0,63
139,"NYC-Staten Island Community District 3--Tottenville, Great Kills & Annadale PUMA",8874,4651,4223,7464,3919,3545,1410,732,678,4240,2145,2095,3312,1413,1899,928,732,196,4228,2506,1722,3746,2506,1240,482,0,482,406,0,406,406,0,406,0,0,0
140,Nassau County (West Central)--Hempstead Town (West Central) PUMA,1198,777,421,974,696,278,224,81,143,765,556,209,718,556,162,47,0,47,332,120,212,155,39,116,177,81,96,101,101,0,101,101,0,0,0,0
141,Nassau County (Central)--Hempstead Town (Northeast) PUMA,1166,509,657,746,417,329,420,92,328,525,185,340,409,185,224,116,0,116,641,324,317,337,232,105,304,92,212,0,0,0,0,0,0,0,0,0
142,Nassau County (Southwest)--Hempstead Town (Southwest) & Long Beach City PUMA,2683,702,1981,2605,702,1903,78,0,78,2387,525,1862,2387,525,1862,0,0,0,296,177,119,218,177,41,78,0,78,0,0,0,0,0,0,0,0,0
143,NYC-Brooklyn Community District 11--Bensonhurst & Bath Beach PUMA,10411,5080,5331,8151,4408,3743,2260,672,1588,6339,2482,3857,5216,2263,2953,1123,219,904,3175,1853,1322,2327,1537,790,848,316,532,897,745,152,608,608,0,289,137,152
144,Nassau County (South Central)--Hempstead Town (Southeast) PUMA,524,218,306,456,218,238,68,0,68,300,58,242,232,58,174,68,0,68,224,160,64,224,160,64,0,0,0,0,0,0,0,0,0,0,0,0
145,Nassau County (West Central)--North Hempstead Town (South) PUMA,3891,2529,1362,3610,2438,1172,281,91,190,1604,900,704,1474,900,574,130,0,130,1619,1157,462,1468,1066,402,151,91,60,668,472,196,668,472,196,0,0,0
146,Capital Region,6617,3420,3197,5393,3210,2183,1224,210,1014,3141,2117,1024,2593,2023,570,548,94,454,3173,1303,1870,2497,1187,1310,676,116,560,303,0,303,303,0,303,0,0,0
147,Central NY,4790,2260,2530,3526,1883,1643,1264,377,887,2577,1484,1093,2195,1343,852,382,141,241,2213,776,1437,1331,540,791,882,236,646,0,0,0,0,0,0,0,0,0
148,Finger Lakes,6385,3640,2745,5049,3094,1955,1336,546,790,3902,2104,1798,3164,1788,1376,738,316,422,1902,1144,758,1377,914,463,525,230,295,581,392,189,508,392,116,73,0,73
149,Long Island,38633,21171,17462,33267,19821,13446,5366,1350,4016,21349,10484,10865,19018,10167,8851,2331,317,2014,14725,8971,5754,12197,7938,4259,2528,1033,1495,2559,1716,843,2052,1716,336,507,0,507
150,Mid-Hudson,25613,14234,11379,21160,13266,7894,4453,968,3485,11891,5880,6011,9493,5600,3893,2398,280,2118,11037,7052,3985,9588,6397,3191,1449,655,794,2685,1302,1383,2079,1269,810,606,33,573
151,Mohawk Valley,3610,1848,1762,2854,1576,1278,756,272,484,568,396,172,516,344,172,52,52,0,2818,1307,1511,2338,1232,1106,480,75,405,224,145,79,0,0,0,224,145,79
152,New York City,213191,114661,98530,181504,102366,79138,31687,12295,19392,133965,65199,68766,117499,59137,58362,16466,6062,10404,70102,42524,27578,57147,37780,19367,12955,4744,8211,9124,6938,2186,6858,5449,1409,2266,1489,777
153,North Country,2184,1058,1126,1521,639,882,663,419,244,1517,771,746,1144,411,733,373,360,13,634,287,347,377,228,149,257,59,198,33,0,33,0,0,0,33,0,33
154,Southern Tier,3499,1927,1572,2673,1643,1030,826,284,542,1983,1105,878,1450,957,493,533,148,385,1410,822,588,1117,686,431,293,136,157,106,0,106,106,0,106,0,0,0
155,Western NY,6967,4367,2600,5397,3983,1414,1570,384,1186,3341,2307,1034,2892,2130,762,449,177,272,3186,1779,1407,2431,1779,652,755,0,755,440,281,159,74,74,0,366,207,159
