,puma,Total_geo,Total_geo_m,Total_geo_f,Total_NP_mf_t,Total_NP_m,Total_NP_f,Total_P_mf_t,Total_P_m,Total_P_f,Total_BABS,Total_BABS_m,Total_BABS_f,BABS_NP_mf_t,BABS_NP_m,BABS_NP_f,BABS_P_mf_t,BABS_P_m,BABS_P_f,Total_HS,Total_HS_m,Total_HS_f,HS_NP_mf_t,HS_NP_m,HS_NP_f,HS_P_mf_t,HS_P_m,HS_P_f,Total_HSINC,Total_HSINC_m,Total_HSINC_f,HSINC_NP_mf_t,HSINC_NP_m,HSINC_NP_f,HSINC_P_mf_t,HSINC_P_m,HSINC_P_f
0,Total Geo,262040,151339,110701,246188,140753,105435,15852,10586,5266,159660,83758,75902,152567,79853,72714,7093,3905,3188,90400,58681,31719,83034,53275,29759,7366,5406,1960,11980,8900,3080,10587,7625,2962,1393,1275,118
1,"NYC-Manhattan Community District 9--Hamilton Heights, Manhattanville & West Harlem PUMA",3358,1094,2264,3074,1094,1980,284,0,284,2519,801,1718,2296,801,1495,223,0,223,839,293,546,778,293,485,61,0,61,0,0,0,0,0,0,0,0,0
2,Ulster County (East) PUMA,649,99,550,637,99,538,12,0,12,388,99,289,388,99,289,0,0,0,261,0,261,249,0,249,12,0,12,0,0,0,0,0,0,0,0,0
3,Albany County (East Central)--Albany City PUMA,1409,436,973,1109,436,673,300,0,300,768,348,420,468,348,120,300,0,300,537,88,449,537,88,449,0,0,0,104,0,104,104,0,104,0,0,0
4,Chemung (South) & Steuben (East) Counties--Greater Elmira & Greater Corning Cities PUMA,524,161,363,457,161,296,67,0,67,457,161,296,457,161,296,0,0,0,67,0,67,0,0,0,67,0,67,0,0,0,0,0,0,0,0,0
5,Ontario & Yates Counties PUMA,1125,819,306,1125,819,306,0,0,0,1125,819,306,1125,819,306,0,0,0,0,0,0,0,0,0,0,0,0,0,0,0,0,0,0,0,0,0
6,Suffolk County (North Central)--Brookhaven Town (North) PUMA,3259,1935,1324,3259,1935,1324,0,0,0,2306,1549,757,2306,1549,757,0,0,0,847,386,461,847,386,461,0,0,0,106,0,106,106,0,106,0,0,0
7,Westchester County (South Central)--New Rochelle & Mount Vernon Cities PUMA,3868,2208,1660,3790,2130,1660,78,78,0,1790,715,1075,1790,715,1075,0,0,0,1517,981,536,1439,903,536,78,78,0,561,512,49,561,512,49,0,0,0
8,"Clinton, Franklin, Essex & Hamilton Counties PUMA",1311,407,904,1169,335,834,142,72,70,680,122,558,680,122,558,0,0,0,631,285,346,489,213,276,142,72,70,0,0,0,0,0,0,0,0,0
9,Oneida County (Central)--Greater Utica & Rome Cities PUMA,4673,2423,2250,3268,1697,1571,1405,726,679,631,308,323,558,235,323,73,73,0,3445,1832,1613,2383,1179,1204,1062,653,409,597,283,314,327,283,44,270,0,270
10,"NYC-Bronx Community District 3 & 6--Belmont, Crotona Park East & East Tremont PUMA",823,711,112,677,565,112,146,146,0,565,565,0,565,565,0,0,0,0,258,146,112,112,0,112,146,146,0,0,0,0,0,0,0,0,0,0
11,Livingston & Wyoming Counties PUMA,87,33,54,87,33,54,0,0,0,32,0,32,32,0,32,0,0,0,55,33,22,55,33,22,0,0,0,0,0,0,0,0,0,0,0,0
12,NYC-Manhattan Community District 3--Chinatown & Lower East Side PUMA,2661,1510,1151,2015,1150,865,646,360,286,2219,1296,923,1705,991,714,514,305,209,365,214,151,310,159,151,55,55,0,77,0,77,0,0,0,77,0,77
13,Suffolk County (West Central)--Babylon Town (Northwest) PUMA,1674,761,913,1184,402,782,490,359,131,546,85,461,415,85,330,131,0,131,1128,676,452,769,317,452,359,359,0,0,0,0,0,0,0,0,0,0
14,Broome County (West Central)--Greater Binghamton City & Greater Johnson City Village PUMA,1760,1161,599,1347,748,599,413,413,0,722,387,335,722,387,335,0,0,0,932,774,158,519,361,158,413,413,0,106,0,106,106,0,106,0,0,0
15,Nassau County (Northwest)--North Hempstead Town (North) PUMA,4118,1865,2253,4032,1865,2167,86,0,86,1937,808,1129,1851,808,1043,86,0,86,2079,1057,1022,2079,1057,1022,0,0,0,102,0,102,102,0,102,0,0,0
16,Monroe County (Central)--Rochester City (East) PUMA,247,60,187,247,60,187,0,0,0,187,0,187,187,0,187,0,0,0,60,60,0,60,60,0,0,0,0,0,0,0,0,0,0,0,0,0
17,Westchester County (Northwest) PUMA,3541,1517,2024,3457,1433,2024,84,84,0,1330,641,689,1330,641,689,0,0,0,1774,677,1097,1690,593,1097,84,84,0,437,199,238,437,199,238,0,0,0
18,NYC-Brooklyn Community District 16--Brownsville & Ocean Hill PUMA,493,307,186,493,307,186,0,0,0,493,307,186,493,307,186,0,0,0,0,0,0,0,0,0,0,0,0,0,0,0,0,0,0,0,0,0
19,Onondaga County (Central)--Syracuse City PUMA,1863,611,1252,1465,484,981,398,127,271,1320,339,981,1193,212,981,127,127,0,543,272,271,272,272,0,271,0,271,0,0,0,0,0,0,0,0,0
20,Westchester County (Northeast) PUMA,2809,1234,1575,2809,1234,1575,0,0,0,1928,920,1008,1928,920,1008,0,0,0,796,314,482,796,314,482,0,0,0,85,0,85,85,0,85,0,0,0
21,Madison & Cortland Counties PUMA,90,28,62,58,28,30,32,0,32,48,28,20,28,28,0,20,0,20,42,0,42,30,0,30,12,0,12,0,0,0,0,0,0,0,0,0
22,Erie County (West Central)--Buffalo City (West) PUMA,593,289,304,523,289,234,70,0,70,144,82,62,144,82,62,0,0,0,242,0,242,172,0,172,70,0,70,207,207,0,207,207,0,0,0,0
23,Monroe County (Central)--Rochester City (West) PUMA,660,284,376,210,94,116,450,190,260,660,284,376,210,94,116,450,190,260,0,0,0,0,0,0,0,0,0,0,0,0,0,0,0,0,0,0
24,Suffolk County (Central)--Islip Town (East) PUMA,524,146,378,524,146,378,0,0,0,337,146,191,337,146,191,0,0,0,60,0,60,60,0,60,0,0,0,127,0,127,127,0,127,0,0,0
25,Nassau County (Central)--Hempstead Town (East Central) PUMA,1719,670,1049,1719,670,1049,0,0,0,1461,470,991,1461,470,991,0,0,0,258,200,58,258,200,58,0,0,0,0,0,0,0,0,0,0,0,0
26,"NYC-Bronx Community District 5--Morris Heights, Fordham South & Mount Hope PUMA",163,163,0,163,163,0,0,0,0,0,0,0,0,0,0,0,0,0,163,163,0,163,163,0,0,0,0,0,0,0,0,0,0,0,0,0
27,St. Lawrence County PUMA,817,532,285,656,427,229,161,105,56,723,519,204,575,427,148,148,92,56,69,0,69,69,0,69,0,0,0,25,13,12,12,0,12,13,13,0
28,Columbia & Greene Counties PUMA,615,100,515,396,100,296,219,0,219,263,73,190,121,73,48,142,0,142,327,27,300,250,27,223,77,0,77,25,0,25,25,0,25,0,0,0
29,NYC-Brooklyn Community District 2--Brooklyn Heights & Fort Greene PUMA,4031,2072,1959,3847,1888,1959,184,184,0,2904,1464,1440,2806,1366,1440,98,98,0,1127,608,519,1041,522,519,86,86,0,0,0,0,0,0,0,0,0,0
30,"NYC-Queens Community District 8--Briarwood, Fresh Meadows & Hillcrest PUMA",5297,2248,3049,4735,2102,2633,562,146,416,3326,1353,1973,3326,1353,1973,0,0,0,1857,781,1076,1295,635,660,562,146,416,114,114,0,114,114,0,0,0,0
31,Monroe County (North & West) PUMA,143,143,0,143,143,0,0,0,0,0,0,0,0,0,0,0,0,0,0,0,0,0,0,0,0,0,0,143,143,0,143,143,0,0,0,0
32,Schenectady County--Schenectady City PUMA,259,76,183,259,76,183,0,0,0,63,31,32,63,31,32,0,0,0,196,45,151,196,45,151,0,0,0,0,0,0,0,0,0,0,0,0
33,"Rockland County (West)--Spring Valley, Suffern Villages & Monsey PUMA",2718,1179,1539,1455,565,890,1263,614,649,252,60,192,252,60,192,0,0,0,2284,1025,1259,1115,505,610,1169,520,649,182,94,88,88,0,88,94,94,0
34,Niagara County (North & East) PUMA,204,204,0,204,204,0,0,0,0,126,126,0,126,126,0,0,0,0,78,78,0,78,78,0,0,0,0,0,0,0,0,0,0,0,0,0
35,Suffolk County (Central)--Brookhaven Town (Central) PUMA,2427,1827,600,2427,1827,600,0,0,0,755,540,215,755,540,215,0,0,0,1347,962,385,1347,962,385,0,0,0,325,325,0,325,325,0,0,0,0
36,Suffolk County (East) PUMA,2238,1251,987,2238,1251,987,0,0,0,947,461,486,947,461,486,0,0,0,1291,790,501,1291,790,501,0,0,0,0,0,0,0,0,0,0,0,0
37,Warren & Washington Counties PUMA,440,214,226,440,214,226,0,0,0,239,214,25,239,214,25,0,0,0,0,0,0,0,0,0,0,0,0,201,0,201,201,0,201,0,0,0
38,NYC-Queens Community District 6--Forest Hills & Rego Park PUMA,10828,5632,5196,9589,5112,4477,1239,520,719,6488,3027,3461,5984,2798,3186,504,229,275,3849,2217,1632,3114,1926,1188,735,291,444,491,388,103,491,388,103,0,0,0
39,"NYC-Brooklyn Community District 9--Crown Heights South, Prospect Lefferts & Wingate PUMA",1114,533,581,726,292,434,388,241,147,751,533,218,510,292,218,241,241,0,274,0,274,216,0,216,58,0,58,89,0,89,0,0,0,89,0,89
40,Westchester County (Central)--White Plains City PUMA,2539,1544,995,2471,1476,995,68,68,0,1882,952,930,1882,952,930,0,0,0,583,518,65,515,450,65,68,68,0,74,74,0,74,74,0,0,0,0
41,"NYC-Bronx Community District 1 & 2--Hunts Point, Longwood & Melrose PUMA",589,383,206,589,383,206,0,0,0,104,32,72,104,32,72,0,0,0,485,351,134,485,351,134,0,0,0,0,0,0,0,0,0,0,0,0
42,Erie County (North Central) PUMA,1488,799,689,854,424,430,634,375,259,941,383,558,663,233,430,278,150,128,387,256,131,191,191,0,196,65,131,160,160,0,0,0,0,160,160,0
43,Chautauqua County PUMA,252,93,159,93,93,0,159,0,159,93,93,0,93,93,0,0,0,0,0,0,0,0,0,0,0,0,0,159,0,159,0,0,0,159,0,159
44,Dutchess County (Southwest) PUMA,1670,385,1285,1621,385,1236,49,0,49,744,297,447,695,297,398,49,0,49,466,88,378,466,88,378,0,0,0,460,0,460,460,0,460,0,0,0
45,Westchester County (Southeast) PUMA,5010,2711,2299,4559,2260,2299,451,451,0,2805,1248,1557,2693,1136,1557,112,112,0,1939,1357,582,1600,1018,582,339,339,0,266,106,160,266,106,160,0,0,0
46,Rockland County (North)--New City & Congers PUMA,672,296,376,530,296,234,142,0,142,212,0,212,70,0,70,142,0,142,460,296,164,460,296,164,0,0,0,0,0,0,0,0,0,0,0,0
47,NYC-Staten Island Community District 2--New Springville & South Beach PUMA,11151,5972,5179,10229,5436,4793,922,536,386,4703,2602,2101,4233,2427,1806,470,175,295,5450,2470,2980,5132,2243,2889,318,227,91,998,900,98,864,766,98,134,134,0
48,Suffolk County (Southwest)--Islip Town (South) PUMA,1609,957,652,1496,957,539,113,0,113,891,353,538,778,353,425,113,0,113,718,604,114,718,604,114,0,0,0,0,0,0,0,0,0,0,0,0
49,Erie County (West Central)--Buffalo City (East) PUMA,1048,790,258,267,147,120,781,643,138,532,532,0,147,147,0,385,385,0,516,258,258,120,0,120,396,258,138,0,0,0,0,0,0,0,0,0
50,Wayne & Seneca Counties PUMA,130,102,28,56,28,28,74,74,0,82,82,0,28,28,0,54,54,0,48,20,28,28,0,28,20,20,0,0,0,0,0,0,0,0,0,0
51,Monroe County (South) PUMA,2649,1247,1402,1803,838,965,846,409,437,1497,634,863,1070,483,587,427,151,276,787,364,423,496,234,262,291,130,161,365,249,116,237,121,116,128,128,0
52,Tompkins County PUMA,1198,662,536,1198,662,536,0,0,0,869,333,536,869,333,536,0,0,0,329,329,0,329,329,0,0,0,0,0,0,0,0,0,0,0,0,0
53,Suffolk County (South Central)--Brookhaven Town (South) PUMA,521,54,467,269,54,215,252,0,252,398,0,398,146,0,146,252,0,252,123,54,69,123,54,69,0,0,0,0,0,0,0,0,0,0,0,0
54,"Otsego, Schoharie, Oneida (South) & Herkimer (South) Counties PUMA",229,91,138,172,34,138,57,57,0,17,0,17,17,0,17,0,0,0,212,91,121,155,34,121,57,57,0,0,0,0,0,0,0,0,0,0
55,NYC-Manhattan Community District 8--Upper East Side PUMA,11289,5300,5989,10916,5300,5616,373,0,373,10544,5141,5403,10171,5141,5030,373,0,373,703,117,586,703,117,586,0,0,0,42,42,0,42,42,0,0,0,0
56,"NYC-Manhattan Community District 1 & 2--Battery Park City, Greenwich Village & Soho PUMA",4802,3046,1756,4580,2824,1756,222,222,0,4611,2980,1631,4389,2758,1631,222,222,0,191,66,125,191,66,125,0,0,0,0,0,0,0,0,0,0,0,0
57,"NYC-Manhattan Community District 12--Washington Heights, Inwood & Marble Hill PUMA",2690,1120,1570,2266,1120,1146,424,0,424,2060,1061,999,1944,1061,883,116,0,116,577,59,518,269,59,210,308,0,308,53,0,53,53,0,53,0,0,0
58,NYC-Brooklyn Community District 18--Canarsie & Flatlands PUMA,3692,1876,1816,2665,1270,1395,1027,606,421,1740,915,825,1404,579,825,336,336,0,1783,841,942,1212,691,521,571,150,421,169,120,49,49,0,49,120,120,0
59,"NYC-Bronx Community District 12--Wakefield, Williamsbridge & Woodlawn PUMA",715,376,339,323,157,166,392,219,173,186,186,0,36,36,0,150,150,0,378,121,257,287,121,166,91,0,91,151,69,82,0,0,0,151,69,82
60,Suffolk County (Central)--Islip Town (Northwest) PUMA,1219,389,830,1219,389,830,0,0,0,134,0,134,134,0,134,0,0,0,1085,389,696,1085,389,696,0,0,0,0,0,0,0,0,0,0,0,0
61,"NYC-Queens Community District 14--Far Rockaway, Breezy Point & Broad Channel PUMA",3073,1320,1753,2802,1236,1566,271,84,187,1557,407,1150,1286,323,963,271,84,187,1516,913,603,1516,913,603,0,0,0,0,0,0,0,0,0,0,0,0
62,Saratoga County (South & Central) PUMA,691,247,444,558,247,311,133,0,133,162,105,57,162,105,57,0,0,0,401,142,259,268,142,126,133,0,133,128,0,128,128,0,128,0,0,0
63,Cattaraugus & Allegany Counties PUMA,123,86,37,73,36,37,50,50,0,123,86,37,73,36,37,50,50,0,0,0,0,0,0,0,0,0,0,0,0,0,0,0,0,0,0,0
64,Genesee & Orleans Counties PUMA,150,99,51,99,99,0,51,0,51,0,0,0,0,0,0,0,0,0,99,99,0,99,99,0,0,0,0,51,0,51,0,0,0,51,0,51
65,Cayuga & Onondaga (South) Counties PUMA,607,306,301,447,223,224,160,83,77,333,184,149,250,101,149,83,83,0,274,122,152,197,122,75,77,0,77,0,0,0,0,0,0,0,0,0
66,Sullivan & Ulster (West) Counties PUMA,1291,674,617,865,521,344,426,153,273,464,328,136,464,328,136,0,0,0,778,297,481,401,193,208,377,104,273,49,49,0,0,0,0,49,49,0
67,"NYC-Bronx Community District 7--Bedford Park, Fordham North & Norwood PUMA",1200,187,1013,379,0,379,821,187,634,765,187,578,379,0,379,386,187,199,435,0,435,0,0,0,435,0,435,0,0,0,0,0,0,0,0,0
68,Suffolk County (Central)--Brookhaven Town (West Central) PUMA,1750,1213,537,1677,1140,537,73,73,0,788,498,290,788,498,290,0,0,0,717,470,247,644,397,247,73,73,0,245,245,0,245,245,0,0,0,0
69,NYC-Queens Community District 1--Astoria & Long Island City PUMA,11454,5722,5732,9513,5041,4472,1941,681,1260,6084,2671,3413,5132,2396,2736,952,275,677,4847,2808,2039,3905,2449,1456,942,359,583,523,243,280,476,196,280,47,47,0
70,Jefferson & Lewis Counties PUMA,657,167,490,372,167,205,285,0,285,170,130,40,170,130,40,0,0,0,466,37,429,202,37,165,264,0,264,21,0,21,0,0,0,21,0,21
71,Nassau County (West Central)--Hempstead Town (Northwest) PUMA,1910,541,1369,1856,541,1315,54,0,54,1027,367,660,1027,367,660,0,0,0,580,114,466,526,114,412,54,0,54,303,60,243,303,60,243,0,0,0
72,Nassau County (Central)--Hempstead Town (North Central)--Meadowbrook Corridor PUMA,86,86,0,86,86,0,0,0,0,0,0,0,0,0,0,0,0,0,86,86,0,86,86,0,0,0,0,0,0,0,0,0,0,0,0,0
73,Orange County (Northeast)--Greater Newburgh City PUMA,642,284,358,642,284,358,0,0,0,358,0,358,358,0,358,0,0,0,284,284,0,284,284,0,0,0,0,0,0,0,0,0,0,0,0,0
74,"NYC-Bronx Community District 11--Pelham Parkway, Morris Park & Laconia PUMA",3000,1936,1064,2074,1514,560,926,422,504,1452,648,804,898,510,388,554,138,416,1101,914,187,770,630,140,331,284,47,447,374,73,406,374,32,41,0,41
75,"NYC-Queens Community District 12--Jamaica, Hollis & St. Albans PUMA",352,178,174,178,178,0,174,0,174,100,0,100,0,0,0,100,0,100,178,178,0,178,178,0,0,0,0,74,0,74,0,0,0,74,0,74
76,Erie County (Central) PUMA,2307,1175,1132,2105,1063,1042,202,112,90,902,623,279,842,563,279,60,60,0,1405,552,853,1263,500,763,142,52,90,0,0,0,0,0,0,0,0,0
77,"NYC-Staten Island Community District 1--Port Richmond, Stapleton & Mariner's Harbor PUMA",4865,2122,2743,3813,1551,2262,1052,571,481,2957,1240,1717,2200,964,1236,757,276,481,1736,810,926,1441,515,926,295,295,0,172,72,100,172,72,100,0,0,0
78,"NYC-Brooklyn Community District 15--Sheepshead Bay, Gerritsen Beach & Homecrest PUMA",19491,8047,11444,17796,7195,10601,1695,852,843,10213,3922,6291,9590,3532,6058,623,390,233,8077,3765,4312,7200,3303,3897,877,462,415,1201,360,841,1006,360,646,195,0,195
79,"NYC-Bronx Community District 8--Riverdale, Fieldston & Kingsbridge PUMA",2064,1243,821,2003,1243,760,61,0,61,1346,797,549,1346,797,549,0,0,0,658,446,212,597,446,151,61,0,61,60,0,60,60,0,60,0,0,0
80,NYC-Brooklyn Community District 5--East New York & Starrett City PUMA,385,149,236,385,149,236,0,0,0,0,0,0,0,0,0,0,0,0,385,149,236,385,149,236,0,0,0,0,0,0,0,0,0,0,0,0
81,Onondaga County (Central)--Syracuse City (Outer) PUMA,1806,856,950,1664,856,808,142,0,142,1030,670,360,1030,670,360,0,0,0,776,186,590,634,186,448,142,0,142,0,0,0,0,0,0,0,0,0
82,"NYC-Manhattan Community District 6--Murray Hill, Gramercy & Stuyvesant Town PUMA",3691,2025,1666,3665,1999,1666,26,26,0,2777,1329,1448,2777,1329,1448,0,0,0,914,696,218,888,670,218,26,26,0,0,0,0,0,0,0,0,0,0
83,"Chenango, Delaware & Broome (East) Counties PUMA",641,230,411,623,230,393,18,0,18,140,75,65,122,75,47,18,0,18,501,155,346,501,155,346,0,0,0,0,0,0,0,0,0,0,0,0
84,Orange County (Northwest) PUMA,356,67,289,178,67,111,178,0,178,44,0,44,44,0,44,0,0,0,145,67,78,67,67,0,78,0,78,167,0,167,67,0,67,100,0,100
85,NYC-Brooklyn Community District 7--Sunset Park & Windsor Terrace PUMA,2324,1425,899,1664,949,715,660,476,184,935,575,360,706,346,360,229,229,0,1331,792,539,900,545,355,431,247,184,58,58,0,58,58,0,0,0,0
86,Nassau County (Northeast)--Oyster Bay Town (North) & Glen Cove City PUMA,2704,1040,1664,2270,950,1320,434,90,344,1858,997,861,1768,907,861,90,90,0,846,43,803,502,43,459,344,0,344,0,0,0,0,0,0,0,0,0
87,Dutchess County (North & East) PUMA,603,125,478,373,69,304,230,56,174,603,125,478,373,69,304,230,56,174,0,0,0,0,0,0,0,0,0,0,0,0,0,0,0,0,0,0
88,Putnam County PUMA,1984,719,1265,1984,719,1265,0,0,0,471,62,409,471,62,409,0,0,0,1435,579,856,1435,579,856,0,0,0,78,78,0,78,78,0,0,0,0
89,Albany County (Outside Albany City) PUMA,2249,1290,959,1992,1196,796,257,94,163,667,343,324,410,249,161,257,94,163,1582,947,635,1582,947,635,0,0,0,0,0,0,0,0,0,0,0,0
90,"NYC-Bronx Community District 10--Co-op City, Pelham Bay & Schuylerville PUMA",536,536,0,536,536,0,0,0,0,0,0,0,0,0,0,0,0,0,536,536,0,536,536,0,0,0,0,0,0,0,0,0,0,0,0,0
91,NYC-Queens Community District 4--Elmhurst & South Corona PUMA,2516,1123,1393,960,517,443,1556,606,950,1628,730,898,530,124,406,1098,606,492,393,393,0,393,393,0,0,0,0,495,0,495,37,0,37,458,0,458
92,"NYC-Brooklyn Community District 12--Borough Park, Kensington & Ocean Parkway PUMA",6510,3207,3303,4210,1932,2278,2300,1275,1025,2669,1362,1307,2093,1001,1092,576,361,215,3454,1499,1955,1810,624,1186,1644,875,769,387,346,41,307,307,0,80,39,41
93,Nassau County (Southeast)--Oyster Bay Town (South) PUMA,1226,814,412,1226,814,412,0,0,0,373,373,0,373,373,0,0,0,0,562,211,351,562,211,351,0,0,0,291,230,61,291,230,61,0,0,0
94,Suffolk County (Northwest)--Huntington Town (South) PUMA,3191,1843,1348,3003,1746,1257,188,97,91,2406,1258,1148,2218,1161,1057,188,97,91,435,235,200,435,235,200,0,0,0,350,350,0,350,350,0,0,0,0
95,Oswego County PUMA,377,62,315,377,62,315,0,0,0,0,0,0,0,0,0,0,0,0,377,62,315,377,62,315,0,0,0,0,0,0,0,0,0,0,0,0
96,Rensselaer County--Troy City PUMA,1285,806,479,1028,729,299,257,77,180,1107,806,301,927,729,198,180,77,103,178,0,178,101,0,101,77,0,77,0,0,0,0,0,0,0,0,0
97,Saratoga County (Outer) PUMA,613,251,362,613,251,362,0,0,0,268,197,71,268,197,71,0,0,0,345,54,291,345,54,291,0,0,0,0,0,0,0,0,0,0,0,0
98,Herkimer (North & Central) & Oneida (Outer) Counties PUMA,664,297,367,529,279,250,135,18,117,205,88,117,88,88,0,117,0,117,388,209,179,370,191,179,18,18,0,71,0,71,71,0,71,0,0,0
99,Monroe County (East) PUMA,1916,890,1026,1451,618,833,465,272,193,960,449,511,612,177,435,348,272,76,883,441,442,766,441,325,117,0,117,73,0,73,73,0,73,0,0,0
100,"NYC-Queens Community District 13--Queens Village, Cambria Heights & Rosedale PUMA",101,0,101,101,0,101,0,0,0,0,0,0,0,0,0,0,0,0,101,0,101,101,0,101,0,0,0,0,0,0,0,0,0,0,0,0
101,Erie County (South) PUMA,1337,939,398,1337,939,398,0,0,0,0,0,0,0,0,0,0,0,0,1337,939,398,1337,939,398,0,0,0,0,0,0,0,0,0,0,0,0
102,Monroe County (Central)--Greece & Gates Towns PUMA,1043,259,784,657,205,452,386,54,332,748,132,616,416,132,284,332,0,332,295,127,168,241,73,168,54,54,0,0,0,0,0,0,0,0,0,0
103,NYC-Manhattan Community District 7--Upper West Side & West Side PUMA,10036,5327,4709,9554,5142,4412,482,185,297,8729,4454,4275,8636,4454,4182,93,0,93,1193,759,434,804,574,230,389,185,204,114,114,0,114,114,0,0,0,0
104,NYC-Manhattan Community District 11--East Harlem PUMA,1670,1035,635,1620,1021,599,50,14,36,1411,922,489,1397,908,489,14,14,0,259,113,146,223,113,110,36,0,36,0,0,0,0,0,0,0,0,0
105,"NYC-Queens Community District 7--Flushing, Murray Hill & Whitestone PUMA",4066,1813,2253,3782,1813,1969,284,0,284,1735,687,1048,1615,687,928,120,0,120,1418,335,1083,1254,335,919,164,0,164,913,791,122,913,791,122,0,0,0
106,NYC-Brooklyn Community District 1--Greenpoint & Williamsburg PUMA,6877,2713,4164,5627,2279,3348,1250,434,816,3401,1101,2300,3310,1101,2209,91,0,91,2344,1091,1253,1583,819,764,761,272,489,1132,521,611,734,359,375,398,162,236
107,Onondaga County (North) PUMA,1331,864,467,1100,753,347,231,111,120,447,401,46,447,401,46,0,0,0,827,406,421,596,295,301,231,111,120,57,57,0,57,57,0,0,0,0
108,NYC-Brooklyn Community District 14--Flatbush & Midwood PUMA,6873,3277,3596,5831,2805,3026,1042,472,570,4188,1952,2236,3542,1643,1899,646,309,337,1846,732,1114,1779,732,1047,67,0,67,839,593,246,510,430,80,329,163,166
109,"Rockland County (South)--Orangetown, Clarkstown (South) & Ramapo (Southeast) Towns PUMA",521,223,298,509,211,298,12,12,0,263,96,167,251,84,167,12,12,0,258,127,131,258,127,131,0,0,0,0,0,0,0,0,0,0,0,0
110,NYC-Brooklyn Community District 13--Brighton Beach & Coney Island PUMA,11286,4443,6843,10005,4003,6002,1281,440,841,8395,3192,5203,7871,3046,4825,524,146,378,2315,731,1584,1558,437,1121,757,294,463,576,520,56,576,520,56,0,0,0
111,"NYC-Bronx Community District 4--Concourse, Highbridge & Mount Eden PUMA",232,132,100,232,132,100,0,0,0,0,0,0,0,0,0,0,0,0,232,132,100,232,132,100,0,0,0,0,0,0,0,0,0,0,0,0
112,Erie County (Northeast) PUMA,495,154,341,495,154,341,0,0,0,272,101,171,272,101,171,0,0,0,223,53,170,223,53,170,0,0,0,0,0,0,0,0,0,0,0,0
113,NYC-Brooklyn Community District 8--Crown Heights North & Prospect Heights PUMA,2216,1248,968,1603,806,797,613,442,171,1593,702,891,1085,365,720,508,337,171,623,546,77,518,441,77,105,105,0,0,0,0,0,0,0,0,0,0
114,NYC-Queens Community District 3--Jackson Heights & North Corona PUMA,3253,1420,1833,2665,1284,1381,588,136,452,2187,1056,1131,1862,1056,806,325,0,325,1066,364,702,803,228,575,263,136,127,0,0,0,0,0,0,0,0,0
115,Fulton & Montgomery Counties PUMA,103,40,63,103,40,63,0,0,0,87,24,63,87,24,63,0,0,0,16,16,0,16,16,0,0,0,0,0,0,0,0,0,0,0,0,0
116,Niagara County (Southwest)--Greater Niagara Falls & North Tonawanda Area PUMA,442,370,72,72,0,72,370,370,0,370,370,0,0,0,0,370,370,0,72,0,72,72,0,72,0,0,0,0,0,0,0,0,0,0,0,0
117,"Steuben (North & West), Schuyler & Chemung (North) Counties PUMA",215,100,115,215,100,115,0,0,0,215,100,115,215,100,115,0,0,0,0,0,0,0,0,0,0,0,0,0,0,0,0,0,0,0,0,0
118,NYC-Brooklyn Community District 4--Bushwick PUMA,1146,712,434,1146,712,434,0,0,0,625,370,255,625,370,255,0,0,0,521,342,179,521,342,179,0,0,0,0,0,0,0,0,0,0,0,0
119,"NYC-Manhattan Community District 4 & 5--Chelsea, Clinton & Midtown Business District PUMA",8274,4259,4015,8128,4113,4015,146,146,0,6892,3668,3224,6892,3668,3224,0,0,0,1382,591,791,1236,445,791,146,146,0,0,0,0,0,0,0,0,0,0
120,"NYC-Brooklyn Community District 6--Park Slope, Carroll Gardens & Red Hook PUMA",3432,1757,1675,3120,1590,1530,312,167,145,3094,1419,1675,2949,1419,1530,145,0,145,338,338,0,171,171,0,167,167,0,0,0,0,0,0,0,0,0,0
121,NYC-Brooklyn Community District 3--Bedford-Stuyvesant PUMA,1703,408,1295,1391,408,983,312,0,312,1193,236,957,1009,236,773,184,0,184,510,172,338,382,172,210,128,0,128,0,0,0,0,0,0,0,0,0
122,NYC-Queens Community District 10--Howard Beach & Ozone Park PUMA,1733,1023,710,1648,982,666,85,41,44,396,41,355,311,0,311,85,41,44,1204,919,285,1204,919,285,0,0,0,133,63,70,133,63,70,0,0,0
123,Suffolk County (Northwest)--Huntington Town (North) PUMA,1098,233,865,861,233,628,237,0,237,895,139,756,658,139,519,237,0,237,203,94,109,203,94,109,0,0,0,0,0,0,0,0,0,0,0,0
124,Orange County (Southeast) PUMA,1478,773,705,1079,566,513,399,207,192,22,22,0,0,0,0,22,22,0,1245,659,586,901,507,394,344,152,192,211,92,119,178,59,119,33,33,0
125,Nassau County (East Central)--Oyster Bay Town (Central) PUMA,1289,892,397,1289,892,397,0,0,0,650,325,325,650,325,325,0,0,0,567,567,0,567,567,0,0,0,0,72,0,72,72,0,72,0,0,0
126,Suffolk County (Northwest)--Smithtown Town PUMA,641,200,441,641,200,441,0,0,0,215,0,215,215,0,215,0,0,0,296,70,226,296,70,226,0,0,0,130,130,0,130,130,0,0,0,0
127,"NYC-Brooklyn Community District 17--East Flatbush, Farragut & Rugby PUMA",958,553,405,958,553,405,0,0,0,172,38,134,172,38,134,0,0,0,690,419,271,690,419,271,0,0,0,96,96,0,96,96,0,0,0,0
128,"NYC-Bronx Community District 9--Castle Hill, Clason Point & Parkchester PUMA",610,279,331,610,279,331,0,0,0,137,63,74,137,63,74,0,0,0,473,216,257,473,216,257,0,0,0,0,0,0,0,0,0,0,0,0
129,NYC-Queens Community District 9--Richmond Hill & Woodhaven PUMA,2873,1854,1019,2316,1389,927,557,465,92,974,354,620,893,273,620,81,81,0,1736,1337,399,1260,953,307,476,384,92,163,163,0,163,163,0,0,0,0
130,Westchester County (Southwest)--Yonkers City PUMA,3931,1886,2045,3761,1773,1988,170,113,57,1443,564,879,1386,564,822,57,0,57,1615,872,743,1615,872,743,0,0,0,873,450,423,760,337,423,113,113,0
131,Broome (Outer West) & Tioga Counties PUMA,175,49,126,85,49,36,90,0,90,85,49,36,85,49,36,0,0,0,90,0,90,0,0,0,90,0,90,0,0,0,0,0,0,0,0,0
132,NYC-Brooklyn Community District 10--Bay Ridge & Dyker Heights PUMA,8470,4838,3632,6710,3790,2920,1760,1048,712,4692,2497,2195,4116,2187,1929,576,310,266,3388,2199,1189,2275,1532,743,1113,667,446,390,142,248,319,71,248,71,71,0
133,"NYC-Queens Community District 5--Ridgewood, Glendale & Middle Village PUMA",19203,9228,9975,17452,8523,8929,1751,705,1046,8876,3629,5247,8264,3418,4846,612,211,401,9639,5258,4381,8935,4980,3955,704,278,426,688,341,347,253,125,128,435,216,219
134,NYC-Manhattan Community District 10--Central Harlem PUMA,2858,1768,1090,2633,1699,934,225,69,156,1830,896,934,1605,827,778,225,69,156,966,810,156,966,810,156,0,0,0,62,62,0,62,62,0,0,0,0
135,"NYC-Queens Community District 11--Bayside, Douglaston & Little Neck PUMA",2399,1301,1098,2119,1021,1098,280,280,0,1364,565,799,1364,565,799,0,0,0,626,495,131,542,411,131,84,84,0,409,241,168,213,45,168,196,196,0
136,Erie County (Northwest) PUMA,883,451,432,458,227,231,425,224,201,422,129,293,307,76,231,115,53,62,372,233,139,151,151,0,221,82,139,89,89,0,0,0,0,89,89,0
137,NYC-Queens Community District 2--Sunnyside & Woodside PUMA,6266,3355,2911,5787,3259,2528,479,96,383,2296,1090,1206,2188,1090,1098,108,0,108,3783,2212,1571,3412,2116,1296,371,96,275,187,53,134,187,53,134,0,0,0
138,Suffolk County (Southwest)--Babylon Town (Southeast) PUMA,3449,1476,1973,3061,1410,1651,388,66,322,984,588,396,984,588,396,0,0,0,2225,759,1466,1951,759,1192,274,0,274,240,129,111,126,63,63,114,66,48
139,"NYC-Staten Island Community District 3--Tottenville, Great Kills & Annadale PUMA",11728,5772,5956,10626,5435,5191,1102,337,765,4994,2368,2626,4700,2368,2332,294,0,294,6137,3213,2924,5329,2876,2453,808,337,471,597,191,406,597,191,406,0,0,0
140,Nassau County (West Central)--Hempstead Town (West Central) PUMA,1271,850,421,1185,811,374,86,39,47,765,556,209,718,556,162,47,0,47,405,193,212,366,154,212,39,39,0,101,101,0,101,101,0,0,0,0
141,Nassau County (Central)--Hempstead Town (Northeast) PUMA,1410,509,901,1286,509,777,124,0,124,605,185,420,481,185,296,124,0,124,805,324,481,805,324,481,0,0,0,0,0,0,0,0,0,0,0,0
142,Nassau County (Southwest)--Hempstead Town (Southwest) & Long Beach City PUMA,3093,702,2391,2958,702,2256,135,0,135,2575,525,2050,2440,525,1915,135,0,135,518,177,341,518,177,341,0,0,0,0,0,0,0,0,0,0,0,0
143,NYC-Brooklyn Community District 11--Bensonhurst & Bath Beach PUMA,12887,5791,7096,9821,4585,5236,3066,1206,1860,7289,2817,4472,6412,2583,3829,877,234,643,4472,2162,2310,2607,1372,1235,1865,790,1075,1126,812,314,802,630,172,324,182,142
144,Nassau County (South Central)--Hempstead Town (Southeast) PUMA,587,281,306,587,281,306,0,0,0,363,121,242,363,121,242,0,0,0,224,160,64,224,160,64,0,0,0,0,0,0,0,0,0,0,0,0
145,Nassau County (West Central)--North Hempstead Town (South) PUMA,4601,2588,2013,4442,2527,1915,159,61,98,1877,900,977,1779,900,879,98,0,98,1932,1216,716,1871,1155,716,61,61,0,792,472,320,792,472,320,0,0,0
146,Capital Region,7561,3420,4141,6395,3249,3146,1166,171,995,3537,2117,1420,2658,1946,712,879,171,708,3566,1303,2263,3279,1303,1976,287,0,287,458,0,458,458,0,458,0,0,0
147,Central NY,6074,2727,3347,5111,2406,2705,963,321,642,3178,1622,1556,2948,1412,1536,230,210,20,2839,1048,1791,2106,937,1169,733,111,622,57,57,0,57,57,0,0,0,0
148,Finger Lakes,8150,3936,4214,5878,2937,2941,2272,999,1273,5291,2400,2891,3680,1733,1947,1611,667,944,2227,1144,1083,1745,940,805,482,204,278,632,392,240,453,264,189,179,128,51
149,Long Island,47614,23123,24491,44795,22338,22457,2819,785,2034,25093,11244,13849,23592,11057,12535,1501,187,1314,19337,9837,9500,18133,9305,8828,1204,532,672,3184,2042,1142,3070,1976,1094,114,66,48
150,Mid-Hudson,34282,15924,18358,30720,14088,16632,3562,1836,1726,14999,6129,8870,14375,5927,8448,624,202,422,15840,8141,7699,13291,6796,6495,2549,1345,1204,3443,1654,1789,3054,1365,1689,389,289,100
151,Mohawk Valley,5669,2851,2818,4072,2050,2022,1597,801,796,940,420,520,750,347,403,190,73,117,4061,2148,1913,2924,1420,1504,1137,728,409,668,283,385,398,283,115,270,0,270
152,New York City,256307,125869,130438,222350,110826,111524,33957,15043,18914,152159,70248,81911,137858,64194,73664,14301,6054,8247,91122,47832,43290,74685,40242,34443,16437,7590,8847,13026,7789,5237,9807,6390,3417,3219,1399,1820
153,North Country,2785,1106,1679,2197,929,1268,588,177,411,1573,771,802,1425,679,746,148,92,56,1166,322,844,760,250,510,406,72,334,46,13,33,12,0,12,34,13,21
154,Southern Tier,4513,2363,2150,3925,1950,1975,588,413,175,2488,1105,1383,2470,1105,1365,18,0,18,1919,1258,661,1349,845,504,570,413,157,106,0,106,106,0,106,0,0,0
155,Western NY,9172,5350,3822,6481,3576,2905,2691,1774,917,3925,2525,1400,2667,1457,1210,1258,1068,190,4632,2369,2263,3607,1912,1695,1025,457,568,615,456,159,207,207,0,408,249,159
