,puma,Total_geo,Total_geo_m,Total_geo_f,Total_NP_mf_t,Total_NP_m,Total_NP_f,Total_P_mf_t,Total_P_m,Total_P_f,Total_BABS,Total_BABS_m,Total_BABS_f,BABS_NP_mf_t,BABS_NP_m,BABS_NP_f,BABS_P_mf_t,BABS_P_m,BABS_P_f,Total_HS,Total_HS_m,Total_HS_f,HS_NP_mf_t,HS_NP_m,HS_NP_f,HS_P_mf_t,HS_P_m,HS_P_f,Total_HSINC,Total_HSINC_m,Total_HSINC_f,HSINC_NP_mf_t,HSINC_NP_m,HSINC_NP_f,HSINC_P_mf_t,HSINC_P_m,HSINC_P_f
0,Total Geo,913096,449857,463239,673541,351189,322352,239555,98668,140887,250746,104677,146069,226994,97688,129306,23752,6989,16763,525832,274875,250957,386231,215975,170256,139601,58900,80701,136518,70305,66213,60316,37526,22790,76202,32779,43423
1,"NYC-Manhattan Community District 9--Hamilton Heights, Manhattanville & West Harlem PUMA",13236,5613,7623,10127,4562,5565,3109,1051,2058,3564,1913,1651,3244,1593,1651,320,320,0,8495,2899,5596,6062,2493,3569,2433,406,2027,1177,801,376,821,476,345,356,325,31
2,Ulster County (East) PUMA,3979,2373,1606,2773,1808,965,1206,565,641,984,506,478,731,380,351,253,126,127,2918,1790,1128,2042,1428,614,876,362,514,77,77,0,0,0,0,77,77,0
3,Albany County (East Central)--Albany City PUMA,3496,1391,2105,1874,877,997,1622,514,1108,1059,413,646,876,413,463,183,0,183,2388,978,1410,949,464,485,1439,514,925,49,0,49,49,0,49,0,0,0
4,Chemung (South) & Steuben (East) Counties--Greater Elmira & Greater Corning Cities PUMA,1331,337,994,1115,337,778,216,0,216,351,0,351,351,0,351,0,0,0,957,337,620,764,337,427,193,0,193,23,0,23,0,0,0,23,0,23
5,Ontario & Yates Counties PUMA,2474,1370,1104,1392,708,684,1082,662,420,498,343,155,256,101,155,242,242,0,1463,610,853,811,378,433,652,232,420,513,417,96,325,229,96,188,188,0
6,Suffolk County (North Central)--Brookhaven Town (North) PUMA,3094,2076,1018,3094,2076,1018,0,0,0,1541,1051,490,1541,1051,490,0,0,0,1320,920,400,1320,920,400,0,0,0,233,105,128,233,105,128,0,0,0
7,Westchester County (South Central)--New Rochelle & Mount Vernon Cities PUMA,11028,5150,5878,9330,4828,4502,1698,322,1376,3873,1348,2525,3873,1348,2525,0,0,0,5927,3443,2484,4769,3121,1648,1158,322,836,1228,359,869,688,359,329,540,0,540
8,"Clinton, Franklin, Essex & Hamilton Counties PUMA",896,477,419,888,469,419,8,8,0,210,115,95,210,115,95,0,0,0,686,362,324,678,354,324,8,8,0,0,0,0,0,0,0,0,0,0
9,Oneida County (Central)--Greater Utica & Rome Cities PUMA,4355,2151,2204,2770,1423,1347,1585,728,857,1098,52,1046,697,52,645,401,0,401,3084,2065,1019,2004,1371,633,1080,694,386,173,34,139,69,0,69,104,34,70
10,"NYC-Bronx Community District 3 & 6--Belmont, Crotona Park East & East Tremont PUMA",27418,9818,17600,13622,5436,8186,13796,4382,9414,4629,1374,3255,3396,1088,2308,1233,286,947,14543,5511,9032,8950,3927,5023,5593,1584,4009,8246,2933,5313,1276,421,855,6970,2512,4458
11,Livingston & Wyoming Counties PUMA,586,91,495,302,38,264,284,53,231,63,53,10,10,0,10,53,53,0,350,38,312,292,38,254,58,0,58,173,0,173,0,0,0,173,0,173
12,NYC-Manhattan Community District 3--Chinatown & Lower East Side PUMA,16374,6696,9678,10683,4575,6108,5691,2121,3570,3842,596,3246,3233,596,2637,609,0,609,10839,5495,5344,7070,3697,3373,3769,1798,1971,1693,605,1088,380,282,98,1313,323,990
13,Suffolk County (West Central)--Babylon Town (Northwest) PUMA,6075,2537,3538,4934,2107,2827,1141,430,711,985,361,624,899,361,538,86,0,86,4078,1709,2369,3724,1709,2015,354,0,354,1012,467,545,311,37,274,701,430,271
14,Broome County (West Central)--Greater Binghamton City & Greater Johnson City Village PUMA,1972,920,1052,1371,655,716,601,265,336,175,24,151,175,24,151,0,0,0,1396,831,565,1131,566,565,265,265,0,401,65,336,65,65,0,336,0,336
15,Nassau County (Northwest)--North Hempstead Town (North) PUMA,2015,964,1051,1414,678,736,601,286,315,890,438,452,890,438,452,0,0,0,794,240,554,479,240,239,315,0,315,331,286,45,45,0,45,286,286,0
16,Monroe County (Central)--Rochester City (East) PUMA,10622,5104,5518,5191,2793,2398,5431,2311,3120,878,664,214,526,312,214,352,352,0,7429,3011,4418,3726,1932,1794,3703,1079,2624,2315,1429,886,939,549,390,1376,880,496
17,Westchester County (Northwest) PUMA,4819,2910,1909,4681,2772,1909,138,138,0,1257,770,487,1119,632,487,138,138,0,2962,1879,1083,2962,1879,1083,0,0,0,600,261,339,600,261,339,0,0,0
18,NYC-Brooklyn Community District 16--Brownsville & Ocean Hill PUMA,10286,4025,6261,5620,2235,3385,4666,1790,2876,1851,334,1517,1655,138,1517,196,196,0,6471,3107,3364,3042,1752,1290,3429,1355,2074,1964,584,1380,923,345,578,1041,239,802
19,Onondaga County (Central)--Syracuse City PUMA,4405,2490,1915,2154,1382,772,2251,1108,1143,791,540,251,758,540,218,33,0,33,3087,1671,1416,1396,842,554,1691,829,862,527,279,248,0,0,0,527,279,248
20,Westchester County (Northeast) PUMA,3085,1449,1636,2711,1449,1262,374,0,374,2349,1246,1103,2302,1246,1056,47,0,47,736,203,533,409,203,206,327,0,327,0,0,0,0,0,0,0,0,0
21,Madison & Cortland Counties PUMA,477,270,207,477,270,207,0,0,0,101,35,66,101,35,66,0,0,0,376,235,141,376,235,141,0,0,0,0,0,0,0,0,0,0,0,0
22,Erie County (West Central)--Buffalo City (West) PUMA,8693,3589,5104,5580,2700,2880,3113,889,2224,1813,682,1131,1321,411,910,492,271,221,4973,1973,3000,3414,1652,1762,1559,321,1238,1907,934,973,845,637,208,1062,297,765
23,Monroe County (Central)--Rochester City (West) PUMA,5544,2587,2957,2832,1619,1213,2712,968,1744,813,490,323,802,479,323,11,11,0,3003,1176,1827,1653,763,890,1350,413,937,1728,921,807,377,377,0,1351,544,807
24,Suffolk County (Central)--Islip Town (East) PUMA,4278,2595,1683,3755,2072,1683,523,523,0,2058,971,1087,2058,971,1087,0,0,0,2164,1568,596,1697,1101,596,467,467,0,56,56,0,0,0,0,56,56,0
25,Nassau County (Central)--Hempstead Town (East Central) PUMA,2456,1473,983,2456,1473,983,0,0,0,1269,458,811,1269,458,811,0,0,0,1187,1015,172,1187,1015,172,0,0,0,0,0,0,0,0,0,0,0,0
26,"NYC-Bronx Community District 5--Morris Heights, Fordham South & Mount Hope PUMA",15023,7254,7769,8127,4555,3572,6896,2699,4197,1659,635,1024,1631,607,1024,28,28,0,8994,4664,4330,4975,2946,2029,4019,1718,2301,4370,1955,2415,1521,1002,519,2849,953,1896
27,St. Lawrence County PUMA,489,249,240,345,186,159,144,63,81,107,8,99,107,8,99,0,0,0,355,241,114,238,178,60,117,63,54,27,0,27,0,0,0,27,0,27
28,Columbia & Greene Counties PUMA,1377,796,581,921,432,489,456,364,92,369,215,154,137,34,103,232,181,51,990,563,427,766,380,386,224,183,41,18,18,0,18,18,0,0,0,0
29,NYC-Brooklyn Community District 2--Brooklyn Heights & Fort Greene PUMA,7765,3664,4101,5190,2762,2428,2575,902,1673,4154,1878,2276,3463,1739,1724,691,139,552,2216,1048,1168,1078,652,426,1138,396,742,1395,738,657,649,371,278,746,367,379
30,"NYC-Queens Community District 8--Briarwood, Fresh Meadows & Hillcrest PUMA",7831,2888,4943,6330,2717,3613,1501,171,1330,2779,1410,1369,2599,1410,1189,180,0,180,4429,1478,2951,3396,1307,2089,1033,171,862,623,0,623,335,0,335,288,0,288
31,Monroe County (North & West) PUMA,1748,897,851,1582,854,728,166,43,123,314,0,314,314,0,314,0,0,0,1311,897,414,1268,854,414,43,43,0,123,0,123,0,0,0,123,0,123
32,Schenectady County--Schenectady City PUMA,2272,768,1504,1629,497,1132,643,271,372,505,119,386,505,119,386,0,0,0,1601,649,952,1124,378,746,477,271,206,166,0,166,0,0,0,166,0,166
33,"Rockland County (West)--Spring Valley, Suffern Villages & Monsey PUMA",3089,1929,1160,2420,1260,1160,669,669,0,1080,797,283,969,686,283,111,111,0,2009,1132,877,1451,574,877,558,558,0,0,0,0,0,0,0,0,0,0
34,Niagara County (North & East) PUMA,831,583,248,831,583,248,0,0,0,477,374,103,477,374,103,0,0,0,354,209,145,354,209,145,0,0,0,0,0,0,0,0,0,0,0,0
35,Suffolk County (Central)--Brookhaven Town (Central) PUMA,6396,3380,3016,5074,2572,2502,1322,808,514,1730,668,1062,1730,668,1062,0,0,0,3534,1788,1746,2716,1484,1232,818,304,514,1132,924,208,628,420,208,504,504,0
36,Suffolk County (East) PUMA,1786,743,1043,1775,732,1043,11,11,0,844,176,668,844,176,668,0,0,0,839,556,283,839,556,283,0,0,0,103,11,92,92,0,92,11,11,0
37,Warren & Washington Counties PUMA,553,293,260,549,289,260,4,4,0,225,225,0,225,225,0,0,0,0,328,68,260,324,64,260,4,4,0,0,0,0,0,0,0,0,0,0
38,NYC-Queens Community District 6--Forest Hills & Rego Park PUMA,4284,1862,2422,3944,1813,2131,340,49,291,1595,681,914,1536,681,855,59,0,59,2461,1132,1329,2408,1132,1276,53,0,53,228,49,179,0,0,0,228,49,179
39,"NYC-Brooklyn Community District 9--Crown Heights South, Prospect Lefferts & Wingate PUMA",3332,1570,1762,2360,1126,1234,972,444,528,1429,486,943,1304,486,818,125,0,125,1459,640,819,1056,640,416,403,0,403,444,444,0,0,0,0,444,444,0
40,Westchester County (Central)--White Plains City PUMA,6297,2932,3365,4978,2404,2574,1319,528,791,2805,1167,1638,2737,1167,1570,68,0,68,2666,1668,998,2071,1140,931,595,528,67,826,97,729,170,97,73,656,0,656
41,"NYC-Bronx Community District 1 & 2--Hunts Point, Longwood & Melrose PUMA",30892,13921,16971,14723,7603,7120,16169,6318,9851,5226,2667,2559,4278,2423,1855,948,244,704,17363,7698,9665,8725,3859,4866,8638,3839,4799,8303,3556,4747,1720,1321,399,6583,2235,4348
42,Erie County (North Central) PUMA,1040,505,535,882,454,428,158,51,107,242,164,78,242,164,78,0,0,0,798,341,457,640,290,350,158,51,107,0,0,0,0,0,0,0,0,0
43,Chautauqua County PUMA,4391,2186,2205,2318,758,1560,2073,1428,645,146,0,146,146,0,146,0,0,0,3130,1669,1461,1591,662,929,1539,1007,532,1115,517,598,581,96,485,534,421,113
44,Dutchess County (Southwest) PUMA,5142,2604,2538,4084,2278,1806,1058,326,732,1137,204,933,988,204,784,149,0,149,3617,2154,1463,2850,1828,1022,767,326,441,388,246,142,246,246,0,142,0,142
45,Westchester County (Southeast) PUMA,4153,2375,1778,4126,2375,1751,27,0,27,2511,1609,902,2511,1609,902,0,0,0,1347,640,707,1347,640,707,0,0,0,295,126,169,268,126,142,27,0,27
46,Rockland County (North)--New City & Congers PUMA,8766,4822,3944,6937,3968,2969,1829,854,975,2513,854,1659,2106,854,1252,407,0,407,5185,3300,1885,4341,3024,1317,844,276,568,1068,668,400,490,90,400,578,578,0
47,NYC-Staten Island Community District 2--New Springville & South Beach PUMA,6879,2915,3964,5575,2425,3150,1304,490,814,1548,674,874,1548,674,874,0,0,0,5017,2096,2921,3713,1606,2107,1304,490,814,314,145,169,314,145,169,0,0,0
48,Suffolk County (Southwest)--Islip Town (South) PUMA,5845,2998,2847,4458,1963,2495,1387,1035,352,2110,347,1763,2110,347,1763,0,0,0,2862,2009,853,2348,1616,732,514,393,121,873,642,231,0,0,0,873,642,231
49,Erie County (West Central)--Buffalo City (East) PUMA,5208,1890,3318,2583,1595,988,2625,295,2330,645,108,537,333,108,225,312,0,312,3884,1782,2102,1986,1487,499,1898,295,1603,679,0,679,264,0,264,415,0,415
50,Wayne & Seneca Counties PUMA,1562,1315,247,984,787,197,578,528,50,170,170,0,170,170,0,0,0,0,1027,830,197,670,473,197,357,357,0,365,315,50,144,144,0,221,171,50
51,Monroe County (South) PUMA,2219,861,1358,1838,671,1167,381,190,191,873,293,580,682,293,389,191,0,191,1229,568,661,1039,378,661,190,190,0,117,0,117,117,0,117,0,0,0
52,Tompkins County PUMA,1517,317,1200,1517,317,1200,0,0,0,1045,46,999,1045,46,999,0,0,0,380,179,201,380,179,201,0,0,0,92,92,0,92,92,0,0,0,0
53,Suffolk County (South Central)--Brookhaven Town (South) PUMA,8112,4075,4037,7060,3704,3356,1052,371,681,1903,351,1552,1807,351,1456,96,0,96,5514,3167,2347,4584,2822,1762,930,345,585,695,557,138,669,531,138,26,26,0
54,"Otsego, Schoharie, Oneida (South) & Herkimer (South) Counties PUMA",1161,836,325,900,575,325,261,261,0,155,39,116,155,39,116,0,0,0,539,330,209,315,106,209,224,224,0,467,467,0,430,430,0,37,37,0
55,NYC-Manhattan Community District 8--Upper East Side PUMA,3933,2602,1331,3272,2357,915,661,245,416,2949,2366,583,2647,2207,440,302,159,143,984,236,748,625,150,475,359,86,273,0,0,0,0,0,0,0,0,0
56,"NYC-Manhattan Community District 1 & 2--Battery Park City, Greenwich Village & Soho PUMA",3711,2134,1577,3668,2091,1577,43,43,0,2964,1521,1443,2964,1521,1443,0,0,0,704,570,134,704,570,134,0,0,0,43,43,0,0,0,0,43,43,0
57,"NYC-Manhattan Community District 12--Washington Heights, Inwood & Marble Hill PUMA",29984,16909,13075,21536,12568,8968,8448,4341,4107,7518,2505,5013,5976,2505,3471,1542,0,1542,18249,12160,6089,13528,9144,4384,4721,3016,1705,4217,2244,1973,2032,919,1113,2185,1325,860
58,NYC-Brooklyn Community District 18--Canarsie & Flatlands PUMA,5492,2493,2999,4238,2332,1906,1254,161,1093,1223,421,802,1179,421,758,44,0,44,3646,1733,1913,2543,1588,955,1103,145,958,623,339,284,516,323,193,107,16,91
59,"NYC-Bronx Community District 12--Wakefield, Williamsbridge & Woodlawn PUMA",9233,4249,4984,5619,3080,2539,3614,1169,2445,1798,1098,700,1701,1001,700,97,97,0,4505,1807,2698,2573,1489,1084,1932,318,1614,2930,1344,1586,1345,590,755,1585,754,831
60,Suffolk County (Central)--Islip Town (Northwest) PUMA,14497,8231,6266,12156,6343,5813,2341,1888,453,3062,859,2203,2741,633,2108,321,226,95,9382,6102,3280,7635,4603,3032,1747,1499,248,2053,1270,783,1780,1107,673,273,163,110
61,"NYC-Queens Community District 14--Far Rockaway, Breezy Point & Broad Channel PUMA",4867,1913,2954,2232,1226,1006,2635,687,1948,744,173,571,571,0,571,173,173,0,3993,1740,2253,1531,1226,305,2462,514,1948,130,0,130,130,0,130,0,0,0
62,Saratoga County (South & Central) PUMA,1687,722,965,1663,698,965,24,24,0,248,0,248,248,0,248,0,0,0,1439,722,717,1415,698,717,24,24,0,0,0,0,0,0,0,0,0,0
63,Cattaraugus & Allegany Counties PUMA,790,380,410,457,156,301,333,224,109,92,0,92,19,0,19,73,0,73,504,255,249,297,75,222,207,180,27,194,125,69,141,81,60,53,44,9
64,Genesee & Orleans Counties PUMA,1896,488,1408,699,0,699,1197,488,709,181,0,181,181,0,181,0,0,0,728,81,647,518,0,518,210,81,129,987,407,580,0,0,0,987,407,580
65,Cayuga & Onondaga (South) Counties PUMA,446,292,154,274,147,127,172,145,27,0,0,0,0,0,0,0,0,0,320,193,127,274,147,127,46,46,0,126,99,27,0,0,0,126,99,27
66,Sullivan & Ulster (West) Counties PUMA,3793,2076,1717,3372,1862,1510,421,214,207,622,265,357,582,265,317,40,0,40,2562,1388,1174,2379,1372,1007,183,16,167,609,423,186,411,225,186,198,198,0
67,"NYC-Bronx Community District 7--Bedford Park, Fordham North & Norwood PUMA",16642,7859,8783,11774,5778,5996,4868,2081,2787,2274,635,1639,2274,635,1639,0,0,0,10839,5514,5325,8331,4405,3926,2508,1109,1399,3529,1710,1819,1169,738,431,2360,972,1388
68,Suffolk County (Central)--Brookhaven Town (West Central) PUMA,4616,2802,1814,4421,2794,1627,195,8,187,2019,1128,891,2019,1128,891,0,0,0,2161,1352,809,1974,1352,622,187,0,187,436,322,114,428,314,114,8,8,0
69,NYC-Queens Community District 1--Astoria & Long Island City PUMA,12244,6334,5910,9660,5624,4036,2584,710,1874,5057,2356,2701,4488,2219,2269,569,137,432,6207,3437,2770,4944,3177,1767,1263,260,1003,980,541,439,228,228,0,752,313,439
70,Jefferson & Lewis Counties PUMA,3406,1984,1422,2756,1856,900,650,128,522,1038,443,595,884,431,453,154,12,142,2201,1541,660,1872,1425,447,329,116,213,167,0,167,0,0,0,167,0,167
71,Nassau County (West Central)--Hempstead Town (Northwest) PUMA,4900,2955,1945,4330,2527,1803,570,428,142,2734,1481,1253,2454,1343,1111,280,138,142,1727,1143,584,1520,936,584,207,207,0,439,331,108,356,248,108,83,83,0
72,Nassau County (Central)--Hempstead Town (North Central)--Meadowbrook Corridor PUMA,4158,2453,1705,3560,2094,1466,598,359,239,1336,680,656,1261,605,656,75,75,0,2456,1407,1049,1933,1123,810,523,284,239,366,366,0,366,366,0,0,0,0
73,Orange County (Northeast)--Greater Newburgh City PUMA,9010,4455,4555,6827,3476,3351,2183,979,1204,1544,949,595,1503,908,595,41,41,0,6319,3175,3144,4993,2237,2756,1326,938,388,1147,331,816,331,331,0,816,0,816
74,"NYC-Bronx Community District 11--Pelham Parkway, Morris Park & Laconia PUMA",21754,11899,9855,18317,10111,8206,3437,1788,1649,4325,1599,2726,4112,1443,2669,213,156,57,14493,8955,5538,12522,7809,4713,1971,1146,825,2936,1345,1591,1683,859,824,1253,486,767
75,"NYC-Queens Community District 12--Jamaica, Hollis & St. Albans PUMA",7015,3679,3336,5110,2321,2789,1905,1358,547,1024,544,480,914,434,480,110,110,0,4491,2286,2205,3778,1636,2142,713,650,63,1500,849,651,418,251,167,1082,598,484
76,Erie County (Central) PUMA,1432,960,472,895,491,404,537,469,68,497,312,185,419,234,185,78,78,0,505,316,189,378,257,121,127,59,68,430,332,98,98,0,98,332,332,0
77,"NYC-Staten Island Community District 1--Port Richmond, Stapleton & Mariner's Harbor PUMA",15202,7309,7893,11704,6205,5499,3498,1104,2394,2774,1357,1417,2441,1252,1189,333,105,228,10315,4899,5416,8621,4589,4032,1694,310,1384,2113,1053,1060,642,364,278,1471,689,782
78,"NYC-Brooklyn Community District 15--Sheepshead Bay, Gerritsen Beach & Homecrest PUMA",3508,1741,1767,2429,1238,1191,1079,503,576,1077,422,655,940,422,518,137,0,137,1989,991,998,1375,816,559,614,175,439,442,328,114,114,0,114,328,328,0
79,"NYC-Bronx Community District 8--Riverdale, Fieldston & Kingsbridge PUMA",15488,7159,8329,11347,5949,5398,4141,1210,2931,5281,2435,2846,4983,2348,2635,298,87,211,7589,3164,4425,4170,2238,1932,3419,926,2493,2618,1560,1058,2194,1363,831,424,197,227
80,NYC-Brooklyn Community District 5--East New York & Starrett City PUMA,14699,6710,7989,9740,4801,4939,4959,1909,3050,3471,1476,1995,3121,1237,1884,350,239,111,8376,3779,4597,5835,2903,2932,2541,876,1665,2852,1455,1397,784,661,123,2068,794,1274
81,Onondaga County (Central)--Syracuse City (Outer) PUMA,1671,867,804,951,559,392,720,308,412,237,124,113,237,124,113,0,0,0,714,435,279,714,435,279,0,0,0,720,308,412,0,0,0,720,308,412
82,"NYC-Manhattan Community District 6--Murray Hill, Gramercy & Stuyvesant Town PUMA",3379,1769,1610,2480,1352,1128,899,417,482,2782,1172,1610,2300,1172,1128,482,0,482,375,375,0,180,180,0,195,195,0,222,222,0,0,0,0,222,222,0
83,"Chenango, Delaware & Broome (East) Counties PUMA",1470,831,639,1276,748,528,194,83,111,423,346,77,412,335,77,11,11,0,1040,485,555,857,413,444,183,72,111,7,0,7,7,0,7,0,0,0
84,Orange County (Northwest) PUMA,8402,4868,3534,6995,3794,3201,1407,1074,333,988,253,735,988,253,735,0,0,0,6335,3596,2739,5807,3401,2406,528,195,333,1079,1019,60,200,140,60,879,879,0
85,NYC-Brooklyn Community District 7--Sunset Park & Windsor Terrace PUMA,8591,4518,4073,7040,3916,3124,1551,602,949,2403,940,1463,2222,795,1427,181,145,36,4540,2858,1682,3978,2737,1241,562,121,441,1648,720,928,840,384,456,808,336,472
86,Nassau County (Northeast)--Oyster Bay Town (North) & Glen Cove City PUMA,2034,690,1344,1318,627,691,716,63,653,624,342,282,561,279,282,63,63,0,697,240,457,569,240,329,128,0,128,713,108,605,188,108,80,525,0,525
87,Dutchess County (North & East) PUMA,2896,1163,1733,1795,1063,732,1101,100,1001,981,444,537,664,444,220,317,0,317,1426,644,782,989,544,445,437,100,337,489,75,414,142,75,67,347,0,347
88,Putnam County PUMA,3645,2082,1563,3340,1932,1408,305,150,155,1560,744,816,1560,744,816,0,0,0,1593,1216,377,1348,1066,282,245,150,95,492,122,370,432,122,310,60,0,60
89,Albany County (Outside Albany City) PUMA,2849,1795,1054,2158,1418,740,691,377,314,434,101,333,434,101,333,0,0,0,2165,1497,668,1724,1317,407,441,180,261,250,197,53,0,0,0,250,197,53
90,"NYC-Bronx Community District 10--Co-op City, Pelham Bay & Schuylerville PUMA",20111,9470,10641,16490,8827,7663,3621,643,2978,6103,2357,3746,5466,2357,3109,637,0,637,12961,6490,6471,10104,5919,4185,2857,571,2286,1047,623,424,920,551,369,127,72,55
91,NYC-Queens Community District 4--Elmhurst & South Corona PUMA,7820,4378,3442,5678,3011,2667,2142,1367,775,912,538,374,776,402,374,136,136,0,5467,3378,2089,4034,2147,1887,1433,1231,202,1441,462,979,868,462,406,573,0,573
92,"NYC-Brooklyn Community District 12--Borough Park, Kensington & Ocean Parkway PUMA",2933,1365,1568,2160,1058,1102,773,307,466,923,232,691,923,232,691,0,0,0,1526,994,532,1004,687,317,522,307,215,484,139,345,233,139,94,251,0,251
93,Nassau County (Southeast)--Oyster Bay Town (South) PUMA,4022,1662,2360,3473,1398,2075,549,264,285,1968,874,1094,1692,772,920,276,102,174,1933,764,1169,1684,626,1058,249,138,111,121,24,97,97,0,97,24,24,0
94,Suffolk County (Northwest)--Huntington Town (South) PUMA,1776,1025,751,1771,1020,751,5,5,0,579,162,417,579,162,417,0,0,0,1192,858,334,1192,858,334,0,0,0,5,5,0,0,0,0,5,5,0
95,Oswego County PUMA,1142,551,591,886,551,335,256,0,256,0,0,0,0,0,0,0,0,0,762,468,294,624,468,156,138,0,138,380,83,297,262,83,179,118,0,118
96,Rensselaer County--Troy City PUMA,3522,1460,2062,2015,943,1072,1507,517,990,526,486,40,526,486,40,0,0,0,2673,906,1767,1288,407,881,1385,499,886,323,68,255,201,50,151,122,18,104
97,Saratoga County (Outer) PUMA,1184,1059,125,1012,887,125,172,172,0,560,560,0,560,560,0,0,0,0,624,499,125,452,327,125,172,172,0,0,0,0,0,0,0,0,0,0
98,Herkimer (North & Central) & Oneida (Outer) Counties PUMA,178,153,25,153,153,0,25,0,25,0,0,0,0,0,0,0,0,0,153,153,0,153,153,0,0,0,0,25,0,25,0,0,0,25,0,25
99,Monroe County (East) PUMA,2530,967,1563,2441,967,1474,89,0,89,1009,421,588,1009,421,588,0,0,0,1432,546,886,1432,546,886,0,0,0,89,0,89,0,0,0,89,0,89
100,"NYC-Queens Community District 13--Queens Village, Cambria Heights & Rosedale PUMA",4755,2417,2338,4192,2217,1975,563,200,363,1315,437,878,1225,437,788,90,0,90,3283,1823,1460,2905,1718,1187,378,105,273,157,157,0,62,62,0,95,95,0
101,Erie County (South) PUMA,1080,463,617,936,319,617,144,144,0,345,156,189,345,156,189,0,0,0,735,307,428,591,163,428,144,144,0,0,0,0,0,0,0,0,0,0
102,Monroe County (Central)--Greece & Gates Towns PUMA,2283,923,1360,1394,746,648,889,177,712,255,34,221,255,34,221,0,0,0,1595,825,770,810,648,162,785,177,608,433,64,369,329,64,265,104,0,104
103,NYC-Manhattan Community District 7--Upper West Side & West Side PUMA,9109,4231,4878,6916,4074,2842,2193,157,2036,3318,1172,2146,3060,1172,1888,258,0,258,4904,2631,2273,2969,2474,495,1935,157,1778,887,428,459,887,428,459,0,0,0
104,NYC-Manhattan Community District 11--East Harlem PUMA,21135,9949,11186,11544,5354,6190,9591,4595,4996,4515,1384,3131,3610,1138,2472,905,246,659,11135,4966,6169,5723,2479,3244,5412,2487,2925,5485,3599,1886,2211,1737,474,3274,1862,1412
105,"NYC-Queens Community District 7--Flushing, Murray Hill & Whitestone PUMA",10426,5077,5349,9237,4610,4627,1189,467,722,2435,703,1732,2204,628,1576,231,75,156,6620,3689,2931,6053,3390,2663,567,299,268,1371,685,686,980,592,388,391,93,298
106,NYC-Brooklyn Community District 1--Greenpoint & Williamsburg PUMA,10911,5746,5165,8932,4827,4105,1979,919,1060,5406,3126,2280,5159,2879,2280,247,247,0,3990,1781,2209,2736,1277,1459,1254,504,750,1515,839,676,1037,671,366,478,168,310
107,Onondaga County (North) PUMA,1213,616,597,797,293,504,416,323,93,495,134,361,495,134,361,0,0,0,461,225,236,302,159,143,159,66,93,257,257,0,0,0,0,257,257,0
108,NYC-Brooklyn Community District 14--Flatbush & Midwood PUMA,5300,3232,2068,3494,1972,1522,1806,1260,546,1530,621,909,1322,524,798,208,97,111,2650,1710,940,1818,1313,505,832,397,435,1120,901,219,354,135,219,766,766,0
109,"Rockland County (South)--Orangetown, Clarkstown (South) & Ramapo (Southeast) Towns PUMA",3699,2269,1430,3136,2121,1015,563,148,415,1774,758,1016,1566,748,818,208,10,198,1570,1373,197,1570,1373,197,0,0,0,355,138,217,0,0,0,355,138,217
110,NYC-Brooklyn Community District 13--Brighton Beach & Coney Island PUMA,5645,2640,3005,2701,1732,969,2944,908,2036,1094,633,461,1024,633,391,70,0,70,2367,1132,1235,1391,946,445,976,186,790,2184,875,1309,286,153,133,1898,722,1176
111,"NYC-Bronx Community District 4--Concourse, Highbridge & Mount Eden PUMA",14064,8128,5936,9925,6109,3816,4139,2019,2120,3208,939,2269,3036,939,2097,172,0,172,7285,4364,2921,5154,3675,1479,2131,689,1442,3571,2825,746,1735,1495,240,1836,1330,506
112,Erie County (Northeast) PUMA,673,588,85,673,588,85,0,0,0,172,87,85,172,87,85,0,0,0,454,454,0,454,454,0,0,0,0,47,47,0,47,47,0,0,0,0
113,NYC-Brooklyn Community District 8--Crown Heights North & Prospect Heights PUMA,4989,2246,2743,4000,1830,2170,989,416,573,2753,985,1768,2623,985,1638,130,0,130,1303,745,558,738,329,409,565,416,149,933,516,417,639,516,123,294,0,294
114,NYC-Queens Community District 3--Jackson Heights & North Corona PUMA,10594,5446,5148,9068,4646,4422,1526,800,726,2962,1210,1752,2615,925,1690,347,285,62,6654,3453,3201,5805,3169,2636,849,284,565,978,783,195,648,552,96,330,231,99
115,Fulton & Montgomery Counties PUMA,3682,1916,1766,2830,1582,1248,852,334,518,297,211,86,297,211,86,0,0,0,2763,1705,1058,2109,1371,738,654,334,320,622,0,622,424,0,424,198,0,198
116,Niagara County (Southwest)--Greater Niagara Falls & North Tonawanda Area PUMA,1622,956,666,1090,622,468,532,334,198,145,0,145,0,0,0,145,0,145,1477,956,521,1090,622,468,387,334,53,0,0,0,0,0,0,0,0,0
117,"Steuben (North & West), Schuyler & Chemung (North) Counties PUMA",495,229,266,281,116,165,214,113,101,0,0,0,0,0,0,0,0,0,377,229,148,215,116,99,162,113,49,118,0,118,66,0,66,52,0,52
118,NYC-Brooklyn Community District 4--Bushwick PUMA,16482,9266,7216,12076,7226,4850,4406,2040,2366,3938,1848,2090,3739,1848,1891,199,0,199,9329,5676,3653,6816,4502,2314,2513,1174,1339,3215,1742,1473,1521,876,645,1694,866,828
119,"NYC-Manhattan Community District 4 & 5--Chelsea, Clinton & Midtown Business District PUMA",7499,3800,3699,4978,2683,2295,2521,1117,1404,4233,2384,1849,4120,2384,1736,113,0,113,2725,1063,1662,858,299,559,1867,764,1103,541,353,188,0,0,0,541,353,188
120,"NYC-Brooklyn Community District 6--Park Slope, Carroll Gardens & Red Hook PUMA",7116,3113,4003,5011,2494,2517,2105,619,1486,3977,1429,2548,3122,1272,1850,855,157,698,2210,1401,809,1662,1174,488,548,227,321,929,283,646,227,48,179,702,235,467
121,NYC-Brooklyn Community District 3--Bedford-Stuyvesant PUMA,8303,3398,4905,5122,2181,2941,3181,1217,1964,2323,1008,1315,2240,1008,1232,83,0,83,4634,2044,2590,2485,916,1569,2149,1128,1021,1346,346,1000,397,257,140,949,89,860
122,NYC-Queens Community District 10--Howard Beach & Ozone Park PUMA,8997,4842,4155,8255,4516,3739,742,326,416,2071,747,1324,1880,703,1177,191,44,147,6347,3744,2603,5913,3508,2405,434,236,198,579,351,228,462,305,157,117,46,71
123,Suffolk County (Northwest)--Huntington Town (North) PUMA,4254,2596,1658,4254,2596,1658,0,0,0,1825,943,882,1825,943,882,0,0,0,1523,747,776,1523,747,776,0,0,0,906,906,0,906,906,0,0,0,0
124,Orange County (Southeast) PUMA,4687,2729,1958,3813,2290,1523,874,439,435,854,313,541,631,313,318,223,0,223,3269,2008,1261,2618,1569,1049,651,439,212,564,408,156,564,408,156,0,0,0
125,Nassau County (East Central)--Oyster Bay Town (Central) PUMA,1420,767,653,1339,767,572,81,0,81,1118,711,407,1118,711,407,0,0,0,221,56,165,221,56,165,0,0,0,81,0,81,0,0,0,81,0,81
126,Suffolk County (Northwest)--Smithtown Town PUMA,2542,1021,1521,2515,994,1521,27,27,0,1060,408,652,1060,408,652,0,0,0,1415,613,802,1388,586,802,27,27,0,67,0,67,67,0,67,0,0,0
127,"NYC-Brooklyn Community District 17--East Flatbush, Farragut & Rugby PUMA",1974,859,1115,1100,306,794,874,553,321,672,332,340,407,67,340,265,265,0,858,404,454,693,239,454,165,165,0,444,123,321,0,0,0,444,123,321
128,"NYC-Bronx Community District 9--Castle Hill, Clason Point & Parkchester PUMA",28958,12046,16912,19100,8402,10698,9858,3644,6214,5423,2121,3302,4594,1868,2726,829,253,576,17893,7547,10346,12399,5073,7326,5494,2474,3020,5642,2378,3264,2107,1461,646,3535,917,2618
129,NYC-Queens Community District 9--Richmond Hill & Woodhaven PUMA,10800,5744,5056,8960,4825,4135,1840,919,921,2812,1141,1671,2459,1111,1348,353,30,323,7147,4362,2785,5863,3473,2390,1284,889,395,841,241,600,638,241,397,203,0,203
130,Westchester County (Southwest)--Yonkers City PUMA,17895,8261,9634,14787,6697,8090,3108,1564,1544,5970,2074,3896,5254,2074,3180,716,0,716,8929,3908,5021,7648,3020,4628,1281,888,393,2996,2279,717,1885,1603,282,1111,676,435
131,Broome (Outer West) & Tioga Counties PUMA,458,131,327,458,131,327,0,0,0,365,38,327,365,38,327,0,0,0,93,93,0,93,93,0,0,0,0,0,0,0,0,0,0,0,0,0
132,NYC-Brooklyn Community District 10--Bay Ridge & Dyker Heights PUMA,7028,3254,3774,5537,2396,3141,1491,858,633,2843,1332,1511,2632,1121,1511,211,211,0,2938,1302,1636,2389,863,1526,549,439,110,1247,620,627,516,412,104,731,208,523
133,"NYC-Queens Community District 5--Ridgewood, Glendale & Middle Village PUMA",18656,10187,8469,16073,9074,6999,2583,1113,1470,3881,1418,2463,3674,1418,2256,207,0,207,11730,6209,5521,9900,5489,4411,1830,720,1110,3045,2560,485,2499,2167,332,546,393,153
134,NYC-Manhattan Community District 10--Central Harlem PUMA,9225,4104,5121,6204,2844,3360,3021,1260,1761,3266,845,2421,3026,845,2181,240,0,240,5002,2910,2092,2914,1792,1122,2088,1118,970,957,349,608,264,207,57,693,142,551
135,"NYC-Queens Community District 11--Bayside, Douglaston & Little Neck PUMA",4532,2314,2218,4034,2172,1862,498,142,356,1595,823,772,1595,823,772,0,0,0,2591,1214,1377,2162,1072,1090,429,142,287,346,277,69,277,277,0,69,0,69
136,Erie County (Northwest) PUMA,1346,977,369,925,556,369,421,421,0,365,102,263,365,102,263,0,0,0,981,875,106,560,454,106,421,421,0,0,0,0,0,0,0,0,0,0
137,NYC-Queens Community District 2--Sunnyside & Woodside PUMA,4786,2377,2409,4164,2241,1923,622,136,486,1225,351,874,1157,351,806,68,0,68,2898,1406,1492,2344,1270,1074,554,136,418,663,620,43,663,620,43,0,0,0
138,Suffolk County (Southwest)--Babylon Town (Southeast) PUMA,3264,1322,1942,2854,1322,1532,410,0,410,1232,343,889,1152,343,809,80,0,80,1831,979,852,1607,979,628,224,0,224,201,0,201,95,0,95,106,0,106
139,"NYC-Staten Island Community District 3--Tottenville, Great Kills & Annadale PUMA",6526,3423,3103,5833,2730,3103,693,693,0,1770,659,1111,1704,593,1111,66,66,0,4438,2578,1860,3811,1951,1860,627,627,0,318,186,132,318,186,132,0,0,0
140,Nassau County (West Central)--Hempstead Town (West Central) PUMA,5926,3290,2636,5183,2746,2437,743,544,199,2084,635,1449,1962,635,1327,122,0,122,3692,2505,1187,3130,2020,1110,562,485,77,150,150,0,91,91,0,59,59,0
141,Nassau County (Central)--Hempstead Town (Northeast) PUMA,4432,2122,2310,4225,2122,2103,207,0,207,1066,319,747,1066,319,747,0,0,0,3198,1742,1456,3098,1742,1356,100,0,100,168,61,107,61,61,0,107,0,107
142,Nassau County (Southwest)--Hempstead Town (Southwest) & Long Beach City PUMA,2358,1984,374,2258,1971,287,100,13,87,1404,1288,116,1404,1288,116,0,0,0,876,618,258,789,618,171,87,0,87,78,78,0,65,65,0,13,13,0
143,NYC-Brooklyn Community District 11--Bensonhurst & Bath Beach PUMA,6757,3582,3175,5726,3287,2439,1031,295,736,1657,617,1040,1657,617,1040,0,0,0,4571,2542,2029,3719,2426,1293,852,116,736,529,423,106,350,244,106,179,179,0
144,Nassau County (South Central)--Hempstead Town (Southeast) PUMA,3394,1542,1852,3246,1527,1719,148,15,133,1566,513,1053,1418,498,920,148,15,133,1440,744,696,1440,744,696,0,0,0,388,285,103,388,285,103,0,0,0
145,Nassau County (West Central)--North Hempstead Town (South) PUMA,4294,2389,1905,3691,2389,1302,603,0,603,2030,1082,948,1837,1082,755,193,0,193,2074,1307,767,1854,1307,547,220,0,220,190,0,190,0,0,0,190,0,190
146,Capital Region,16940,8284,8656,11821,6041,5780,5119,2243,2876,3926,2119,1807,3511,1938,1573,415,181,234,12208,5882,6326,8042,4035,4007,4166,1847,2319,806,283,523,268,68,200,538,215,323
147,Central NY,9354,5086,4268,5539,3202,2337,3815,1884,1931,1624,833,791,1591,833,758,33,0,33,5720,3227,2493,3686,2286,1400,2034,941,1093,2010,1026,984,262,83,179,1748,943,805
148,Finger Lakes,31464,14603,16861,18655,9183,9472,12809,5420,7389,5054,2468,2586,4205,1810,2395,849,658,191,19567,8582,10985,12219,6010,6209,7348,2572,4776,6843,3553,3290,2231,1363,868,4612,2190,2422
149,Long Island,107944,57692,50252,94614,50614,44000,13330,7078,6252,39037,16589,22448,37297,15970,21327,1740,619,1121,58110,34149,23961,50451,30000,20451,7659,4149,3510,10797,6954,3843,6866,4644,2222,3931,2310,1621
150,Mid-Hudson,104385,54447,49938,86105,46377,39728,18280,8070,10210,32802,14301,18501,30084,13875,16209,2718,426,2292,59370,33517,25853,49594,28419,21175,9776,5098,4678,12213,6629,5584,6427,4083,2344,5786,2546,3240
151,Mohawk Valley,9376,5056,4320,6653,3733,2920,2723,1323,1400,1550,302,1248,1149,302,847,401,0,401,6539,4253,2286,4581,3001,1580,1958,1252,706,1287,501,786,923,430,493,364,71,293
152,New York City,594493,286137,308356,422977,218402,204575,171516,67735,103781,158100,65060,93040,141769,60327,81442,16331,4733,11598,339038,171830,167208,240075,132238,107837,98963,39592,59371,97355,49247,48108,41133,25837,15296,56222,23410,32812
153,North Country,4791,2710,2081,3989,2511,1478,802,199,603,1355,566,789,1201,554,647,154,12,142,3242,2144,1098,2788,1957,831,454,187,267,194,0,194,0,0,0,194,0,194
154,Southern Tier,7243,2765,4478,6018,2304,3714,1225,461,764,2359,454,1905,2348,443,1905,11,11,0,4243,2154,2089,3440,1704,1736,803,450,353,641,157,484,230,157,73,411,0,411
155,Western NY,27106,13077,14029,17170,8822,8348,9936,4255,5681,4939,1985,2954,3839,1636,2203,1100,349,751,17795,9137,8658,11355,6325,5030,6440,2812,3628,4372,1955,2417,1976,861,1115,2396,1094,1302
