,puma,Total_geo,Total_geo_m,Total_geo_f,Total_NP_mf_t,Total_NP_m,Total_NP_f,Total_P_mf_t,Total_P_m,Total_P_f,Total_BABS,Total_BABS_m,Total_BABS_f,BABS_NP_mf_t,BABS_NP_m,BABS_NP_f,BABS_P_mf_t,BABS_P_m,BABS_P_f,Total_HS,Total_HS_m,Total_HS_f,HS_NP_mf_t,HS_NP_m,HS_NP_f,HS_P_mf_t,HS_P_m,HS_P_f,Total_HSINC,Total_HSINC_m,Total_HSINC_f,HSINC_NP_mf_t,HSINC_NP_m,HSINC_NP_f,HSINC_P_mf_t,HSINC_P_m,HSINC_P_f
0,Total Geo,236877,127199,109678,180779,100875,79904,56098,26324,29774,58492,28588,29904,52419,26043,26376,6073,2545,3528,126056,65808,60248,93859,51865,41994,32197,13943,18254,52329,32803,19526,34501,22967,11534,17828,9836,7992
1,NYC-Manhattan Community District 7--Upper West Side & West Side PUMA,2429,1643,786,2429,1643,786,0,0,0,1953,1352,601,1953,1352,601,0,0,0,476,291,185,476,291,185,0,0,0,0,0,0,0,0,0,0,0,0
2,Nassau County (West Central)--Hempstead Town (Northwest) PUMA,1402,496,906,1402,496,906,0,0,0,400,119,281,400,119,281,0,0,0,679,54,625,679,54,625,0,0,0,323,323,0,323,323,0,0,0,0
3,NYC-Brooklyn Community District 2--Brooklyn Heights & Fort Greene PUMA,388,257,131,306,175,131,82,82,0,133,133,0,133,133,0,0,0,0,255,124,131,173,42,131,82,82,0,0,0,0,0,0,0,0,0,0
4,Madison & Cortland Counties PUMA,0,0,0,0,0,0,0,0,0,0,0,0,0,0,0,0,0,0,0,0,0,0,0,0,0,0,0,0,0,0,0,0,0,0,0,0
5,Ontario & Yates Counties PUMA,0,0,0,0,0,0,0,0,0,0,0,0,0,0,0,0,0,0,0,0,0,0,0,0,0,0,0,0,0,0,0,0,0,0,0,0
6,Monroe County (Central)--Greece & Gates Towns PUMA,0,0,0,0,0,0,0,0,0,0,0,0,0,0,0,0,0,0,0,0,0,0,0,0,0,0,0,0,0,0,0,0,0,0,0,0
7,Nassau County (East Central)--Oyster Bay Town (Central) PUMA,534,51,483,534,51,483,0,0,0,295,51,244,295,51,244,0,0,0,239,0,239,239,0,239,0,0,0,0,0,0,0,0,0,0,0,0
8,"Clinton, Franklin, Essex & Hamilton Counties PUMA",199,199,0,199,199,0,0,0,0,0,0,0,0,0,0,0,0,0,199,199,0,199,199,0,0,0,0,0,0,0,0,0,0,0,0,0
9,NYC-Manhattan Community District 8--Upper East Side PUMA,1379,469,910,1331,469,862,48,0,48,1140,230,910,1092,230,862,48,0,48,0,0,0,0,0,0,0,0,0,239,239,0,239,239,0,0,0,0
10,Suffolk County (Southwest)--Islip Town (South) PUMA,309,250,59,309,250,59,0,0,0,0,0,0,0,0,0,0,0,0,309,250,59,309,250,59,0,0,0,0,0,0,0,0,0,0,0,0
11,Erie County (Northwest) PUMA,0,0,0,0,0,0,0,0,0,0,0,0,0,0,0,0,0,0,0,0,0,0,0,0,0,0,0,0,0,0,0,0,0,0,0,0
12,"NYC-Queens Community District 8--Briarwood, Fresh Meadows & Hillcrest PUMA",2453,1233,1220,2332,1233,1099,121,0,121,722,623,99,722,623,99,0,0,0,1623,610,1013,1502,610,892,121,0,121,108,0,108,108,0,108,0,0,0
13,NYC-Brooklyn Community District 5--East New York & Starrett City PUMA,7481,3210,4271,5504,2737,2767,1977,473,1504,930,529,401,564,329,235,366,200,166,4868,2344,2524,4173,2071,2102,695,273,422,1683,337,1346,767,337,430,916,0,916
14,Rockland County (North)--New City & Congers PUMA,1389,545,844,1081,545,536,308,0,308,69,0,69,69,0,69,0,0,0,518,288,230,421,288,133,97,0,97,802,257,545,591,257,334,211,0,211
15,"Otsego, Schoharie, Oneida (South) & Herkimer (South) Counties PUMA",102,11,91,95,11,84,7,0,7,84,0,84,84,0,84,0,0,0,7,0,7,0,0,0,7,0,7,11,11,0,11,11,0,0,0,0
16,NYC-Brooklyn Community District 7--Sunset Park & Windsor Terrace PUMA,3031,1898,1133,2162,1569,593,869,329,540,925,581,344,925,581,344,0,0,0,1110,429,681,568,319,249,542,110,432,996,888,108,669,669,0,327,219,108
17,NYC-Brooklyn Community District 11--Bensonhurst & Bath Beach PUMA,1031,604,427,748,493,255,283,111,172,67,67,0,67,67,0,0,0,0,377,97,280,296,97,199,81,0,81,587,440,147,385,329,56,202,111,91
18,Tompkins County PUMA,0,0,0,0,0,0,0,0,0,0,0,0,0,0,0,0,0,0,0,0,0,0,0,0,0,0,0,0,0,0,0,0,0,0,0,0
19,Dutchess County (Southwest) PUMA,506,365,141,506,365,141,0,0,0,33,33,0,33,33,0,0,0,0,251,110,141,251,110,141,0,0,0,222,222,0,222,222,0,0,0,0
20,NYC-Queens Community District 9--Richmond Hill & Woodhaven PUMA,4937,2653,2284,3855,2363,1492,1082,290,792,1255,476,779,1197,476,721,58,0,58,2967,1515,1452,2082,1364,718,885,151,734,715,662,53,576,523,53,139,139,0
21,Westchester County (Northwest) PUMA,1856,1072,784,1405,966,439,451,106,345,25,25,0,25,25,0,0,0,0,1283,499,784,832,393,439,451,106,345,548,548,0,548,548,0,0,0,0
22,Albany County (Outside Albany City) PUMA,623,304,319,623,304,319,0,0,0,219,219,0,219,219,0,0,0,0,220,85,135,220,85,135,0,0,0,184,0,184,184,0,184,0,0,0
23,Monroe County (South) PUMA,525,260,265,525,260,265,0,0,0,94,0,94,94,0,94,0,0,0,171,0,171,171,0,171,0,0,0,260,260,0,260,260,0,0,0,0
24,Jefferson & Lewis Counties PUMA,1212,687,525,1201,687,514,11,0,11,503,503,0,503,503,0,0,0,0,709,184,525,698,184,514,11,0,11,0,0,0,0,0,0,0,0,0
25,"Chenango, Delaware & Broome (East) Counties PUMA",64,41,23,64,41,23,0,0,0,0,0,0,0,0,0,0,0,0,23,0,23,23,0,23,0,0,0,41,41,0,41,41,0,0,0,0
26,Erie County (Central) PUMA,514,295,219,514,295,219,0,0,0,169,93,76,169,93,76,0,0,0,345,202,143,345,202,143,0,0,0,0,0,0,0,0,0,0,0,0
27,St. Lawrence County PUMA,124,62,62,124,62,62,0,0,0,62,62,0,62,62,0,0,0,0,62,0,62,62,0,62,0,0,0,0,0,0,0,0,0,0,0,0
28,"NYC-Manhattan Community District 9--Hamilton Heights, Manhattanville & West Harlem PUMA",1525,357,1168,873,109,764,652,248,404,689,347,342,451,109,342,238,238,0,269,0,269,269,0,269,0,0,0,567,10,557,153,0,153,414,10,404
29,Suffolk County (North Central)--Brookhaven Town (North) PUMA,499,222,277,499,222,277,0,0,0,279,178,101,279,178,101,0,0,0,220,44,176,220,44,176,0,0,0,0,0,0,0,0,0,0,0,0
30,NYC-Brooklyn Community District 1--Greenpoint & Williamsburg PUMA,3139,1450,1689,2228,1144,1084,911,306,605,793,129,664,528,129,399,265,0,265,1133,455,678,487,149,338,646,306,340,1213,866,347,1213,866,347,0,0,0
31,Cayuga & Onondaga (South) Counties PUMA,678,437,241,678,437,241,0,0,0,382,293,89,382,293,89,0,0,0,144,144,0,144,144,0,0,0,0,152,0,152,152,0,152,0,0,0
32,Nassau County (Southeast)--Oyster Bay Town (South) PUMA,1983,776,1207,1983,776,1207,0,0,0,93,93,0,93,93,0,0,0,0,1890,683,1207,1890,683,1207,0,0,0,0,0,0,0,0,0,0,0,0
33,Fulton & Montgomery Counties PUMA,0,0,0,0,0,0,0,0,0,0,0,0,0,0,0,0,0,0,0,0,0,0,0,0,0,0,0,0,0,0,0,0,0,0,0,0
34,Onondaga County (Central)--Syracuse City (Outer) PUMA,419,275,144,252,108,144,167,167,0,68,0,68,68,0,68,0,0,0,142,66,76,142,66,76,0,0,0,209,209,0,42,42,0,167,167,0
35,NYC-Staten Island Community District 2--New Springville & South Beach PUMA,1380,1084,296,685,486,199,695,598,97,125,78,47,125,78,47,0,0,0,1180,931,249,485,333,152,695,598,97,75,75,0,75,75,0,0,0,0
36,Niagara County (Southwest)--Greater Niagara Falls & North Tonawanda Area PUMA,0,0,0,0,0,0,0,0,0,0,0,0,0,0,0,0,0,0,0,0,0,0,0,0,0,0,0,0,0,0,0,0,0,0,0,0
37,Suffolk County (Central)--Brookhaven Town (Central) PUMA,4644,2211,2433,3973,2211,1762,671,0,671,333,128,205,333,128,205,0,0,0,2675,1163,1512,2004,1163,841,671,0,671,1636,920,716,1636,920,716,0,0,0
38,"NYC-Bronx Community District 7--Bedford Park, Fordham North & Norwood PUMA",2079,1243,836,921,434,487,1158,809,349,317,317,0,71,71,0,246,246,0,1180,633,547,561,363,198,619,270,349,582,293,289,289,0,289,293,293,0
39,NYC-Queens Community District 4--Elmhurst & South Corona PUMA,5682,3766,1916,3289,2667,622,2393,1099,1294,707,369,338,479,369,110,228,0,228,3070,1812,1258,2098,1767,331,972,45,927,1905,1585,320,712,531,181,1193,1054,139
40,"NYC-Brooklyn Community District 6--Park Slope, Carroll Gardens & Red Hook PUMA",1001,427,574,901,427,474,100,0,100,941,427,514,901,427,474,40,0,40,0,0,0,0,0,0,0,0,0,60,0,60,0,0,0,60,0,60
41,Suffolk County (Central)--Islip Town (East) PUMA,258,70,188,188,0,188,70,70,0,0,0,0,0,0,0,0,0,0,188,0,188,188,0,188,0,0,0,70,70,0,0,0,0,70,70,0
42,"NYC-Brooklyn Community District 9--Crown Heights South, Prospect Lefferts & Wingate PUMA",187,105,82,187,105,82,0,0,0,187,105,82,187,105,82,0,0,0,0,0,0,0,0,0,0,0,0,0,0,0,0,0,0,0,0,0
43,"NYC-Queens Community District 7--Flushing, Murray Hill & Whitestone PUMA",5242,2147,3095,4381,1774,2607,861,373,488,1464,613,851,1376,613,763,88,0,88,3334,1156,2178,2698,854,1844,636,302,334,444,378,66,307,307,0,137,71,66
44,NYC-Queens Community District 3--Jackson Heights & North Corona PUMA,8754,4525,4229,7683,3845,3838,1071,680,391,1131,203,928,943,203,740,188,0,188,5263,2800,2463,4812,2417,2395,451,383,68,2360,1522,838,1928,1225,703,432,297,135
45,Saratoga County (Outer) PUMA,784,294,490,658,294,364,126,0,126,784,294,490,658,294,364,126,0,126,0,0,0,0,0,0,0,0,0,0,0,0,0,0,0,0,0,0
46,"NYC-Bronx Community District 12--Wakefield, Williamsbridge & Woodlawn PUMA",1559,991,568,509,438,71,1050,553,497,75,75,0,75,75,0,0,0,0,1484,916,568,434,363,71,1050,553,497,0,0,0,0,0,0,0,0,0
47,"NYC-Brooklyn Community District 15--Sheepshead Bay, Gerritsen Beach & Homecrest PUMA",1521,638,883,1475,592,883,46,46,0,103,51,52,103,51,52,0,0,0,1372,541,831,1372,541,831,0,0,0,46,46,0,0,0,0,46,46,0
48,Wayne & Seneca Counties PUMA,0,0,0,0,0,0,0,0,0,0,0,0,0,0,0,0,0,0,0,0,0,0,0,0,0,0,0,0,0,0,0,0,0,0,0,0
49,Schenectady County--Schenectady City PUMA,668,322,346,528,288,240,140,34,106,86,0,86,86,0,86,0,0,0,548,288,260,442,288,154,106,0,106,34,34,0,0,0,0,34,34,0
50,NYC-Brooklyn Community District 10--Bay Ridge & Dyker Heights PUMA,1199,432,767,898,362,536,301,70,231,460,272,188,386,272,114,74,0,74,739,160,579,512,90,422,227,70,157,0,0,0,0,0,0,0,0,0
51,Nassau County (Northwest)--North Hempstead Town (North) PUMA,1065,352,713,1065,352,713,0,0,0,89,0,89,89,0,89,0,0,0,676,352,324,676,352,324,0,0,0,300,0,300,300,0,300,0,0,0
52,Suffolk County (West Central)--Babylon Town (Northwest) PUMA,3489,2313,1176,3184,2313,871,305,0,305,76,0,76,76,0,76,0,0,0,2444,1784,660,2298,1784,514,146,0,146,969,529,440,810,529,281,159,0,159
53,"NYC-Manhattan Community District 4 & 5--Chelsea, Clinton & Midtown Business District PUMA",2374,1496,878,2374,1496,878,0,0,0,1144,1009,135,1144,1009,135,0,0,0,1230,487,743,1230,487,743,0,0,0,0,0,0,0,0,0,0,0,0
54,Columbia & Greene Counties PUMA,71,71,0,71,71,0,0,0,0,0,0,0,0,0,0,0,0,0,71,71,0,71,71,0,0,0,0,0,0,0,0,0,0,0,0,0
55,Rensselaer County--Troy City PUMA,207,151,56,0,0,0,207,151,56,56,0,56,0,0,0,56,0,56,151,151,0,0,0,0,151,151,0,0,0,0,0,0,0,0,0,0
56,Erie County (West Central)--Buffalo City (West) PUMA,740,360,380,590,261,329,150,99,51,295,104,191,295,104,191,0,0,0,121,0,121,70,0,70,51,0,51,324,256,68,225,157,68,99,99,0
57,Erie County (South) PUMA,344,0,344,344,0,344,0,0,0,344,0,344,344,0,344,0,0,0,0,0,0,0,0,0,0,0,0,0,0,0,0,0,0,0,0,0
58,Oneida County (Central)--Greater Utica & Rome Cities PUMA,262,131,131,199,131,68,63,0,63,0,0,0,0,0,0,0,0,0,262,131,131,199,131,68,63,0,63,0,0,0,0,0,0,0,0,0
59,"NYC-Manhattan Community District 12--Washington Heights, Inwood & Marble Hill PUMA",7386,3912,3474,4862,2816,2046,2524,1096,1428,1756,1110,646,1333,888,445,423,222,201,3688,2024,1664,2615,1393,1222,1073,631,442,1942,778,1164,914,535,379,1028,243,785
60,NYC-Brooklyn Community District 13--Brighton Beach & Coney Island PUMA,658,332,326,178,0,178,480,332,148,0,0,0,0,0,0,0,0,0,148,0,148,0,0,0,148,0,148,510,332,178,178,0,178,332,332,0
61,NYC-Manhattan Community District 10--Central Harlem PUMA,1182,749,433,655,655,0,527,94,433,175,175,0,81,81,0,94,94,0,425,0,425,0,0,0,425,0,425,582,574,8,574,574,0,8,0,8
62,Nassau County (West Central)--North Hempstead Town (South) PUMA,1881,1309,572,1881,1309,572,0,0,0,736,391,345,736,391,345,0,0,0,1070,843,227,1070,843,227,0,0,0,75,75,0,75,75,0,0,0,0
63,NYC-Brooklyn Community District 16--Brownsville & Ocean Hill PUMA,1234,667,567,384,242,142,850,425,425,524,524,0,99,99,0,425,425,0,365,0,365,0,0,0,365,0,365,345,143,202,285,143,142,60,0,60
64,Albany County (East Central)--Albany City PUMA,477,287,190,477,287,190,0,0,0,0,0,0,0,0,0,0,0,0,190,0,190,190,0,190,0,0,0,287,287,0,287,287,0,0,0,0
65,Nassau County (West Central)--Hempstead Town (West Central) PUMA,1859,1308,551,1710,1292,418,149,16,133,396,300,96,396,300,96,0,0,0,1062,664,398,913,648,265,149,16,133,401,344,57,401,344,57,0,0,0
66,Chemung (South) & Steuben (East) Counties--Greater Elmira & Greater Corning Cities PUMA,104,104,0,104,104,0,0,0,0,0,0,0,0,0,0,0,0,0,104,104,0,104,104,0,0,0,0,0,0,0,0,0,0,0,0,0
67,"NYC-Bronx Community District 3 & 6--Belmont, Crotona Park East & East Tremont PUMA",605,243,362,347,128,219,258,115,143,129,0,129,129,0,129,0,0,0,318,128,190,218,128,90,100,0,100,158,115,43,0,0,0,158,115,43
68,"NYC-Bronx Community District 5--Morris Heights, Fordham South & Mount Hope PUMA",1858,903,955,937,555,382,921,348,573,299,0,299,125,0,125,174,0,174,1242,838,404,565,490,75,677,348,329,317,65,252,247,65,182,70,0,70
69,"NYC-Bronx Community District 8--Riverdale, Fieldston & Kingsbridge PUMA",768,582,186,768,582,186,0,0,0,535,349,186,535,349,186,0,0,0,233,233,0,233,233,0,0,0,0,0,0,0,0,0,0,0,0,0
70,Erie County (Northeast) PUMA,13,13,0,0,0,0,13,13,0,0,0,0,0,0,0,0,0,0,13,13,0,0,0,0,13,13,0,0,0,0,0,0,0,0,0,0
71,NYC-Manhattan Community District 11--East Harlem PUMA,1862,1060,802,764,344,420,1098,716,382,746,159,587,579,159,420,167,0,167,1035,820,215,185,185,0,850,635,215,81,81,0,0,0,0,81,81,0
72,Orange County (Southeast) PUMA,349,202,147,349,202,147,0,0,0,50,50,0,50,50,0,0,0,0,299,152,147,299,152,147,0,0,0,0,0,0,0,0,0,0,0,0
73,Westchester County (Southeast) PUMA,4617,3136,1481,3536,2323,1213,1081,813,268,1230,702,528,1230,702,528,0,0,0,1809,1275,534,1411,986,425,398,289,109,1578,1159,419,895,635,260,683,524,159
74,NYC-Queens Community District 1--Astoria & Long Island City PUMA,5196,2818,2378,4151,2579,1572,1045,239,806,1768,685,1083,1432,685,747,336,0,336,2605,1501,1104,2228,1403,825,377,98,279,823,632,191,491,491,0,332,141,191
75,Livingston & Wyoming Counties PUMA,329,283,46,97,51,46,232,232,0,0,0,0,0,0,0,0,0,0,36,0,36,36,0,36,0,0,0,293,283,10,61,51,10,232,232,0
76,Suffolk County (Central)--Brookhaven Town (West Central) PUMA,2198,1279,919,1582,1135,447,616,144,472,68,0,68,68,0,68,0,0,0,1656,965,691,1108,821,287,548,144,404,474,314,160,406,314,92,68,0,68
77,Westchester County (Southwest)--Yonkers City PUMA,9764,5251,4513,4990,2667,2323,4774,2584,2190,941,142,799,941,142,799,0,0,0,6731,4199,2532,2667,1615,1052,4064,2584,1480,2092,910,1182,1382,910,472,710,0,710
78,Erie County (North Central) PUMA,548,140,408,489,81,408,59,59,0,489,81,408,489,81,408,0,0,0,59,59,0,0,0,0,59,59,0,0,0,0,0,0,0,0,0,0
79,Saratoga County (South & Central) PUMA,88,0,88,88,0,88,0,0,0,88,0,88,88,0,88,0,0,0,0,0,0,0,0,0,0,0,0,0,0,0,0,0,0,0,0,0
80,Suffolk County (South Central)--Brookhaven Town (South) PUMA,4160,2501,1659,3817,2501,1316,343,0,343,380,89,291,380,89,291,0,0,0,2456,1452,1004,2113,1452,661,343,0,343,1324,960,364,1324,960,364,0,0,0
81,"NYC-Staten Island Community District 3--Tottenville, Great Kills & Annadale PUMA",212,86,126,212,86,126,0,0,0,212,86,126,212,86,126,0,0,0,0,0,0,0,0,0,0,0,0,0,0,0,0,0,0,0,0,0
82,Herkimer (North & Central) & Oneida (Outer) Counties PUMA,0,0,0,0,0,0,0,0,0,0,0,0,0,0,0,0,0,0,0,0,0,0,0,0,0,0,0,0,0,0,0,0,0,0,0,0
83,Niagara County (North & East) PUMA,156,71,85,156,71,85,0,0,0,85,0,85,85,0,85,0,0,0,71,71,0,71,71,0,0,0,0,0,0,0,0,0,0,0,0,0
84,Monroe County (Central)--Rochester City (East) PUMA,868,250,618,347,250,97,521,0,521,0,0,0,0,0,0,0,0,0,590,250,340,347,250,97,243,0,243,278,0,278,0,0,0,278,0,278
85,Warren & Washington Counties PUMA,55,0,55,55,0,55,0,0,0,55,0,55,55,0,55,0,0,0,0,0,0,0,0,0,0,0,0,0,0,0,0,0,0,0,0,0
86,Nassau County (Southwest)--Hempstead Town (Southwest) & Long Beach City PUMA,1625,858,767,1625,858,767,0,0,0,630,278,352,630,278,352,0,0,0,806,580,226,806,580,226,0,0,0,189,0,189,189,0,189,0,0,0
87,NYC-Brooklyn Community District 8--Crown Heights North & Prospect Heights PUMA,336,86,250,320,70,250,16,16,0,320,70,250,320,70,250,0,0,0,0,0,0,0,0,0,0,0,0,16,16,0,0,0,0,16,16,0
88,Onondaga County (Central)--Syracuse City PUMA,865,561,304,650,561,89,215,0,215,0,0,0,0,0,0,0,0,0,865,561,304,650,561,89,215,0,215,0,0,0,0,0,0,0,0,0
89,Westchester County (Central)--White Plains City PUMA,6358,2888,3470,5428,2154,3274,930,734,196,2465,522,1943,2465,522,1943,0,0,0,2731,1395,1336,2535,1395,1140,196,0,196,1162,971,191,428,237,191,734,734,0
90,NYC-Brooklyn Community District 3--Bedford-Stuyvesant PUMA,1738,713,1025,699,387,312,1039,326,713,368,56,312,368,56,312,0,0,0,1214,657,557,331,331,0,883,326,557,156,0,156,0,0,0,156,0,156
91,"NYC-Bronx Community District 1 & 2--Hunts Point, Longwood & Melrose PUMA",1796,989,807,1227,524,703,569,465,104,581,429,152,406,295,111,175,134,41,809,329,480,514,97,417,295,232,63,406,231,175,307,132,175,99,99,0
92,Cattaraugus & Allegany Counties PUMA,0,0,0,0,0,0,0,0,0,0,0,0,0,0,0,0,0,0,0,0,0,0,0,0,0,0,0,0,0,0,0,0,0,0,0,0
93,Oswego County PUMA,80,80,0,0,0,0,80,80,0,80,80,0,0,0,0,80,80,0,0,0,0,0,0,0,0,0,0,0,0,0,0,0,0,0,0,0
94,"NYC-Queens Community District 5--Ridgewood, Glendale & Middle Village PUMA",8278,4606,3672,5624,3217,2407,2654,1389,1265,2126,814,1312,1654,814,840,472,0,472,4504,2381,2123,3214,1797,1417,1290,584,706,1648,1411,237,756,606,150,892,805,87
95,Monroe County (East) PUMA,167,0,167,83,0,83,84,0,84,83,0,83,83,0,83,0,0,0,84,0,84,0,0,0,84,0,84,0,0,0,0,0,0,0,0,0
96,Westchester County (South Central)--New Rochelle & Mount Vernon Cities PUMA,2134,960,1174,1598,749,849,536,211,325,522,262,260,522,262,260,0,0,0,1376,462,914,840,251,589,536,211,325,236,236,0,236,236,0,0,0,0
97,"NYC-Queens Community District 14--Far Rockaway, Breezy Point & Broad Channel PUMA",2918,1320,1598,1805,980,825,1113,340,773,400,0,400,400,0,400,0,0,0,0,0,0,0,0,0,0,0,0,2518,1320,1198,1405,980,425,1113,340,773
98,"NYC-Brooklyn Community District 12--Borough Park, Kensington & Ocean Parkway PUMA",728,520,208,461,285,176,267,235,32,88,88,0,44,44,0,44,44,0,235,71,164,203,71,132,32,0,32,405,361,44,214,170,44,191,191,0
99,"NYC-Bronx Community District 10--Co-op City, Pelham Bay & Schuylerville PUMA",128,73,55,128,73,55,0,0,0,55,0,55,55,0,55,0,0,0,0,0,0,0,0,0,0,0,0,73,73,0,73,73,0,0,0,0
100,"NYC-Queens Community District 11--Bayside, Douglaston & Little Neck PUMA",1214,303,911,995,236,759,219,67,152,431,112,319,370,112,258,61,0,61,716,124,592,625,124,501,91,0,91,67,67,0,0,0,0,67,67,0
101,"NYC-Manhattan Community District 6--Murray Hill, Gramercy & Stuyvesant Town PUMA",2310,1814,496,2231,1814,417,79,0,79,2231,1814,417,2231,1814,417,0,0,0,0,0,0,0,0,0,0,0,0,79,0,79,0,0,0,79,0,79
102,Chautauqua County PUMA,267,38,229,31,0,31,236,38,198,31,0,31,31,0,31,0,0,0,236,38,198,0,0,0,236,38,198,0,0,0,0,0,0,0,0,0
103,NYC-Brooklyn Community District 18--Canarsie & Flatlands PUMA,1550,779,771,978,379,599,572,400,172,803,330,473,803,330,473,0,0,0,747,449,298,175,49,126,572,400,172,0,0,0,0,0,0,0,0,0
104,Erie County (West Central)--Buffalo City (East) PUMA,155,84,71,155,84,71,0,0,0,0,0,0,0,0,0,0,0,0,84,84,0,84,84,0,0,0,0,71,0,71,71,0,71,0,0,0
105,Genesee & Orleans Counties PUMA,0,0,0,0,0,0,0,0,0,0,0,0,0,0,0,0,0,0,0,0,0,0,0,0,0,0,0,0,0,0,0,0,0,0,0,0
106,"NYC-Staten Island Community District 1--Port Richmond, Stapleton & Mariner's Harbor PUMA",3237,1559,1678,2130,978,1152,1107,581,526,536,232,304,536,232,304,0,0,0,2459,1131,1328,1352,550,802,1107,581,526,242,196,46,242,196,46,0,0,0
107,"Steuben (North & West), Schuyler & Chemung (North) Counties PUMA",79,79,0,0,0,0,79,79,0,0,0,0,0,0,0,0,0,0,79,79,0,0,0,0,79,79,0,0,0,0,0,0,0,0,0,0
108,Nassau County (South Central)--Hempstead Town (Southeast) PUMA,1046,547,499,910,480,430,136,67,69,348,260,88,281,193,88,67,67,0,698,287,411,629,287,342,69,0,69,0,0,0,0,0,0,0,0,0
109,"NYC-Bronx Community District 9--Castle Hill, Clason Point & Parkchester PUMA",3216,1132,2084,2096,546,1550,1120,586,534,312,126,186,312,126,186,0,0,0,1535,425,1110,1014,145,869,521,280,241,1369,581,788,770,275,495,599,306,293
110,Suffolk County (East) PUMA,8901,6121,2780,7160,5331,1829,1741,790,951,1828,1564,264,1777,1564,213,51,0,51,5525,3385,2140,4628,3091,1537,897,294,603,1548,1172,376,755,676,79,793,496,297
111,Orange County (Northwest) PUMA,761,437,324,626,359,267,135,78,57,0,0,0,0,0,0,0,0,0,600,333,267,522,255,267,78,78,0,161,104,57,104,104,0,57,0,57
112,Broome County (West Central)--Greater Binghamton City & Greater Johnson City Village PUMA,0,0,0,0,0,0,0,0,0,0,0,0,0,0,0,0,0,0,0,0,0,0,0,0,0,0,0,0,0,0,0,0,0,0,0,0
113,"NYC-Bronx Community District 11--Pelham Parkway, Morris Park & Laconia PUMA",1007,788,219,838,712,126,169,76,93,413,287,126,413,287,126,0,0,0,357,264,93,188,188,0,169,76,93,237,237,0,237,237,0,0,0,0
114,Suffolk County (Northwest)--Smithtown Town PUMA,585,417,168,585,417,168,0,0,0,168,0,168,168,0,168,0,0,0,417,417,0,417,417,0,0,0,0,0,0,0,0,0,0,0,0,0
115,Ulster County (East) PUMA,884,423,461,491,173,318,393,250,143,349,68,281,349,68,281,0,0,0,147,147,0,64,64,0,83,83,0,388,208,180,78,41,37,310,167,143
116,Westchester County (Northeast) PUMA,962,333,629,276,61,215,686,272,414,443,228,215,276,61,215,167,167,0,414,0,414,0,0,0,414,0,414,105,105,0,0,0,0,105,105,0
117,NYC-Brooklyn Community District 4--Bushwick PUMA,1621,857,764,801,390,411,820,467,353,265,0,265,134,0,134,131,0,131,450,83,367,243,83,160,207,0,207,906,774,132,424,307,117,482,467,15
118,NYC-Manhattan Community District 3--Chinatown & Lower East Side PUMA,2022,808,1214,1207,670,537,815,138,677,419,0,419,74,0,74,345,0,345,1133,670,463,1133,670,463,0,0,0,470,138,332,0,0,0,470,138,332
119,Dutchess County (North & East) PUMA,1077,898,179,1077,898,179,0,0,0,131,71,60,131,71,60,0,0,0,922,803,119,922,803,119,0,0,0,24,24,0,24,24,0,0,0,0
120,Nassau County (Central)--Hempstead Town (North Central)--Meadowbrook Corridor PUMA,4007,2091,1916,2853,1434,1419,1154,657,497,617,351,266,517,251,266,100,100,0,1777,653,1124,1531,574,957,246,79,167,1613,1087,526,805,609,196,808,478,330
121,Broome (Outer West) & Tioga Counties PUMA,295,295,0,295,295,0,0,0,0,154,154,0,154,154,0,0,0,0,141,141,0,141,141,0,0,0,0,0,0,0,0,0,0,0,0,0
122,"Rockland County (South)--Orangetown, Clarkstown (South) & Ramapo (Southeast) Towns PUMA",825,784,41,825,784,41,0,0,0,41,0,41,41,0,41,0,0,0,784,784,0,784,784,0,0,0,0,0,0,0,0,0,0,0,0,0
123,"NYC-Brooklyn Community District 17--East Flatbush, Farragut & Rugby PUMA",287,250,37,287,250,37,0,0,0,0,0,0,0,0,0,0,0,0,37,0,37,37,0,37,0,0,0,250,250,0,250,250,0,0,0,0
124,Orange County (Northeast)--Greater Newburgh City PUMA,1522,697,825,1217,469,748,305,228,77,567,0,567,567,0,567,0,0,0,650,469,181,650,469,181,0,0,0,305,228,77,0,0,0,305,228,77
125,"NYC-Manhattan Community District 1 & 2--Battery Park City, Greenwich Village & Soho PUMA",1574,869,705,1574,869,705,0,0,0,1574,869,705,1574,869,705,0,0,0,0,0,0,0,0,0,0,0,0,0,0,0,0,0,0,0,0,0
126,NYC-Queens Community District 6--Forest Hills & Rego Park PUMA,3520,2456,1064,3003,1939,1064,517,517,0,1201,773,428,1053,625,428,148,148,0,2308,1672,636,1950,1314,636,358,358,0,11,11,0,0,0,0,11,11,0
127,Onondaga County (North) PUMA,260,0,260,260,0,260,0,0,0,260,0,260,260,0,260,0,0,0,0,0,0,0,0,0,0,0,0,0,0,0,0,0,0,0,0,0
128,Nassau County (Northeast)--Oyster Bay Town (North) & Glen Cove City PUMA,989,461,528,725,366,359,264,95,169,313,115,198,313,115,198,0,0,0,491,251,240,412,251,161,79,0,79,185,95,90,0,0,0,185,95,90
129,Monroe County (North & West) PUMA,79,79,0,79,79,0,0,0,0,79,79,0,79,79,0,0,0,0,0,0,0,0,0,0,0,0,0,0,0,0,0,0,0,0,0,0
130,Sullivan & Ulster (West) Counties PUMA,942,847,95,542,488,54,400,359,41,151,97,54,151,97,54,0,0,0,244,203,41,203,203,0,41,0,41,547,547,0,188,188,0,359,359,0
131,Suffolk County (Southwest)--Babylon Town (Southeast) PUMA,1592,684,908,1592,684,908,0,0,0,171,0,171,171,0,171,0,0,0,967,588,379,967,588,379,0,0,0,454,96,358,454,96,358,0,0,0
132,Suffolk County (Northwest)--Huntington Town (North) PUMA,2489,1302,1187,2193,1081,1112,296,221,75,528,528,0,452,452,0,76,76,0,1414,616,798,1194,471,723,220,145,75,547,158,389,547,158,389,0,0,0
133,"NYC-Queens Community District 12--Jamaica, Hollis & St. Albans PUMA",1796,895,901,1245,593,652,551,302,249,389,239,150,285,135,150,104,104,0,1267,644,623,960,458,502,307,186,121,140,12,128,0,0,0,140,12,128
134,"NYC-Queens Community District 13--Queens Village, Cambria Heights & Rosedale PUMA",1978,1059,919,1885,966,919,93,93,0,655,577,78,655,577,78,0,0,0,1276,435,841,1183,342,841,93,93,0,47,47,0,47,47,0,0,0,0
135,Monroe County (Central)--Rochester City (West) PUMA,233,128,105,128,128,0,105,0,105,0,0,0,0,0,0,0,0,0,233,128,105,128,128,0,105,0,105,0,0,0,0,0,0,0,0,0
136,NYC-Queens Community District 10--Howard Beach & Ozone Park PUMA,2366,722,1644,1959,630,1329,407,92,315,492,218,274,346,126,220,146,92,54,1250,438,812,989,438,551,261,0,261,624,66,558,624,66,558,0,0,0
137,Suffolk County (Central)--Islip Town (Northwest) PUMA,9067,5551,3516,7798,4572,3226,1269,979,290,1047,630,417,1047,630,417,0,0,0,4128,2219,1909,3303,1684,1619,825,535,290,3892,2702,1190,3448,2258,1190,444,444,0
138,Putnam County PUMA,1111,925,186,806,620,186,305,305,0,292,292,0,292,292,0,0,0,0,819,633,186,514,328,186,305,305,0,0,0,0,0,0,0,0,0,0
139,NYC-Queens Community District 2--Sunnyside & Woodside PUMA,4915,2038,2877,3992,1893,2099,923,145,778,942,166,776,857,166,691,85,0,85,3104,1331,1773,2527,1186,1341,577,145,432,869,541,328,608,541,67,261,0,261
140,Nassau County (Central)--Hempstead Town (East Central) PUMA,755,362,393,612,219,393,143,143,0,508,219,289,508,219,289,0,0,0,143,143,0,0,0,0,143,143,0,104,0,104,104,0,104,0,0,0
141,Suffolk County (Northwest)--Huntington Town (South) PUMA,1602,795,807,1435,712,723,167,83,84,302,0,302,302,0,302,0,0,0,1160,655,505,993,572,421,167,83,84,140,140,0,140,140,0,0,0,0
142,"NYC-Bronx Community District 4--Concourse, Highbridge & Mount Eden PUMA",738,445,293,515,445,70,223,0,223,194,121,73,121,121,0,73,0,73,286,136,150,136,136,0,150,0,150,258,188,70,258,188,70,0,0,0
143,Nassau County (Central)--Hempstead Town (Northeast) PUMA,851,457,394,743,349,394,108,108,0,260,108,152,152,0,152,108,108,0,499,349,150,499,349,150,0,0,0,92,0,92,92,0,92,0,0,0
144,NYC-Brooklyn Community District 14--Flatbush & Midwood PUMA,1520,810,710,993,723,270,527,87,440,487,290,197,487,290,197,0,0,0,483,183,300,169,96,73,314,87,227,550,337,213,337,337,0,213,0,213
145,"Rockland County (West)--Spring Valley, Suffern Villages & Monsey PUMA",851,389,462,187,84,103,664,305,359,81,47,34,81,47,34,0,0,0,770,342,428,106,37,69,664,305,359,0,0,0,0,0,0,0,0,0
146,Capital Region,2973,1429,1544,2500,1244,1256,473,185,288,1288,513,775,1106,513,593,182,0,182,1180,595,585,923,444,479,257,151,106,505,321,184,471,287,184,34,34,0
147,Central NY,2302,1353,949,1840,1106,734,462,247,215,790,373,417,710,293,417,80,80,0,1151,771,380,936,771,165,215,0,215,361,209,152,194,42,152,167,167,0
148,Finger Lakes,2201,1000,1201,1259,768,491,942,232,710,256,79,177,256,79,177,0,0,0,1114,378,736,682,378,304,432,0,432,831,543,288,321,311,10,510,232,278
149,Long Island,57790,32784,25006,50358,29411,20947,7432,3373,4059,9865,5402,4463,9463,5051,4412,402,351,51,33589,18397,15192,29086,16958,12128,4503,1439,3064,14336,8985,5351,11809,7402,4407,2527,1583,944
150,Mid-Hudson,35908,20152,15756,24940,13907,11033,10968,6245,4723,7390,2539,4851,7223,2372,4851,167,167,0,20348,12094,8254,13021,8133,4888,7327,3961,3366,8170,5519,2651,4696,3402,1294,3474,2117,1357
151,Mohawk Valley,364,142,222,294,142,152,70,0,70,84,0,84,84,0,84,0,0,0,269,131,138,199,131,68,70,0,70,11,11,0,11,11,0,0,0,0
152,New York City,130525,67871,62654,95322,52117,43205,35203,15754,19449,36687,18685,18002,31445,16738,14707,5242,1947,3295,66159,32268,33891,47215,24065,23150,18944,8203,10741,27679,16918,10761,16662,11314,5348,11017,5604,5413
153,North Country,1535,948,587,1524,948,576,11,0,11,565,565,0,565,565,0,0,0,0,970,383,587,959,383,576,11,0,11,0,0,0,0,0,0,0,0,0
154,Southern Tier,542,519,23,463,440,23,79,79,0,154,154,0,154,154,0,0,0,0,347,324,23,268,245,23,79,79,0,41,41,0,41,41,0,0,0,0
155,Western NY,2737,1001,1736,2279,792,1487,458,209,249,1413,278,1135,1413,278,1135,0,0,0,929,467,462,570,357,213,359,110,249,395,256,139,296,157,139,99,99,0
