,puma,Total_geo,Total_geo_m,Total_geo_f,Total_FT_mf_t,Total_FT_m,Total_FT_f,Total_PT_mf_t,Total_PT_m,Total_PT_f,Total_BABS,Total_BABS_m,Total_BABS_f,BABS_FT_mf_t,BABS_FT_m,BABS_FT_f,BABS_PT_mf_t,BABS_PT_m,BABS_PT_f,Total_HS,Total_HS_m,Total_HS_f,HS_FT_mf_t,HS_FT_m,HS_FT_f,HS_PT_mf_t,HS_PT_m,HS_PT_f,Total_HSINC,Total_HSINC_m,Total_HSINC_f,HSINC_FT_mf_t,HSINC_FT_m,HSINC_FT_f,HSINC_PT_mf_t,HSINC_PT_m,HSINC_PT_f
0,Total Geo,4229527,2193125,2036402,3557565,1974672,1582893,671962,218453,453509,2134730,1012811,1121919,1859134,933428,925706,275596,79383,196213,1961343,1090741,870602,1600633,970873,629760,360710,119868,240842,133454,89573,43881,97798,70371,27427,35656,19202,16454
1,NYC-Manhattan Community District 7--Upper West Side & West Side PUMA,52347,26902,25445,44507,23874,20633,7840,3028,4812,49188,24761,24427,42507,22782,19725,6681,1979,4702,3159,2141,1018,2000,1092,908,1159,1049,110,0,0,0,0,0,0,0,0,0
2,Nassau County (West Central)--Hempstead Town (Northwest) PUMA,23364,12497,10867,19942,11863,8079,3422,634,2788,13661,6070,7591,11331,5663,5668,2330,407,1923,9082,6038,3044,8222,5811,2411,860,227,633,621,389,232,389,389,0,232,0,232
3,NYC-Brooklyn Community District 2--Brooklyn Heights & Fort Greene PUMA,40275,20340,19935,35835,18297,17538,4440,2043,2397,36644,18063,18581,33450,16666,16784,3194,1397,1797,3308,2055,1253,2139,1486,653,1169,569,600,323,222,101,246,145,101,77,77,0
4,Madison & Cortland Counties PUMA,42788,22001,20787,37097,20013,17084,5691,1988,3703,12527,5137,7390,11324,4786,6538,1203,351,852,27746,14768,12978,23360,13182,10178,4386,1586,2800,2515,2096,419,2413,2045,368,102,51,51
5,Ontario & Yates Counties PUMA,51011,25217,25794,41715,22236,19479,9296,2981,6315,21096,8960,12136,17064,7485,9579,4032,1475,2557,28328,15082,13246,23386,13671,9715,4942,1411,3531,1587,1175,412,1265,1080,185,322,95,227
6,Monroe County (Central)--Greece & Gates Towns PUMA,42204,20886,21318,34873,18967,15906,7331,1919,5412,17651,8479,9172,14823,7631,7192,2828,848,1980,23426,11688,11738,18928,10622,8306,4498,1066,3432,1127,719,408,1122,714,408,5,5,0
7,Nassau County (East Central)--Oyster Bay Town (Central) PUMA,26428,13069,13359,21074,11873,9201,5354,1196,4158,16391,7573,8818,13834,7034,6800,2557,539,2018,9591,5199,4392,6794,4542,2252,2797,657,2140,446,297,149,446,297,149,0,0,0
8,"Clinton, Franklin, Essex & Hamilton Counties PUMA",58893,31219,27674,47477,27134,20343,11416,4085,7331,18515,7096,11419,15354,6269,9085,3161,827,2334,38465,22989,15476,30803,19936,10867,7662,3053,4609,1913,1134,779,1320,929,391,593,205,388
9,NYC-Manhattan Community District 8--Upper East Side PUMA,65500,28190,37310,59973,27415,32558,5527,775,4752,60910,26131,34779,55383,25356,30027,5527,775,4752,4330,1910,2420,4330,1910,2420,0,0,0,260,149,111,260,149,111,0,0,0
10,Suffolk County (Southwest)--Islip Town (South) PUMA,31237,16624,14613,25957,14738,11219,5280,1886,3394,14518,7119,7399,13108,6647,6461,1410,472,938,16385,9332,7053,12662,8014,4648,3723,1318,2405,334,173,161,187,77,110,147,96,51
11,Erie County (Northwest) PUMA,40847,21202,19645,34682,19570,15112,6165,1632,4533,18604,8300,10304,16336,7614,8722,2268,686,1582,21341,12372,8969,17878,11720,6158,3463,652,2811,902,530,372,468,236,232,434,294,140
12,"NYC-Queens Community District 8--Briarwood, Fresh Meadows & Hillcrest PUMA",11344,6120,5224,8937,5629,3308,2407,491,1916,7043,3504,3539,5391,3205,2186,1652,299,1353,3966,2281,1685,3305,2183,1122,661,98,563,335,335,0,241,241,0,94,94,0
13,NYC-Brooklyn Community District 5--East New York & Starrett City PUMA,2199,1071,1128,1836,992,844,363,79,284,557,143,414,273,143,130,284,0,284,1185,784,401,1106,705,401,79,79,0,457,144,313,457,144,313,0,0,0
14,Rockland County (North)--New City & Congers PUMA,20301,9878,10423,16933,9271,7662,3368,607,2761,11994,5286,6708,10096,5138,4958,1898,148,1750,7636,4011,3625,6338,3634,2704,1298,377,921,671,581,90,499,499,0,172,82,90
15,"Otsego, Schoharie, Oneida (South) & Herkimer (South) Counties PUMA",40488,20849,19639,33597,18319,15278,6891,2530,4361,12717,5936,6781,10654,5094,5560,2063,842,1221,25688,13429,12259,21288,11969,9319,4400,1460,2940,2083,1484,599,1655,1256,399,428,228,200
16,NYC-Brooklyn Community District 7--Sunset Park & Windsor Terrace PUMA,13788,6543,7245,11329,5555,5774,2459,988,1471,10708,4542,6166,9423,4070,5353,1285,472,813,2724,1645,1079,1853,1432,421,871,213,658,356,356,0,53,53,0,303,303,0
17,NYC-Brooklyn Community District 11--Bensonhurst & Bath Beach PUMA,12206,6544,5662,10210,5703,4507,1996,841,1155,5267,2606,2661,4490,2456,2034,777,150,627,6443,3776,2667,5360,3149,2211,1083,627,456,496,162,334,360,98,262,136,64,72
18,Tompkins County PUMA,30546,14701,15845,24787,12808,11979,5759,1893,3866,17723,7895,9828,14446,6788,7658,3277,1107,2170,11659,5991,5668,9568,5358,4210,2091,633,1458,1164,815,349,773,662,111,391,153,238
19,Dutchess County (Southwest) PUMA,45200,24074,21126,35902,20870,15032,9298,3204,6094,18866,8461,10405,15514,7347,8167,3352,1114,2238,24874,14871,10003,19667,13016,6651,5207,1855,3352,1460,742,718,721,507,214,739,235,504
20,NYC-Queens Community District 9--Richmond Hill & Woodhaven PUMA,6928,3447,3481,5588,2575,3013,1340,872,468,3494,1888,1606,3059,1575,1484,435,313,122,3288,1492,1796,2430,949,1481,858,543,315,146,67,79,99,51,48,47,16,31
21,Westchester County (Northwest) PUMA,35312,17782,17530,29283,15783,13500,6029,1999,4030,23713,10877,12836,19689,9783,9906,4024,1094,2930,10897,6488,4409,9050,5741,3309,1847,747,1100,702,417,285,544,259,285,158,158,0
22,Albany County (Outside Albany City) PUMA,65608,32350,33258,57394,30134,27260,8214,2216,5998,31966,13742,18224,29001,13264,15737,2965,478,2487,31749,17198,14551,27159,15877,11282,4590,1321,3269,1893,1410,483,1234,993,241,659,417,242
23,Monroe County (South) PUMA,57420,28875,28545,45407,24556,20851,12013,4319,7694,37564,17326,20238,30377,15291,15086,7187,2035,5152,18762,10976,7786,14244,8775,5469,4518,2201,2317,1094,573,521,786,490,296,308,83,225
24,Jefferson & Lewis Counties PUMA,46071,24944,21127,38592,23556,15036,7479,1388,6091,11718,5829,5889,10434,5286,5148,1284,543,741,32174,17792,14382,26516,17042,9474,5658,750,4908,2179,1323,856,1642,1228,414,537,95,442
25,"Chenango, Delaware & Broome (East) Counties PUMA",38634,20277,18357,31805,18057,13748,6829,2220,4609,8203,3695,4508,6569,3360,3209,1634,335,1299,27405,14746,12659,22681,13129,9552,4724,1617,3107,3026,1836,1190,2555,1568,987,471,268,203
26,Erie County (Central) PUMA,57184,28599,28585,47890,26425,21465,9294,2174,7120,20052,9162,10890,17774,8519,9255,2278,643,1635,35201,18008,17193,28638,16477,12161,6563,1531,5032,1931,1429,502,1478,1429,49,453,0,453
27,St. Lawrence County PUMA,37356,19580,17776,31582,17715,13867,5774,1865,3909,10031,4328,5703,8971,3971,5000,1060,357,703,25578,14255,11323,21450,13001,8449,4128,1254,2874,1747,997,750,1161,743,418,586,254,332
28,"NYC-Manhattan Community District 9--Hamilton Heights, Manhattanville & West Harlem PUMA",13847,7717,6130,11030,6391,4639,2817,1326,1491,11443,6105,5338,8775,4779,3996,2668,1326,1342,2265,1612,653,2116,1612,504,149,0,149,139,0,139,139,0,139,0,0,0
29,Suffolk County (North Central)--Brookhaven Town (North) PUMA,31546,16789,14757,27010,15122,11888,4536,1667,2869,14505,6018,8487,12625,5549,7076,1880,469,1411,16482,10277,6205,14067,9255,4812,2415,1022,1393,559,494,65,318,318,0,241,176,65
30,NYC-Brooklyn Community District 1--Greenpoint & Williamsburg PUMA,46079,27011,19068,37816,22848,14968,8263,4163,4100,35183,19618,15565,31415,17954,13461,3768,1664,2104,8659,5683,2976,4967,3653,1314,3692,2030,1662,2237,1710,527,1434,1241,193,803,469,334
31,Cayuga & Onondaga (South) Counties PUMA,40649,19969,20680,32952,18120,14832,7697,1849,5848,13883,6064,7819,11792,5678,6114,2091,386,1705,25257,13224,12033,20090,12123,7967,5167,1101,4066,1509,681,828,1070,319,751,439,362,77
32,Nassau County (Southeast)--Oyster Bay Town (South) PUMA,39108,19880,19228,33558,18159,15399,5550,1721,3829,20762,9705,11057,18604,9260,9344,2158,445,1713,17306,9662,7644,14262,8536,5726,3044,1126,1918,1040,513,527,692,363,329,348,150,198
33,Fulton & Montgomery Counties PUMA,36432,19130,17302,30689,17826,12863,5743,1304,4439,8005,3697,4308,7288,3611,3677,717,86,631,25135,13327,11808,20457,12210,8247,4678,1117,3561,3292,2106,1186,2944,2005,939,348,101,247
34,Onondaga County (Central)--Syracuse City (Outer) PUMA,58790,29388,29402,50881,26944,23937,7909,2444,5465,29069,13537,15532,26055,12711,13344,3014,826,2188,27835,14665,13170,23439,13471,9968,4396,1194,3202,1886,1186,700,1387,762,625,499,424,75
35,NYC-Staten Island Community District 2--New Springville & South Beach PUMA,23851,12379,11472,21465,11643,9822,2386,736,1650,9971,5634,4337,9360,5508,3852,611,126,485,13198,6251,6947,11423,5641,5782,1775,610,1165,682,494,188,682,494,188,0,0,0
36,Niagara County (Southwest)--Greater Niagara Falls & North Tonawanda Area PUMA,37409,18241,19168,31319,15661,15658,6090,2580,3510,10360,4592,5768,9170,4185,4985,1190,407,783,24807,12069,12738,20746,10539,10207,4061,1530,2531,2242,1580,662,1403,937,466,839,643,196
37,Suffolk County (Central)--Brookhaven Town (Central) PUMA,40741,19503,21238,35403,17404,17999,5338,2099,3239,14184,5629,8555,13185,5549,7636,999,80,919,25941,13626,12315,21714,11607,10107,4227,2019,2208,616,248,368,504,248,256,112,0,112
38,"NYC-Bronx Community District 7--Bedford Park, Fordham North & Norwood PUMA",1462,757,705,1241,670,571,221,87,134,404,404,0,404,404,0,0,0,0,625,199,426,404,112,292,221,87,134,433,154,279,433,154,279,0,0,0
39,NYC-Queens Community District 4--Elmhurst & South Corona PUMA,1854,1245,609,1562,1165,397,292,80,212,1529,1075,454,1411,1014,397,118,61,57,247,170,77,151,151,0,96,19,77,78,0,78,0,0,0,78,0,78
40,"NYC-Brooklyn Community District 6--Park Slope, Carroll Gardens & Red Hook PUMA",37374,17457,19917,32650,15228,17422,4724,2229,2495,33222,14918,18304,29573,13211,16362,3649,1707,1942,3925,2312,1613,2929,1869,1060,996,443,553,227,227,0,148,148,0,79,79,0
41,Suffolk County (Central)--Islip Town (East) PUMA,34546,17756,16790,30289,16689,13600,4257,1067,3190,16035,6514,9521,14593,6057,8536,1442,457,985,17722,10977,6745,15518,10509,5009,2204,468,1736,789,265,524,178,123,55,611,142,469
42,"NYC-Brooklyn Community District 9--Crown Heights South, Prospect Lefferts & Wingate PUMA",12466,7145,5321,10180,6106,4074,2286,1039,1247,9511,4796,4715,8190,4384,3806,1321,412,909,2479,1962,517,1774,1506,268,705,456,249,476,387,89,216,216,0,260,171,89
43,"NYC-Queens Community District 7--Flushing, Murray Hill & Whitestone PUMA",16322,9803,6519,14431,8984,5447,1891,819,1072,8186,4480,3706,7284,4054,3230,902,426,476,7402,4689,2713,6618,4501,2117,784,188,596,734,634,100,529,429,100,205,205,0
44,NYC-Queens Community District 3--Jackson Heights & North Corona PUMA,6199,3518,2681,5489,3333,2156,710,185,525,3838,1743,2095,3251,1558,1693,587,185,402,2300,1775,525,2177,1775,402,123,0,123,61,0,61,61,0,61,0,0,0
45,Saratoga County (Outer) PUMA,51418,27350,24068,43371,25416,17955,8047,1934,6113,18716,9013,9703,16331,8526,7805,2385,487,1898,30163,16353,13810,24863,15209,9654,5300,1144,4156,2539,1984,555,2177,1681,496,362,303,59
46,"NYC-Bronx Community District 12--Wakefield, Williamsbridge & Woodlawn PUMA",2063,1088,975,2012,1088,924,51,0,51,1477,754,723,1477,754,723,0,0,0,524,272,252,473,272,201,51,0,51,62,62,0,62,62,0,0,0,0
47,"NYC-Brooklyn Community District 15--Sheepshead Bay, Gerritsen Beach & Homecrest PUMA",15265,7880,7385,12539,6778,5761,2726,1102,1624,8018,3426,4592,6711,2930,3781,1307,496,811,6170,3714,2456,5039,3241,1798,1131,473,658,1077,740,337,789,607,182,288,133,155
48,Wayne & Seneca Counties PUMA,47487,25307,22180,39313,23229,16084,8174,2078,6096,12050,5209,6841,9843,4831,5012,2207,378,1829,32752,18394,14358,27314,16727,10587,5438,1667,3771,2685,1704,981,2156,1671,485,529,33,496
49,Schenectady County--Schenectady City PUMA,49364,24808,24556,42552,22759,19793,6812,2049,4763,20675,8835,11840,17983,8177,9806,2692,658,2034,26014,14716,11298,21894,13325,8569,4120,1391,2729,2675,1257,1418,2675,1257,1418,0,0,0
50,NYC-Brooklyn Community District 10--Bay Ridge & Dyker Heights PUMA,16549,8207,8342,14651,7223,7428,1898,984,914,11138,5139,5999,10190,4781,5409,948,358,590,5212,2869,2343,4461,2442,2019,751,427,324,199,199,0,0,0,0,199,199,0
51,Nassau County (Northwest)--North Hempstead Town (North) PUMA,24413,13808,10605,20999,12866,8133,3414,942,2472,19863,11001,8862,16918,10146,6772,2945,855,2090,4177,2604,1573,3838,2589,1249,339,15,324,373,203,170,243,131,112,130,72,58
52,Suffolk County (West Central)--Babylon Town (Northwest) PUMA,17484,9465,8019,15310,8685,6625,2174,780,1394,7184,2865,4319,6795,2790,4005,389,75,314,9751,6365,3386,7966,5660,2306,1785,705,1080,549,235,314,549,235,314,0,0,0
53,"NYC-Manhattan Community District 4 & 5--Chelsea, Clinton & Midtown Business District PUMA",46850,26961,19889,41795,23878,17917,5055,3083,1972,40716,22890,17826,37104,20874,16230,3612,2016,1596,6134,4071,2063,4691,3004,1687,1443,1067,376,0,0,0,0,0,0,0,0,0
54,Columbia & Greene Counties PUMA,38613,19689,18924,31359,16686,14673,7254,3003,4251,13653,5849,7804,11801,4813,6988,1852,1036,816,23568,13152,10416,18932,11384,7548,4636,1768,2868,1392,688,704,626,489,137,766,199,567
55,Rensselaer County--Troy City PUMA,57811,29508,28303,49021,26020,23001,8790,3488,5302,20862,9398,11464,18573,8727,9846,2289,671,1618,33587,17414,16173,28166,15523,12643,5421,1891,3530,3362,2696,666,2282,1770,512,1080,926,154
56,Erie County (West Central)--Buffalo City (West) PUMA,28863,15061,13802,24130,13019,11111,4733,2042,2691,17945,8294,9651,15239,7243,7996,2706,1051,1655,10150,6141,4009,8343,5228,3115,1807,913,894,768,626,142,548,548,0,220,78,142
57,Erie County (South) PUMA,69695,35491,34204,58586,32805,25781,11109,2686,8423,29813,12956,16857,26364,12239,14125,3449,717,2732,37899,20785,17114,30515,18998,11517,7384,1787,5597,1983,1750,233,1707,1568,139,276,182,94
58,Oneida County (Central)--Greater Utica & Rome Cities PUMA,44030,23269,20761,36463,20831,15632,7567,2438,5129,16120,8196,7924,14029,7696,6333,2091,500,1591,26356,13978,12378,21101,12105,8996,5255,1873,3382,1554,1095,459,1333,1030,303,221,65,156
59,"NYC-Manhattan Community District 12--Washington Heights, Inwood & Marble Hill PUMA",19867,8930,10937,16357,7535,8822,3510,1395,2115,16666,6667,9999,14060,5843,8217,2606,824,1782,2536,1879,657,2016,1692,324,520,187,333,665,384,281,281,0,281,384,384,0
60,NYC-Brooklyn Community District 13--Brighton Beach & Coney Island PUMA,4003,2195,1808,3386,1905,1481,617,290,327,2049,1270,779,1847,1068,779,202,202,0,1817,788,1029,1490,788,702,327,0,327,137,137,0,49,49,0,88,88,0
61,NYC-Manhattan Community District 10--Central Harlem PUMA,11404,6588,4816,10327,6061,4266,1077,527,550,10224,5698,4526,9433,5301,4132,791,397,394,1180,890,290,894,760,134,286,130,156,0,0,0,0,0,0,0,0,0
62,Nassau County (West Central)--North Hempstead Town (South) PUMA,20668,10299,10369,18040,9526,8514,2628,773,1855,11964,5840,6124,10893,5594,5299,1071,246,825,8537,4459,4078,6980,3932,3048,1557,527,1030,167,0,167,167,0,167,0,0,0
63,NYC-Brooklyn Community District 16--Brownsville & Ocean Hill PUMA,926,406,520,926,406,520,0,0,0,79,79,0,79,79,0,0,0,0,847,327,520,847,327,520,0,0,0,0,0,0,0,0,0,0,0,0
64,Albany County (East Central)--Albany City PUMA,20789,11716,9073,16158,10154,6004,4631,1562,3069,12490,6533,5957,10276,5414,4862,2214,1119,1095,7883,4983,2900,5682,4540,1142,2201,443,1758,416,200,216,200,200,0,216,0,216
65,Nassau County (West Central)--Hempstead Town (West Central) PUMA,19122,9976,9146,16571,9165,7406,2551,811,1740,11039,4716,6323,9259,4348,4911,1780,368,1412,7626,4803,2823,6855,4360,2495,771,443,328,457,457,0,457,457,0,0,0,0
66,Chemung (South) & Steuben (East) Counties--Greater Elmira & Greater Corning Cities PUMA,34736,17981,16755,28644,15262,13382,6092,2719,3373,10932,5935,4997,10130,5798,4332,802,137,665,21951,10449,11502,17985,9119,8866,3966,1330,2636,1853,1597,256,529,345,184,1324,1252,72
67,"NYC-Bronx Community District 3 & 6--Belmont, Crotona Park East & East Tremont PUMA",948,484,464,948,484,464,0,0,0,322,234,88,322,234,88,0,0,0,418,239,179,418,239,179,0,0,0,208,11,197,208,11,197,0,0,0
68,"NYC-Bronx Community District 5--Morris Heights, Fordham South & Mount Hope PUMA",57,0,57,57,0,57,0,0,0,0,0,0,0,0,0,0,0,0,57,0,57,57,0,57,0,0,0,0,0,0,0,0,0,0,0,0
69,"NYC-Bronx Community District 8--Riverdale, Fieldston & Kingsbridge PUMA",10728,4568,6160,8723,4134,4589,2005,434,1571,8177,2912,5265,7011,2815,4196,1166,97,1069,2354,1549,805,1605,1212,393,749,337,412,197,107,90,107,107,0,90,0,90
70,Erie County (Northeast) PUMA,49540,26090,23450,42790,24222,18568,6750,1868,4882,23001,10910,12091,20310,9965,10345,2691,945,1746,25881,14522,11359,21822,13599,8223,4059,923,3136,658,658,0,658,658,0,0,0,0
71,NYC-Manhattan Community District 11--East Harlem PUMA,8151,4139,4012,7128,3752,3376,1023,387,636,6448,2839,3609,5581,2608,2973,867,231,636,1547,1144,403,1547,1144,403,0,0,0,156,156,0,0,0,0,156,156,0
72,Orange County (Southeast) PUMA,34010,18084,15926,27771,16392,11379,6239,1692,4547,15999,7406,8593,14138,6936,7202,1861,470,1391,16245,9055,7190,12400,8286,4114,3845,769,3076,1766,1623,143,1233,1170,63,533,453,80
73,Westchester County (Southeast) PUMA,24876,13981,10895,21443,12918,8525,3433,1063,2370,19631,10483,9148,17014,10117,6897,2617,366,2251,5004,3412,1592,4188,2715,1473,816,697,119,241,86,155,241,86,155,0,0,0
74,NYC-Queens Community District 1--Astoria & Long Island City PUMA,35318,17690,17628,31909,16265,15644,3409,1425,1984,27295,12709,14586,25563,12198,13365,1732,511,1221,7726,4820,2906,6174,3968,2206,1552,852,700,297,161,136,172,99,73,125,62,63
75,Livingston & Wyoming Counties PUMA,37610,20003,17607,32325,18527,13798,5285,1476,3809,9378,3960,5418,8232,3788,4444,1146,172,974,26843,15348,11495,23230,14196,9034,3613,1152,2461,1389,695,694,863,543,320,526,152,374
76,Suffolk County (Central)--Brookhaven Town (West Central) PUMA,31697,16323,15374,26610,15417,11193,5087,906,4181,12530,5953,6577,10688,5704,4984,1842,249,1593,18787,10245,8542,15664,9588,6076,3123,657,2466,380,125,255,258,125,133,122,0,122
77,Westchester County (Southwest)--Yonkers City PUMA,23117,11853,11264,19796,10916,8880,3321,937,2384,12600,6514,6086,11523,6203,5320,1077,311,766,9674,4922,4752,7496,4362,3134,2178,560,1618,843,417,426,777,351,426,66,66,0
78,Erie County (North Central) PUMA,37646,19028,18618,32771,17324,15447,4875,1704,3171,25508,12007,13501,22788,11288,11500,2720,719,2001,11779,6778,5001,9753,5922,3831,2026,856,1170,359,243,116,230,114,116,129,129,0
79,Saratoga County (South & Central) PUMA,42599,22395,20204,37460,20684,16776,5139,1711,3428,23488,11712,11776,20207,10551,9656,3281,1161,2120,18200,10055,8145,16436,9599,6837,1764,456,1308,911,628,283,817,534,283,94,94,0
80,Suffolk County (South Central)--Brookhaven Town (South) PUMA,35390,19513,15877,31370,18347,13023,4020,1166,2854,12399,5875,6524,10816,5330,5486,1583,545,1038,21478,12376,9102,19157,11871,7286,2321,505,1816,1513,1262,251,1397,1146,251,116,116,0
81,"NYC-Staten Island Community District 3--Tottenville, Great Kills & Annadale PUMA",42868,22804,20064,37859,21329,16530,5009,1475,3534,19599,9177,10422,17479,8523,8956,2120,654,1466,22375,13012,9363,19677,12257,7420,2698,755,1943,894,615,279,703,549,154,191,66,125
82,Herkimer (North & Central) & Oneida (Outer) Counties PUMA,44312,23486,20826,37159,21072,16087,7153,2414,4739,10908,4549,6359,9501,3988,5513,1407,561,846,31008,17540,13468,25875,15855,10020,5133,1685,3448,2396,1397,999,1783,1229,554,613,168,445
83,Niagara County (North & East) PUMA,40341,20258,20083,33453,17923,15530,6888,2335,4553,12264,4893,7371,10739,4516,6223,1525,377,1148,26596,14720,11876,21704,12995,8709,4892,1725,3167,1481,645,836,1010,412,598,471,233,238
84,Monroe County (Central)--Rochester City (East) PUMA,21253,11520,9733,17951,9661,8290,3302,1859,1443,14132,7146,6986,12363,6326,6037,1769,820,949,6650,4249,2401,5242,3335,1907,1408,914,494,471,125,346,346,0,346,125,125,0
85,Warren & Washington Counties PUMA,49795,25728,24067,39565,21337,18228,10230,4391,5839,15315,6778,8537,13217,6250,6967,2098,528,1570,32024,17161,14863,24784,13820,10964,7240,3341,3899,2456,1789,667,1564,1267,297,892,522,370
86,Nassau County (Southwest)--Hempstead Town (Southwest) & Long Beach City PUMA,27065,15361,11704,23050,14676,8374,4015,685,3330,17801,10545,7256,15208,9895,5313,2593,650,1943,8896,4562,4334,7588,4527,3061,1308,35,1273,368,254,114,254,254,0,114,0,114
87,NYC-Brooklyn Community District 8--Crown Heights North & Prospect Heights PUMA,20008,9842,10166,17472,8958,8514,2536,884,1652,16910,7869,9041,15199,7309,7890,1711,560,1151,2826,1818,1008,2001,1494,507,825,324,501,272,155,117,272,155,117,0,0,0
88,Onondaga County (Central)--Syracuse City PUMA,24601,13814,10787,20311,11875,8436,4290,1939,2351,9589,4271,5318,8472,4114,4358,1117,157,960,13633,8549,5084,10766,6934,3832,2867,1615,1252,1379,994,385,1073,827,246,306,167,139
89,Westchester County (Central)--White Plains City PUMA,35614,18325,17289,29950,17157,12793,5664,1168,4496,26981,13658,13323,23160,13129,10031,3821,529,3292,8633,4667,3966,6790,4028,2762,1843,639,1204,0,0,0,0,0,0,0,0,0
90,NYC-Brooklyn Community District 3--Bedford-Stuyvesant PUMA,19762,10969,8793,15072,8140,6932,4690,2829,1861,14412,7133,7279,12002,5674,6328,2410,1459,951,4641,3219,1422,2703,2141,562,1938,1078,860,709,617,92,367,325,42,342,292,50
91,"NYC-Bronx Community District 1 & 2--Hunts Point, Longwood & Melrose PUMA",1158,272,886,1077,272,805,81,0,81,440,72,368,440,72,368,0,0,0,636,200,436,555,200,355,81,0,81,82,0,82,82,0,82,0,0,0
92,Cattaraugus & Allegany Counties PUMA,42215,22286,19929,34432,19683,14749,7783,2603,5180,9686,4349,5337,8487,4126,4361,1199,223,976,30154,16054,14100,24157,13895,10262,5997,2159,3838,2375,1883,492,1788,1662,126,587,221,366
93,Oswego County PUMA,45190,24458,20732,38284,22697,15587,6906,1761,5145,10759,5296,5463,9766,4942,4824,993,354,639,31360,17135,14225,25803,16011,9792,5557,1124,4433,3071,2027,1044,2715,1744,971,356,283,73
94,"NYC-Queens Community District 5--Ridgewood, Glendale & Middle Village PUMA",23451,11848,11603,20747,11094,9653,2704,754,1950,11607,5833,5774,10331,5567,4764,1276,266,1010,11096,5502,5594,9839,5014,4825,1257,488,769,748,513,235,577,513,64,171,0,171
95,Monroe County (East) PUMA,53424,27727,25697,45481,25907,19574,7943,1820,6123,31658,14599,17059,27789,14039,13750,3869,560,3309,21023,12481,8542,17053,11325,5728,3970,1156,2814,743,647,96,639,543,96,104,104,0
96,Westchester County (South Central)--New Rochelle & Mount Vernon Cities PUMA,28386,15046,13340,23763,13782,9981,4623,1264,3359,18384,10008,8376,15828,9544,6284,2556,464,2092,9677,4860,4817,7662,4060,3602,2015,800,1215,325,178,147,273,178,95,52,0,52
97,"NYC-Queens Community District 14--Far Rockaway, Breezy Point & Broad Channel PUMA",14159,7347,6812,11307,6698,4609,2852,649,2203,9072,4579,4493,7690,3968,3722,1382,611,771,4860,2541,2319,3428,2541,887,1432,0,1432,227,227,0,189,189,0,38,38,0
98,"NYC-Brooklyn Community District 12--Borough Park, Kensington & Ocean Parkway PUMA",20325,11928,8397,12242,9218,3024,8083,2710,5373,7438,3811,3627,5715,3576,2139,1723,235,1488,11671,7061,4610,5699,4974,725,5972,2087,3885,1216,1056,160,828,668,160,388,388,0
99,"NYC-Bronx Community District 10--Co-op City, Pelham Bay & Schuylerville PUMA",10517,4819,5698,9522,4409,5113,995,410,585,5251,1750,3501,4648,1423,3225,603,327,276,4760,2563,2197,4368,2480,1888,392,83,309,506,506,0,506,506,0,0,0,0
100,"NYC-Queens Community District 11--Bayside, Douglaston & Little Neck PUMA",13559,7395,6164,11879,6901,4978,1680,494,1186,8846,4320,4526,7379,3954,3425,1467,366,1101,4608,2970,1638,4395,2842,1553,213,128,85,105,105,0,105,105,0,0,0,0
101,"NYC-Manhattan Community District 6--Murray Hill, Gramercy & Stuyvesant Town PUMA",47583,24411,23172,44326,23531,20795,3257,880,2377,43984,21775,22209,40903,21071,19832,3081,704,2377,3599,2636,963,3423,2460,963,176,176,0,0,0,0,0,0,0,0,0,0
102,Chautauqua County PUMA,43361,22835,20526,35483,20961,14522,7878,1874,6004,12456,5329,7127,10375,4587,5788,2081,742,1339,28136,15567,12569,22866,14644,8222,5270,923,4347,2769,1939,830,2242,1730,512,527,209,318
103,NYC-Brooklyn Community District 18--Canarsie & Flatlands PUMA,12087,6056,6031,9504,5483,4021,2583,573,2010,6076,2643,3433,4957,2432,2525,1119,211,908,5605,3063,2542,4288,2848,1440,1317,215,1102,406,350,56,259,203,56,147,147,0
104,Erie County (West Central)--Buffalo City (East) PUMA,21004,11796,9208,16847,9540,7307,4157,2256,1901,5478,2520,2958,4889,2361,2528,589,159,430,13050,7655,5395,10544,6302,4242,2506,1353,1153,2476,1621,855,1414,877,537,1062,744,318
105,Genesee & Orleans Counties PUMA,38241,20014,18227,31622,18054,13568,6619,1960,4659,7451,2890,4561,6217,2589,3628,1234,301,933,29131,15772,13359,24408,14592,9816,4723,1180,3543,1659,1352,307,997,873,124,662,479,183
106,"NYC-Staten Island Community District 1--Port Richmond, Stapleton & Mariner's Harbor PUMA",21987,11631,10356,18946,10723,8223,3041,908,2133,10900,5167,5733,9837,4883,4954,1063,284,779,10313,5892,4421,8461,5268,3193,1852,624,1228,774,572,202,648,572,76,126,0,126
107,"Steuben (North & West), Schuyler & Chemung (North) Counties PUMA",35023,18890,16133,29033,16771,12262,5990,2119,3871,7671,2868,4803,6556,2638,3918,1115,230,885,25587,14812,10775,21114,13076,8038,4473,1736,2737,1765,1210,555,1363,1057,306,402,153,249
108,Nassau County (South Central)--Hempstead Town (Southeast) PUMA,26076,13327,12749,20869,11637,9232,5207,1690,3517,15192,7212,7980,12465,6591,5874,2727,621,2106,10738,5969,4769,8258,4900,3358,2480,1069,1411,146,146,0,146,146,0,0,0,0
109,"NYC-Bronx Community District 9--Castle Hill, Clason Point & Parkchester PUMA",698,464,234,489,375,114,209,89,120,354,354,0,354,354,0,0,0,0,255,21,234,135,21,114,120,0,120,89,89,0,0,0,0,89,89,0
110,Suffolk County (East) PUMA,35274,19268,16006,29217,17861,11356,6057,1407,4650,20003,10289,9714,16793,9426,7367,3210,863,2347,14538,8407,6131,12012,8023,3989,2526,384,2142,733,572,161,412,412,0,321,160,161
111,Orange County (Northwest) PUMA,32732,17272,15460,25387,14617,10770,7345,2655,4690,9950,4593,5357,8143,4083,4060,1807,510,1297,21678,12094,9584,16222,10011,6211,5456,2083,3373,1104,585,519,1022,523,499,82,62,20
112,Broome County (West Central)--Greater Binghamton City & Greater Johnson City Village PUMA,33076,16746,16330,26798,13786,13012,6278,2960,3318,12437,6586,5851,10470,5566,4904,1967,1020,947,19033,9502,9531,15307,7992,7315,3726,1510,2216,1606,658,948,1021,228,793,585,430,155
113,"NYC-Bronx Community District 11--Pelham Parkway, Morris Park & Laconia PUMA",5585,2939,2646,5146,2726,2420,439,213,226,2851,1454,1397,2714,1454,1260,137,0,137,2457,1297,1160,2303,1143,1160,154,154,0,277,188,89,129,129,0,148,59,89
114,Suffolk County (Northwest)--Smithtown Town PUMA,42677,22416,20261,37391,21221,16170,5286,1195,4091,26198,12784,13414,23627,12329,11298,2571,455,2116,16206,9432,6774,13564,8692,4872,2642,740,1902,273,200,73,200,200,0,73,0,73
115,Ulster County (East) PUMA,50226,26207,24019,40449,22555,17894,9777,3652,6125,17538,7275,10263,14263,6512,7751,3275,763,2512,30602,17429,13173,24359,14743,9616,6243,2686,3557,2086,1503,583,1827,1300,527,259,203,56
116,Westchester County (Northeast) PUMA,39715,20872,18843,32363,19890,12473,7352,982,6370,29935,14705,15230,24648,13999,10649,5287,706,4581,9436,5938,3498,7486,5662,1824,1950,276,1674,344,229,115,229,229,0,115,0,115
117,NYC-Brooklyn Community District 4--Bushwick PUMA,17336,9733,7603,14081,8237,5844,3255,1496,1759,13119,6530,6589,10732,5489,5243,2387,1041,1346,4034,3020,1014,3349,2748,601,685,272,413,183,183,0,0,0,0,183,183,0
118,NYC-Manhattan Community District 3--Chinatown & Lower East Side PUMA,29129,13674,15455,26276,12825,13451,2853,849,2004,26634,12590,14044,24860,12050,12810,1774,540,1234,2305,1084,1221,1416,775,641,889,309,580,190,0,190,0,0,0,190,0,190
119,Dutchess County (North & East) PUMA,38634,20211,18423,32684,18112,14572,5950,2099,3851,18499,8694,9805,16126,7779,8347,2373,915,1458,18804,10726,8078,15881,9843,6038,2923,883,2040,1331,791,540,677,490,187,654,301,353
120,Nassau County (Central)--Hempstead Town (North Central)--Meadowbrook Corridor PUMA,6561,3067,3494,4841,2399,2442,1720,668,1052,2325,793,1532,2242,793,1449,83,0,83,3879,1963,1916,2242,1295,947,1637,668,969,357,311,46,357,311,46,0,0,0
121,Broome (Outer West) & Tioga Counties PUMA,38266,20427,17839,31363,17952,13411,6903,2475,4428,10633,4733,5900,9143,4556,4587,1490,177,1313,25623,14353,11270,20781,12342,8439,4842,2011,2831,2010,1341,669,1439,1054,385,571,287,284
122,"Rockland County (South)--Orangetown, Clarkstown (South) & Ramapo (Southeast) Towns PUMA",26899,14112,12787,21956,13265,8691,4943,847,4096,16195,8172,8023,13790,7712,6078,2405,460,1945,10404,5640,4764,7872,5259,2613,2532,381,2151,300,300,0,294,294,0,6,6,0
123,"NYC-Brooklyn Community District 17--East Flatbush, Farragut & Rugby PUMA",1344,851,493,1168,795,373,176,56,120,1093,764,329,1037,708,329,56,56,0,251,87,164,131,87,44,120,0,120,0,0,0,0,0,0,0,0,0
124,Orange County (Northeast)--Greater Newburgh City PUMA,27329,13715,13614,23164,12784,10380,4165,931,3234,11582,4902,6680,9825,4621,5204,1757,281,1476,14858,8102,6756,12567,7452,5115,2291,650,1641,889,711,178,772,711,61,117,0,117
125,"NYC-Manhattan Community District 1 & 2--Battery Park City, Greenwich Village & Soho PUMA",52526,27056,25470,47765,25047,22718,4761,2009,2752,49067,24892,24175,44987,23329,21658,4080,1563,2517,2996,1933,1063,2315,1487,828,681,446,235,463,231,232,463,231,232,0,0,0
126,NYC-Queens Community District 6--Forest Hills & Rego Park PUMA,13120,6381,6739,11151,5862,5289,1969,519,1450,8994,4132,4862,8049,3672,4377,945,460,485,3867,1990,1877,2843,1931,912,1024,59,965,259,259,0,259,259,0,0,0,0
127,Onondaga County (North) PUMA,48281,24813,23468,40671,22067,18604,7610,2746,4864,21413,10254,11159,19044,9551,9493,2369,703,1666,25935,14087,11848,21014,12059,8955,4921,2028,2893,933,472,461,613,457,156,320,15,305
128,Nassau County (Northeast)--Oyster Bay Town (North) & Glen Cove City PUMA,28716,15073,13643,23951,13861,10090,4765,1212,3553,19381,10142,9239,16497,9333,7164,2884,809,2075,8716,4525,4191,7138,4212,2926,1578,313,1265,619,406,213,316,316,0,303,90,213
129,Monroe County (North & West) PUMA,41748,20964,20784,34660,18550,16110,7088,2414,4674,18734,8513,10221,16056,7750,8306,2678,763,1915,22364,12100,10264,18085,10464,7621,4279,1636,2643,650,351,299,519,336,183,131,15,116
130,Sullivan & Ulster (West) Counties PUMA,31049,14774,16275,24543,12671,11872,6506,2103,4403,10795,5244,5551,8950,4370,4580,1845,874,971,18118,8446,9672,14231,7254,6977,3887,1192,2695,2136,1084,1052,1362,1047,315,774,37,737
131,Suffolk County (Southwest)--Babylon Town (Southeast) PUMA,31095,16451,14644,27117,15297,11820,3978,1154,2824,10721,4739,5982,8910,4422,4488,1811,317,1494,19956,11494,8462,17789,10657,7132,2167,837,1330,418,218,200,418,218,200,0,0,0
132,Suffolk County (Northwest)--Huntington Town (North) PUMA,32154,16470,15684,26251,14448,11803,5903,2022,3881,20919,10234,10685,17186,9392,7794,3733,842,2891,10883,5970,4913,8788,4865,3923,2095,1105,990,352,266,86,277,191,86,75,75,0
133,"NYC-Queens Community District 12--Jamaica, Hollis & St. Albans PUMA",1599,1176,423,1342,1034,308,257,142,115,153,58,95,153,58,95,0,0,0,1332,1004,328,1075,862,213,257,142,115,114,114,0,114,114,0,0,0,0
134,"NYC-Queens Community District 13--Queens Village, Cambria Heights & Rosedale PUMA",5224,2649,2575,4126,2219,1907,1098,430,668,2425,1415,1010,2164,1227,937,261,188,73,2414,849,1565,1819,849,970,595,0,595,385,385,0,143,143,0,242,242,0
135,Monroe County (Central)--Rochester City (West) PUMA,10647,5866,4781,8635,4826,3809,2012,1040,972,3944,2018,1926,3087,1757,1330,857,261,596,5934,3289,2645,5039,2770,2269,895,519,376,769,559,210,509,299,210,260,260,0
136,NYC-Queens Community District 10--Howard Beach & Ozone Park PUMA,8414,4690,3724,6908,4465,2443,1506,225,1281,2765,1548,1217,2055,1406,649,710,142,568,5204,2847,2357,4558,2764,1794,646,83,563,445,295,150,295,295,0,150,0,150
137,Suffolk County (Central)--Islip Town (Northwest) PUMA,9589,5406,4183,7959,4642,3317,1630,764,866,3328,2014,1314,2774,1764,1010,554,250,304,5796,2978,2818,4878,2571,2307,918,407,511,465,414,51,307,307,0,158,107,51
138,Putnam County PUMA,34268,17076,17192,27585,15477,12108,6683,1599,5084,15185,7087,8098,13183,6807,6376,2002,280,1722,18365,9708,8657,13864,8477,5387,4501,1231,3270,718,281,437,538,193,345,180,88,92
139,NYC-Queens Community District 2--Sunnyside & Woodside PUMA,16683,9701,6982,14988,9227,5761,1695,474,1221,12684,7288,5396,11502,7047,4455,1182,241,941,3858,2413,1445,3403,2180,1223,455,233,222,141,0,141,83,0,83,58,0,58
140,Nassau County (Central)--Hempstead Town (East Central) PUMA,31944,16676,15268,26948,15611,11337,4996,1065,3931,20911,10690,10221,17925,10077,7848,2986,613,2373,10522,5660,4862,8512,5208,3304,2010,452,1558,511,326,185,511,326,185,0,0,0
141,Suffolk County (Northwest)--Huntington Town (South) PUMA,29230,15289,13941,24604,13896,10708,4626,1393,3233,18675,9639,9036,15722,8741,6981,2953,898,2055,10133,5369,4764,8638,4949,3689,1495,420,1075,422,281,141,244,206,38,178,75,103
142,"NYC-Bronx Community District 4--Concourse, Highbridge & Mount Eden PUMA",1216,802,414,1216,802,414,0,0,0,544,200,344,544,200,344,0,0,0,672,602,70,672,602,70,0,0,0,0,0,0,0,0,0,0,0,0
143,Nassau County (Central)--Hempstead Town (Northeast) PUMA,32949,16082,16867,29253,14845,14408,3696,1237,2459,15212,6557,8655,14092,6111,7981,1120,446,674,17188,9093,8095,14612,8302,6310,2576,791,1785,549,432,117,549,432,117,0,0,0
144,NYC-Brooklyn Community District 14--Flatbush & Midwood PUMA,16159,8062,8097,11629,6226,5403,4530,1836,2694,11447,5247,6200,8648,3946,4702,2799,1301,1498,3750,2070,1680,2451,1750,701,1299,320,979,962,745,217,530,530,0,432,215,217
145,"Rockland County (West)--Spring Valley, Suffern Villages & Monsey PUMA",16809,9898,6911,10504,7810,2694,6305,2088,4217,5967,3127,2840,4049,2552,1497,1918,575,1343,8889,5321,3568,5532,4335,1197,3357,986,2371,1953,1450,503,923,923,0,1030,527,503
146,Capital Region,375997,193544,182453,316880,173190,143690,59117,20354,38763,157165,71860,85305,137389,65722,71667,19776,6138,13638,203188,111032,92156,167916,99277,68639,35272,11755,23517,15644,10652,4992,11575,8191,3384,4069,2461,1608
147,Central NY,260299,134443,125856,220196,121716,98480,40103,12727,27376,97240,44559,52681,86453,41782,44671,10787,2777,8010,151766,82428,69338,124472,73780,50692,27294,8648,18646,11293,7456,3837,9271,6154,3117,2022,1302,720
148,Finger Lakes,401045,206379,194666,331982,184513,147469,69063,21866,47197,173658,79100,94558,145851,71487,74364,27807,7613,20194,215213,119379,95834,176929,106477,70452,38284,12902,25382,12174,7900,4274,9202,6549,2653,2972,1351,1621
149,Long Island,709074,370388,338686,603584,340248,263336,105490,30140,75350,375701,180516,195185,326090,168545,157545,49611,11971,37640,320316,181385,138931,267718,164475,103243,52598,16910,35688,13057,8487,4570,9776,7228,2548,3281,1259,2022
150,Mid-Hudson,544477,283160,261317,443476,254270,189206,101001,28890,72111,283814,136492,147322,239939,126632,113307,43875,9860,34015,243794,135690,108104,191605,118878,72727,52189,16812,35377,16869,10978,5891,11932,8760,3172,4937,2218,2719
151,Mohawk Valley,165262,86734,78528,137908,78048,59860,27354,8686,18668,47750,22378,25372,41472,20389,21083,6278,1989,4289,108187,58274,49913,88721,52139,36582,19466,6135,13331,9325,6082,3243,7715,5520,2195,1610,562,1048
152,New York City,952667,492825,459842,821075,442513,378562,131592,50312,81280,706372,345629,360743,627396,317996,309400,78976,27633,51343,226410,132993,93417,180101,114533,65568,46309,18460,27849,19885,14203,5682,13578,9984,3594,6307,4219,2088
153,North Country,142320,75743,66577,117651,68405,49246,24669,7338,17331,40264,17253,23011,34759,15526,19233,5505,1727,3778,96217,55036,41181,78769,49979,28790,17448,5057,12391,5839,3454,2385,4123,2900,1223,1716,554,1162
154,Southern Tier,210281,109022,101259,172430,94636,77794,37851,14386,23465,67599,31712,35887,57314,28706,28608,10285,3006,7279,131258,69853,61405,107436,61016,46420,23822,8837,14985,11424,7457,3967,7680,4914,2766,3744,2543,1201
155,Western NY,468105,240887,227218,392383,217133,175250,75722,23754,51968,185167,83312,101855,162471,76643,85828,22696,6669,16027,264994,144671,120323,216966,130319,86647,48028,14352,33676,17944,12904,5040,12946,10171,2775,4998,2733,2265
