,puma,Total_geo,Total_geo_m,Total_geo_f,Total_Emp_mf_t,Total_emp_m,Total_emp_f,Total_UnEmp_mf_t,Total_UnEmp_m,Total_UnEmp_f,Total_BABS,Total_BABS_m,Total_BABS_f,BABS_Emp_mf_t,BABS_emp_m,BABS_emp_f,BABS_UnEmp_mf_t,BABS_UnEmp_m,BABS_UnEmp_f,Total_HS,Total_HS_m,Total_HS_f,HS_Emp_mf_t,HS_emp_m,HS_emp_f,HS_UnEmp_mf_t,HS_UnEmp_m,HS_UnEmp_f,Total_HSINC,Total_HSINC_m,Total_HSINC_f,HSINC_Emp_mf_t,HSINC_emp_m,HSINC_emp_f,HSINC_UnEmp_mf_t,HSINC_UnEmp_m,HSINC_UnEmp_f
0,Total Geo,4138842,2156079,1982763,4009896,2082156,1927740,128946,73923,55023,2095064,999988,1095076,2047817,975369,1072448,47247,24619,22628,1914168,1068410,845758,1842678,1026775,815903,71490,41635,29855,129610,87681,41929,119401,80012,39389,10209,7669,2540
1,NYC-Manhattan Community District 7--Upper West Side & West Side PUMA,50866,26640,24226,48834,25417,23417,2032,1223,809,47462,24254,23208,45898,23499,22399,1564,755,809,3404,2386,1018,2936,1918,1018,468,468,0,0,0,0,0,0,0,0,0,0
2,Nassau County (West Central)--Hempstead Town (Northwest) PUMA,23015,12381,10634,22572,12016,10556,443,365,78,13318,5835,7483,13168,5763,7405,150,72,78,9076,6157,2919,8783,5864,2919,293,293,0,621,389,232,621,389,232,0,0,0
3,NYC-Brooklyn Community District 2--Brooklyn Heights & Fort Greene PUMA,39576,20169,19407,38654,19488,19166,922,681,241,36290,18037,18253,35789,17777,18012,501,260,241,3064,1910,1154,2643,1489,1154,421,421,0,222,222,0,222,222,0,0,0,0
4,Madison & Cortland Counties PUMA,42180,22109,20071,40578,21109,19469,1602,1000,602,12203,4995,7208,11948,4870,7078,255,125,130,27307,14848,12459,26297,14263,12034,1010,585,425,2670,2266,404,2333,1976,357,337,290,47
5,Ontario & Yates Counties PUMA,49425,24514,24911,48190,23518,24672,1235,996,239,20425,8675,11750,19856,8106,11750,569,569,0,27537,14721,12816,26921,14320,12601,616,401,215,1463,1118,345,1413,1092,321,50,26,24
6,Monroe County (Central)--Greece & Gates Towns PUMA,41778,20648,21130,40541,20300,20241,1237,348,889,17578,8406,9172,17296,8124,9172,282,282,0,23073,11523,11550,22118,11457,10661,955,66,889,1127,719,408,1127,719,408,0,0,0
7,Nassau County (East Central)--Oyster Bay Town (Central) PUMA,26091,13136,12955,25854,13069,12785,237,67,170,16332,7640,8692,16186,7573,8613,146,67,79,9313,5199,4114,9222,5199,4023,91,0,91,446,297,149,446,297,149,0,0,0
8,"Clinton, Franklin, Essex & Hamilton Counties PUMA",56142,30103,26039,54706,29127,25579,1436,976,460,17853,6913,10940,17473,6629,10844,380,284,96,36334,22014,14320,35382,21426,13956,952,588,364,1955,1176,779,1851,1072,779,104,104,0
9,NYC-Manhattan Community District 8--Upper East Side PUMA,63960,27914,36046,61886,27097,34789,2074,817,1257,59700,25855,33845,57626,25038,32588,2074,817,1257,4000,1910,2090,4000,1910,2090,0,0,0,260,149,111,260,149,111,0,0,0
10,Suffolk County (Southwest)--Islip Town (South) PUMA,30789,16546,14243,29931,16161,13770,858,385,473,14418,7152,7266,14158,6938,7220,260,214,46,16088,9221,6867,15490,9050,6440,598,171,427,283,173,110,283,173,110,0,0,0
11,Erie County (Northwest) PUMA,39641,21044,18597,38254,20033,18221,1387,1011,376,18236,8214,10022,17524,7674,9850,712,540,172,20503,12300,8203,19828,11829,7999,675,471,204,902,530,372,902,530,372,0,0,0
12,"NYC-Queens Community District 8--Briarwood, Fresh Meadows & Hillcrest PUMA",11143,6202,4941,10481,5708,4773,662,494,168,6737,3481,3256,6244,3156,3088,493,325,168,4071,2386,1685,3966,2281,1685,105,105,0,335,335,0,271,271,0,64,64,0
13,NYC-Brooklyn Community District 5--East New York & Starrett City PUMA,2128,1000,1128,2128,1000,1128,0,0,0,557,143,414,557,143,414,0,0,0,1114,713,401,1114,713,401,0,0,0,457,144,313,457,144,313,0,0,0
14,Rockland County (North)--New City & Congers PUMA,19937,9852,10085,19419,9714,9705,518,138,380,11799,5286,6513,11538,5216,6322,261,70,191,7493,4011,3482,7236,3943,3293,257,68,189,645,555,90,645,555,90,0,0,0
15,"Otsego, Schoharie, Oneida (South) & Herkimer (South) Counties PUMA",38597,20265,18332,37795,19813,17982,802,452,350,12288,5723,6565,12055,5602,6453,233,121,112,24268,13100,11168,23905,12975,10930,363,125,238,2041,1442,599,1835,1236,599,206,206,0
16,NYC-Brooklyn Community District 7--Sunset Park & Windsor Terrace PUMA,13892,6647,7245,13285,6251,7034,607,396,211,10889,4723,6166,10403,4448,5955,486,275,211,2647,1568,1079,2577,1498,1079,70,70,0,356,356,0,305,305,0,51,51,0
17,NYC-Brooklyn Community District 11--Bensonhurst & Bath Beach PUMA,11749,6167,5582,11349,5963,5386,400,204,196,5223,2562,2661,5223,2562,2661,0,0,0,5994,3443,2551,5630,3239,2391,364,204,160,532,162,370,496,162,334,36,0,36
18,Tompkins County PUMA,28023,13730,14293,27484,13307,14177,539,423,116,16223,6970,9253,16054,6874,9180,169,96,73,10539,5848,4691,10266,5618,4648,273,230,43,1261,912,349,1164,815,349,97,97,0
19,Dutchess County (Southwest) PUMA,43708,23218,20490,42013,22361,19652,1695,857,838,18279,8228,10051,17657,7930,9727,622,298,324,24001,14371,9630,23131,13924,9207,870,447,423,1428,619,809,1225,507,718,203,112,91
20,NYC-Queens Community District 9--Richmond Hill & Woodhaven PUMA,7081,3644,3437,6884,3447,3437,197,197,0,3618,2012,1606,3494,1888,1606,124,124,0,3317,1565,1752,3244,1492,1752,73,73,0,146,67,79,146,67,79,0,0,0
21,Westchester County (Northwest) PUMA,34850,17416,17434,33708,17171,16537,1142,245,897,23364,10680,12684,22548,10593,11955,816,87,729,10740,6319,4421,10458,6161,4297,282,158,124,746,417,329,702,417,285,44,0,44
22,Albany County (Outside Albany City) PUMA,63896,31538,32358,62627,30663,31964,1269,875,394,31510,13564,17946,31173,13426,17747,337,138,199,30668,16535,14133,29832,15856,13976,836,679,157,1718,1439,279,1622,1381,241,96,58,38
23,Monroe County (South) PUMA,55082,27663,27419,54333,27155,27178,749,508,241,36600,17157,19443,35921,16719,19202,679,438,241,17471,10016,7455,17401,9946,7455,70,70,0,1011,490,521,1011,490,521,0,0,0
24,Jefferson & Lewis Counties PUMA,44888,24736,20152,43466,24406,19060,1422,330,1092,11339,5825,5514,11156,5777,5379,183,48,135,31420,17588,13832,30204,17306,12898,1216,282,934,2129,1323,806,2106,1323,783,23,0,23
25,"Chenango, Delaware & Broome (East) Counties PUMA",36445,18772,17673,35392,18161,17231,1053,611,442,8081,3695,4386,8029,3695,4334,52,0,52,25436,13339,12097,24435,12728,11707,1001,611,390,2928,1738,1190,2928,1738,1190,0,0,0
26,Erie County (Central) PUMA,56054,28487,27567,54708,27820,26888,1346,667,679,19735,9183,10552,19209,8875,10334,526,308,218,34396,17883,16513,33635,17583,16052,761,300,461,1923,1421,502,1864,1362,502,59,59,0
27,St. Lawrence County PUMA,35728,18621,17107,34442,17957,16485,1286,664,622,9762,4190,5572,9570,3998,5572,192,192,0,24381,13596,10785,23548,13362,10186,833,234,599,1585,835,750,1324,597,727,261,238,23
28,"NYC-Manhattan Community District 9--Hamilton Heights, Manhattanville & West Harlem PUMA",13516,7601,5915,12747,7262,5485,769,339,430,11112,5989,5123,10343,5650,4693,769,339,430,2265,1612,653,2265,1612,653,0,0,0,139,0,139,139,0,139,0,0,0
29,Suffolk County (North Central)--Brookhaven Town (North) PUMA,30873,16366,14507,29196,15236,13960,1677,1130,547,14238,5938,8300,13597,5569,8028,641,369,272,16217,10010,6207,15281,9349,5932,936,661,275,418,418,0,318,318,0,100,100,0
30,NYC-Brooklyn Community District 1--Greenpoint & Williamsburg PUMA,45260,26674,18586,44313,26103,18210,947,571,376,34726,19396,15330,34054,19052,15002,672,344,328,8416,5568,2848,8141,5341,2800,275,227,48,2118,1710,408,2118,1710,408,0,0,0
31,Cayuga & Onondaga (South) Counties PUMA,39443,19441,20002,38992,19107,19885,451,334,117,13485,6064,7421,13459,6038,7421,26,26,0,24576,12784,11792,24151,12476,11675,425,308,117,1382,593,789,1382,593,789,0,0,0
32,Nassau County (Southeast)--Oyster Bay Town (South) PUMA,38007,19465,18542,37583,19322,18261,424,143,281,20281,9604,10677,20073,9604,10469,208,0,208,16686,9348,7338,16543,9278,7265,143,70,73,1040,513,527,967,440,527,73,73,0
33,Fulton & Montgomery Counties PUMA,34801,18282,16519,34034,17783,16251,767,499,268,7621,3591,4030,7485,3554,3931,136,37,99,24316,12765,11551,23759,12377,11382,557,388,169,2864,1926,938,2790,1852,938,74,74,0
34,Onondaga County (Central)--Syracuse City (Outer) PUMA,57968,28380,29588,56367,28052,28315,1601,328,1273,28361,13060,15301,27803,12920,14883,558,140,418,27721,14134,13587,26760,13946,12814,961,188,773,1886,1186,700,1804,1186,618,82,0,82
35,NYC-Staten Island Community District 2--New Springville & South Beach PUMA,23657,12321,11336,22920,12096,10824,737,225,512,9751,5634,4117,9599,5634,3965,152,0,152,13179,6148,7031,12719,6048,6671,460,100,360,727,539,188,602,414,188,125,125,0
36,Niagara County (Southwest)--Greater Niagara Falls & North Tonawanda Area PUMA,36544,18056,18488,35479,17238,18241,1065,818,247,10397,4733,5664,9929,4381,5548,468,352,116,23904,11742,12162,23570,11438,12132,334,304,30,2243,1581,662,1980,1419,561,263,162,101
37,Suffolk County (Central)--Brookhaven Town (Central) PUMA,40495,19338,21157,39286,18742,20544,1209,596,613,14083,5495,8588,13726,5383,8343,357,112,245,25796,13595,12201,24944,13111,11833,852,484,368,616,248,368,616,248,368,0,0,0
38,"NYC-Bronx Community District 7--Bedford Park, Fordham North & Norwood PUMA",1462,757,705,1413,708,705,49,49,0,404,404,0,404,404,0,0,0,0,625,199,426,576,150,426,49,49,0,433,154,279,433,154,279,0,0,0
39,NYC-Queens Community District 4--Elmhurst & South Corona PUMA,1973,1364,609,1854,1245,609,119,119,0,1529,1075,454,1529,1075,454,0,0,0,290,213,77,247,170,77,43,43,0,154,76,78,78,0,78,76,76,0
40,"NYC-Brooklyn Community District 6--Park Slope, Carroll Gardens & Red Hook PUMA",35945,16664,19281,34792,16185,18607,1153,479,674,32052,14248,17804,31014,13839,17175,1038,409,629,3666,2189,1477,3551,2119,1432,115,70,45,227,227,0,227,227,0,0,0,0
41,Suffolk County (Central)--Islip Town (East) PUMA,34380,17708,16672,33766,17353,16413,614,355,259,16082,6532,9550,15736,6445,9291,346,87,259,17434,10836,6598,17300,10702,6598,134,134,0,864,340,524,730,206,524,134,134,0
42,"NYC-Brooklyn Community District 9--Crown Heights South, Prospect Lefferts & Wingate PUMA",12917,7490,5427,12259,7050,5209,658,440,218,9511,4796,4715,9399,4796,4603,112,0,112,2614,1991,623,2384,1867,517,230,124,106,792,703,89,476,387,89,316,316,0
43,"NYC-Queens Community District 7--Flushing, Murray Hill & Whitestone PUMA",16040,9507,6533,15161,8861,6300,879,646,233,8040,4282,3758,7765,4108,3657,275,174,101,7266,4591,2675,6662,4119,2543,604,472,132,734,634,100,734,634,100,0,0,0
44,NYC-Queens Community District 3--Jackson Heights & North Corona PUMA,6199,3518,2681,6199,3518,2681,0,0,0,3838,1743,2095,3838,1743,2095,0,0,0,2300,1775,525,2300,1775,525,0,0,0,61,0,61,61,0,61,0,0,0
45,Saratoga County (Outer) PUMA,50173,26978,23195,48606,25737,22869,1567,1241,326,18334,8850,9484,18179,8758,9421,155,92,63,29300,16144,13156,28524,15631,12893,776,513,263,2539,1984,555,1903,1348,555,636,636,0
46,"NYC-Bronx Community District 12--Wakefield, Williamsbridge & Woodlawn PUMA",2210,1088,1122,2063,1088,975,147,0,147,1477,754,723,1477,754,723,0,0,0,671,272,399,524,272,252,147,0,147,62,62,0,62,62,0,0,0,0
47,"NYC-Brooklyn Community District 15--Sheepshead Bay, Gerritsen Beach & Homecrest PUMA",14711,7563,7148,14300,7258,7042,411,305,106,7938,3426,4512,7771,3259,4512,167,167,0,5771,3472,2299,5527,3334,2193,244,138,106,1002,665,337,1002,665,337,0,0,0
48,Wayne & Seneca Counties PUMA,46219,24846,21373,45020,24215,20805,1199,631,568,11612,5025,6587,11580,5025,6555,32,0,32,32137,18213,13924,31022,17582,13440,1115,631,484,2470,1608,862,2418,1608,810,52,0,52
49,Schenectady County--Schenectady City PUMA,48518,24394,24124,46782,23534,23248,1736,860,876,20263,8667,11596,20131,8667,11464,132,0,132,25376,14266,11110,23976,13610,10366,1400,656,744,2879,1461,1418,2675,1257,1418,204,204,0
50,NYC-Brooklyn Community District 10--Bay Ridge & Dyker Heights PUMA,16408,8226,8182,15753,7681,8072,655,545,110,11044,5153,5891,10668,4843,5825,376,310,66,5165,2874,2291,4886,2639,2247,279,235,44,199,199,0,199,199,0,0,0,0
51,Nassau County (Northwest)--North Hempstead Town (North) PUMA,23771,13648,10123,23145,13453,9692,626,195,431,19221,10841,8380,18595,10646,7949,626,195,431,4177,2604,1573,4177,2604,1573,0,0,0,373,203,170,373,203,170,0,0,0
52,Suffolk County (West Central)--Babylon Town (Northwest) PUMA,17302,9520,7782,16710,9085,7625,592,435,157,7396,2920,4476,7075,2756,4319,321,164,157,9671,6365,3306,9400,6094,3306,271,271,0,235,235,0,235,235,0,0,0,0
53,"NYC-Manhattan Community District 4 & 5--Chelsea, Clinton & Midtown Business District PUMA",46780,27119,19661,45538,26184,19354,1242,935,307,40440,22842,17598,40289,22691,17598,151,151,0,6340,4277,2063,5249,3493,1756,1091,784,307,0,0,0,0,0,0,0,0,0
54,Columbia & Greene Counties PUMA,37750,19254,18496,35989,18003,17986,1761,1251,510,13300,5702,7598,13124,5674,7450,176,28,148,23069,12875,10194,21754,11922,9832,1315,953,362,1381,677,704,1111,407,704,270,270,0
55,Rensselaer County--Troy City PUMA,56605,29348,27257,53716,28056,25660,2889,1292,1597,20325,9313,11012,19968,9218,10750,357,95,262,32955,17417,15538,30727,16483,14244,2228,934,1294,3325,2618,707,3021,2355,666,304,263,41
56,Erie County (West Central)--Buffalo City (West) PUMA,28381,14878,13503,27673,14555,13118,708,323,385,17893,8242,9651,17602,8168,9434,291,74,217,9720,6010,3710,9303,5761,3542,417,249,168,768,626,142,768,626,142,0,0,0
57,Erie County (South) PUMA,67387,34100,33287,66068,33572,32496,1319,528,791,28822,12349,16473,28490,12058,16432,332,291,41,36582,20001,16581,35595,19764,15831,987,237,750,1983,1750,233,1983,1750,233,0,0,0
58,Oneida County (Central)--Greater Utica & Rome Cities PUMA,42282,22275,20007,41239,21298,19941,1043,977,66,15679,8069,7610,15514,7904,7610,165,165,0,25147,13147,12000,24269,12335,11934,878,812,66,1456,1059,397,1456,1059,397,0,0,0
59,"NYC-Manhattan Community District 12--Washington Heights, Inwood & Marble Hill PUMA",19399,8916,10483,18134,8527,9607,1265,389,876,16307,6762,9545,15042,6373,8669,1265,389,876,2427,1770,657,2427,1770,657,0,0,0,665,384,281,665,384,281,0,0,0
60,NYC-Brooklyn Community District 13--Brighton Beach & Coney Island PUMA,4025,2313,1712,3809,2097,1712,216,216,0,2152,1373,779,2049,1270,779,103,103,0,1736,803,933,1623,690,933,113,113,0,137,137,0,137,137,0,0,0,0
61,NYC-Manhattan Community District 10--Central Harlem PUMA,10967,6399,4568,10503,6056,4447,464,343,121,9615,5458,4157,9384,5227,4157,231,231,0,1352,941,411,1119,829,290,233,112,121,0,0,0,0,0,0,0,0,0
62,Nassau County (West Central)--North Hempstead Town (South) PUMA,20707,10369,10338,19861,9715,10146,846,654,192,11805,5726,6079,11624,5684,5940,181,42,139,8735,4643,4092,8070,4031,4039,665,612,53,167,0,167,167,0,167,0,0,0
63,NYC-Brooklyn Community District 16--Brownsville & Ocean Hill PUMA,926,406,520,926,406,520,0,0,0,79,79,0,79,79,0,0,0,0,847,327,520,847,327,520,0,0,0,0,0,0,0,0,0,0,0,0
64,Albany County (East Central)--Albany City PUMA,20495,11459,9036,19699,10876,8823,796,583,213,12547,6411,6136,12075,6152,5923,472,259,213,7748,4848,2900,7424,4524,2900,324,324,0,200,200,0,200,200,0,0,0,0
65,Nassau County (West Central)--Hempstead Town (West Central) PUMA,19191,10045,9146,18293,9632,8661,898,413,485,10995,4672,6323,10772,4591,6181,223,81,142,7739,4916,2823,7064,4584,2480,675,332,343,457,457,0,457,457,0,0,0,0
66,Chemung (South) & Steuben (East) Counties--Greater Elmira & Greater Corning Cities PUMA,34431,18039,16392,32564,16657,15907,1867,1382,485,10763,5766,4997,10763,5766,4997,0,0,0,21557,10418,11139,20199,9545,10654,1358,873,485,2111,1855,256,1602,1346,256,509,509,0
67,"NYC-Bronx Community District 3 & 6--Belmont, Crotona Park East & East Tremont PUMA",948,484,464,948,484,464,0,0,0,322,234,88,322,234,88,0,0,0,418,239,179,418,239,179,0,0,0,208,11,197,208,11,197,0,0,0
68,"NYC-Bronx Community District 5--Morris Heights, Fordham South & Mount Hope PUMA",57,0,57,57,0,57,0,0,0,0,0,0,0,0,0,0,0,0,57,0,57,57,0,57,0,0,0,0,0,0,0,0,0,0,0,0
69,"NYC-Bronx Community District 8--Riverdale, Fieldston & Kingsbridge PUMA",9957,4273,5684,9561,4273,5288,396,0,396,7595,2702,4893,7199,2702,4497,396,0,396,2165,1464,701,2165,1464,701,0,0,0,197,107,90,197,107,90,0,0,0
70,Erie County (Northeast) PUMA,48812,25962,22850,46771,24917,21854,2041,1045,996,22967,10910,12057,22271,10672,11599,696,238,458,25187,14394,10793,23842,13587,10255,1345,807,538,658,658,0,658,658,0,0,0,0
71,NYC-Manhattan Community District 11--East Harlem PUMA,8071,4059,4012,7817,3805,4012,254,254,0,6368,2759,3609,6368,2759,3609,0,0,0,1547,1144,403,1293,890,403,254,254,0,156,156,0,156,156,0,0,0,0
72,Orange County (Southeast) PUMA,33497,18077,15420,32586,17558,15028,911,519,392,15424,7145,8279,15205,6978,8227,219,167,52,16307,9309,6998,15615,8957,6658,692,352,340,1766,1623,143,1766,1623,143,0,0,0
73,Westchester County (Southeast) PUMA,24287,13708,10579,23484,13334,10150,803,374,429,19262,10323,8939,18746,10021,8725,516,302,214,4784,3299,1485,4497,3227,1270,287,72,215,241,86,155,241,86,155,0,0,0
74,NYC-Queens Community District 1--Astoria & Long Island City PUMA,34897,17565,17332,34053,16934,17119,844,631,213,27060,12578,14482,26552,12235,14317,508,343,165,7627,4888,2739,7339,4600,2739,288,288,0,210,99,111,162,99,63,48,0,48
75,Livingston & Wyoming Counties PUMA,36929,19696,17233,36142,19174,16968,787,522,265,9131,3876,5255,9056,3876,5180,75,0,75,26310,14986,11324,25785,14622,11163,525,364,161,1488,834,654,1301,676,625,187,158,29
76,Suffolk County (Central)--Brookhaven Town (West Central) PUMA,32238,16415,15823,30785,15615,15170,1453,800,653,12654,5969,6685,12282,5780,6502,372,189,183,19147,10321,8826,18123,9710,8413,1024,611,413,437,125,312,380,125,255,57,0,57
77,Westchester County (Southwest)--Yonkers City PUMA,22681,11564,11117,22171,11498,10673,510,66,444,12437,6341,6096,12123,6341,5782,314,0,314,9401,4806,4595,9271,4806,4465,130,0,130,843,417,426,777,351,426,66,66,0
78,Erie County (North Central) PUMA,36247,18507,17740,35688,17948,17740,559,559,0,24845,11694,13151,24658,11507,13151,187,187,0,11043,6570,4473,10671,6198,4473,372,372,0,359,243,116,359,243,116,0,0,0
79,Saratoga County (South & Central) PUMA,41369,21579,19790,40603,21264,19339,766,315,451,22989,11499,11490,22661,11439,11222,328,60,268,17469,9452,8017,17031,9197,7834,438,255,183,911,628,283,911,628,283,0,0,0
80,Suffolk County (South Central)--Brookhaven Town (South) PUMA,35364,19520,15844,34296,19010,15286,1068,510,558,12587,5993,6594,12120,5754,6366,467,239,228,21429,12430,8999,20958,12159,8799,471,271,200,1348,1097,251,1218,1097,121,130,0,130
81,"NYC-Staten Island Community District 3--Tottenville, Great Kills & Annadale PUMA",42179,22496,19683,41244,22072,19172,935,424,511,19581,9452,10129,18998,9092,9906,583,360,223,21944,12669,9275,21592,12605,8987,352,64,288,654,375,279,654,375,279,0,0,0
82,Herkimer (North & Central) & Oneida (Outer) Counties PUMA,43016,22839,20177,42178,22156,20022,838,683,155,10836,4543,6293,10728,4435,6293,108,108,0,29693,16808,12885,29102,16372,12730,591,436,155,2487,1488,999,2348,1349,999,139,139,0
83,Niagara County (North & East) PUMA,39642,19889,19753,37722,18527,19195,1920,1362,558,12114,4893,7221,11640,4671,6969,474,222,252,26156,14448,11708,24710,13308,11402,1446,1140,306,1372,548,824,1372,548,824,0,0,0
84,Monroe County (Central)--Rochester City (East) PUMA,21118,11620,9498,20656,11283,9373,462,337,125,14097,7216,6881,13842,7086,6756,255,130,125,6550,4279,2271,6343,4072,2271,207,207,0,471,125,346,471,125,346,0,0,0
85,Warren & Washington Counties PUMA,48145,24868,23277,46768,23919,22849,1377,949,428,14822,6533,8289,14565,6384,8181,257,149,108,31041,16598,14443,30080,15926,14154,961,672,289,2282,1737,545,2123,1609,514,159,128,31
86,Nassau County (Southwest)--Hempstead Town (Southwest) & Long Beach City PUMA,26465,15111,11354,25876,14818,11058,589,293,296,17377,10419,6958,16849,10187,6662,528,232,296,8720,4438,4282,8659,4377,4282,61,61,0,368,254,114,368,254,114,0,0,0
87,NYC-Brooklyn Community District 8--Crown Heights North & Prospect Heights PUMA,19626,9621,10005,19464,9621,9843,162,0,162,16749,7869,8880,16587,7869,8718,162,0,162,2605,1597,1008,2605,1597,1008,0,0,0,272,155,117,272,155,117,0,0,0
88,Onondaga County (Central)--Syracuse City PUMA,24858,14184,10674,23335,13135,10200,1523,1049,474,9418,4271,5147,9207,4271,4936,211,0,211,14061,8919,5142,12919,8040,4879,1142,879,263,1379,994,385,1209,824,385,170,170,0
89,Westchester County (Central)--White Plains City PUMA,35379,18441,16938,34082,17644,16438,1297,797,500,26815,13843,12972,25994,13400,12594,821,443,378,8564,4598,3966,8088,4244,3844,476,354,122,0,0,0,0,0,0,0,0,0
90,NYC-Brooklyn Community District 3--Bedford-Stuyvesant PUMA,19347,10584,8763,18758,10192,8566,589,392,197,14315,7133,7182,13949,6897,7052,366,236,130,4256,2834,1422,4100,2678,1422,156,156,0,776,617,159,709,617,92,67,0,67
91,"NYC-Bronx Community District 1 & 2--Hunts Point, Longwood & Melrose PUMA",1370,647,723,995,272,723,375,375,0,815,447,368,440,72,368,375,375,0,555,200,355,555,200,355,0,0,0,0,0,0,0,0,0,0,0,0
92,Cattaraugus & Allegany Counties PUMA,41508,21999,19509,39690,21099,18591,1818,900,918,9258,4212,5046,9090,4177,4913,168,35,133,30052,16097,13955,28525,15330,13195,1527,767,760,2198,1690,508,2075,1592,483,123,98,25
93,Oswego County PUMA,45246,24504,20742,42842,22996,19846,2404,1508,896,10520,5207,5313,10444,5131,5313,76,76,0,30983,16827,14156,29602,16075,13527,1381,752,629,3743,2470,1273,2796,1790,1006,947,680,267
94,"NYC-Queens Community District 5--Ridgewood, Glendale & Middle Village PUMA",23199,11757,11442,22498,11340,11158,701,417,284,11237,5624,5613,11070,5512,5558,167,112,55,11260,5620,5640,10781,5370,5411,479,250,229,702,513,189,647,458,189,55,55,0
95,Monroe County (East) PUMA,52056,27384,24672,51326,26816,24510,730,568,162,30477,14378,16099,30190,14180,16010,287,198,89,20994,12517,8477,20551,12147,8404,443,370,73,585,489,96,585,489,96,0,0,0
96,Westchester County (South Central)--New Rochelle & Mount Vernon Cities PUMA,28200,15055,13145,27472,14776,12696,728,279,449,18380,10126,8254,17969,9847,8122,411,279,132,9402,4751,4651,9178,4751,4427,224,0,224,418,178,240,325,178,147,93,0,93
97,"NYC-Queens Community District 14--Far Rockaway, Breezy Point & Broad Channel PUMA",13572,7254,6318,13572,7254,6318,0,0,0,9017,4524,4493,9017,4524,4493,0,0,0,4366,2541,1825,4366,2541,1825,0,0,0,189,189,0,189,189,0,0,0,0
98,"NYC-Brooklyn Community District 12--Borough Park, Kensington & Ocean Parkway PUMA",20425,11837,8588,19738,11585,8153,687,252,435,7641,3811,3830,7376,3749,3627,265,62,203,11638,7040,4598,11216,6850,4366,422,190,232,1146,986,160,1146,986,160,0,0,0
99,"NYC-Bronx Community District 10--Co-op City, Pelham Bay & Schuylerville PUMA",10460,5038,5422,9065,3643,5422,1395,1395,0,5194,1969,3225,4975,1750,3225,219,219,0,4760,2563,2197,4013,1816,2197,747,747,0,506,506,0,77,77,0,429,429,0
100,"NYC-Queens Community District 11--Bayside, Douglaston & Little Neck PUMA",13258,7438,5820,12641,6821,5820,617,617,0,8303,4030,4273,8118,3845,4273,185,185,0,4850,3303,1547,4418,2871,1547,432,432,0,105,105,0,105,105,0,0,0,0
101,"NYC-Manhattan Community District 6--Murray Hill, Gramercy & Stuyvesant Town PUMA",47246,24201,23045,47157,24201,22956,89,0,89,43647,21565,22082,43558,21565,21993,89,0,89,3599,2636,963,3599,2636,963,0,0,0,0,0,0,0,0,0,0,0,0
102,Chautauqua County PUMA,42606,22411,20195,40726,21396,19330,1880,1015,865,11896,5220,6676,11806,5130,6676,90,90,0,28184,15430,12754,26852,14865,11987,1332,565,767,2526,1761,765,2068,1401,667,458,360,98
103,NYC-Brooklyn Community District 18--Canarsie & Flatlands PUMA,11605,6034,5571,11211,5791,5420,394,243,151,5523,2552,2971,5523,2552,2971,0,0,0,5627,3132,2495,5429,3036,2393,198,96,102,455,350,105,259,203,56,196,147,49
104,Erie County (West Central)--Buffalo City (East) PUMA,20498,11345,9153,19804,11002,8802,694,343,351,5605,2520,3085,5421,2463,2958,184,57,127,12609,7396,5213,12133,7144,4989,476,252,224,2284,1429,855,2250,1395,855,34,34,0
105,Genesee & Orleans Counties PUMA,37634,19898,17736,36522,19313,17209,1112,585,527,7216,2899,4317,7057,2740,4317,159,159,0,28884,15722,13162,27949,15314,12635,935,408,527,1534,1277,257,1516,1259,257,18,18,0
106,"NYC-Staten Island Community District 1--Port Richmond, Stapleton & Mariner's Harbor PUMA",21519,11209,10310,20839,10822,10017,680,387,293,10501,4891,5610,10309,4840,5469,192,51,141,10179,5768,4411,9778,5432,4346,401,336,65,839,550,289,752,550,202,87,0,87
107,"Steuben (North & West), Schuyler & Chemung (North) Counties PUMA",34590,18752,15838,33067,17961,15106,1523,791,732,7513,2737,4776,7342,2658,4684,171,79,92,25336,14766,10570,24308,14196,10112,1028,570,458,1741,1249,492,1417,1107,310,324,142,182
108,Nassau County (South Central)--Hempstead Town (Southeast) PUMA,25336,13040,12296,24567,12565,12002,769,475,294,14706,7098,7608,14378,6770,7608,328,328,0,10484,5796,4688,10043,5649,4394,441,147,294,146,146,0,146,146,0,0,0,0
109,"NYC-Bronx Community District 9--Castle Hill, Clason Point & Parkchester PUMA",698,464,234,698,464,234,0,0,0,354,354,0,354,354,0,0,0,0,255,21,234,255,21,234,0,0,0,89,89,0,89,89,0,0,0,0
110,Suffolk County (East) PUMA,33880,18418,15462,33534,18194,15340,346,224,122,19081,9731,9350,19019,9669,9350,62,62,0,14105,8115,5990,14085,8095,5990,20,20,0,694,572,122,430,430,0,264,142,122
111,Orange County (Northwest) PUMA,31850,16399,15451,30734,16069,14665,1116,330,786,9828,4521,5307,9682,4521,5161,146,0,146,20769,11337,9432,20108,11123,8985,661,214,447,1253,541,712,944,425,519,309,116,193
112,Broome County (West Central)--Greater Binghamton City & Greater Johnson City Village PUMA,31983,16210,15773,30187,15149,15038,1796,1061,735,12194,6436,5758,12049,6436,5613,145,0,145,18780,9546,9234,17207,8485,8722,1573,1061,512,1009,228,781,931,228,703,78,0,78
113,"NYC-Bronx Community District 11--Pelham Parkway, Morris Park & Laconia PUMA",5584,2881,2703,5370,2724,2646,214,157,57,2880,1483,1397,2851,1454,1397,29,29,0,2427,1210,1217,2242,1082,1160,185,128,57,277,188,89,277,188,89,0,0,0
114,Suffolk County (Northwest)--Smithtown Town PUMA,42251,22373,19878,41535,21894,19641,716,479,237,26100,12811,13289,25659,12585,13074,441,226,215,15878,9362,6516,15669,9175,6494,209,187,22,273,200,73,207,134,73,66,66,0
115,Ulster County (East) PUMA,49178,25612,23566,47681,24860,22821,1497,752,745,17173,7144,10029,16960,7144,9816,213,0,213,30008,17105,12903,28793,16371,12422,1215,734,481,1997,1363,634,1928,1345,583,69,18,51
116,Westchester County (Northeast) PUMA,38587,20841,17746,37518,20231,17287,1069,610,459,29034,14641,14393,28422,14224,14198,612,417,195,9324,5971,3353,8867,5778,3089,457,193,264,229,229,0,229,229,0,0,0,0
117,NYC-Brooklyn Community District 4--Bushwick PUMA,16533,9215,7318,16121,8900,7221,412,315,97,12441,6137,6304,12029,5822,6207,412,315,97,3909,2895,1014,3909,2895,1014,0,0,0,183,183,0,183,183,0,0,0,0
118,NYC-Manhattan Community District 3--Chinatown & Lower East Side PUMA,28946,13490,15456,28076,13229,14847,870,261,609,26319,12380,13939,26147,12380,13767,172,0,172,2331,1110,1221,1739,849,890,592,261,331,296,0,296,190,0,190,106,0,106
119,Dutchess County (North & East) PUMA,37632,19674,17958,36849,19275,17574,783,399,384,18237,8556,9681,18017,8400,9617,220,156,64,18064,10327,7737,17579,10084,7495,485,243,242,1331,791,540,1253,791,462,78,0,78
120,Nassau County (Central)--Hempstead Town (North Central)--Meadowbrook Corridor PUMA,6803,3210,3593,6399,3000,3399,404,210,194,2426,931,1495,2288,793,1495,138,138,0,4020,1968,2052,3754,1896,1858,266,72,194,357,311,46,357,311,46,0,0,0
121,Broome (Outer West) & Tioga Counties PUMA,38092,20689,17403,36255,19358,16897,1837,1331,506,10767,4920,5847,10181,4591,5590,586,329,257,25372,14407,10965,24179,13463,10716,1193,944,249,1953,1362,591,1895,1304,591,58,58,0
122,"Rockland County (South)--Orangetown, Clarkstown (South) & Ramapo (Southeast) Towns PUMA",26293,13758,12535,25464,13637,11827,829,121,708,15946,7985,7961,15661,7985,7676,285,0,285,10047,5473,4574,9509,5358,4151,538,115,423,300,300,0,294,294,0,6,6,0
123,"NYC-Brooklyn Community District 17--East Flatbush, Farragut & Rugby PUMA",1344,851,493,1344,851,493,0,0,0,1093,764,329,1093,764,329,0,0,0,251,87,164,251,87,164,0,0,0,0,0,0,0,0,0,0,0,0
124,Orange County (Northeast)--Greater Newburgh City PUMA,26125,13328,12797,25090,12987,12103,1035,341,694,10800,4709,6091,10742,4709,6033,58,0,58,14510,7865,6645,13576,7567,6009,934,298,636,815,754,61,772,711,61,43,43,0
125,"NYC-Manhattan Community District 1 & 2--Battery Park City, Greenwich Village & Soho PUMA",53365,27179,26186,51186,26106,25080,2179,1073,1106,49994,25103,24891,48017,24030,23987,1977,1073,904,2908,1845,1063,2706,1845,861,202,0,202,463,231,232,463,231,232,0,0,0
126,NYC-Queens Community District 6--Forest Hills & Rego Park PUMA,13152,6333,6819,12596,5951,6645,556,382,174,9026,4084,4942,8470,3702,4768,556,382,174,3867,1990,1877,3867,1990,1877,0,0,0,259,259,0,259,259,0,0,0,0
127,Onondaga County (North) PUMA,47187,24249,22938,45375,23140,22235,1812,1109,703,20966,10040,10926,20203,9567,10636,763,473,290,25288,13737,11551,24318,13180,11138,970,557,413,933,472,461,854,393,461,79,79,0
128,Nassau County (Northeast)--Oyster Bay Town (North) & Glen Cove City PUMA,27878,15110,12768,26869,14149,12720,1009,961,48,19028,10269,8759,18019,9308,8711,1009,961,48,8321,4525,3796,8321,4525,3796,0,0,0,529,316,213,529,316,213,0,0,0
129,Monroe County (North & West) PUMA,40308,20240,20068,39051,19656,19395,1257,584,673,18065,8348,9717,17462,8164,9298,603,184,419,21646,11541,10105,20992,11141,9851,654,400,254,597,351,246,597,351,246,0,0,0
130,Sullivan & Ulster (West) Counties PUMA,30243,14342,15901,29394,13690,15704,849,652,197,10600,5215,5385,10332,4947,5385,268,268,0,17530,8066,9464,17068,7801,9267,462,265,197,2113,1061,1052,1994,942,1052,119,119,0
131,Suffolk County (Southwest)--Babylon Town (Southeast) PUMA,31138,16511,14627,30059,15693,14366,1079,818,261,10854,4961,5893,10515,4687,5828,339,274,65,19866,11332,8534,19126,10788,8338,740,544,196,418,218,200,418,218,200,0,0,0
132,Suffolk County (Northwest)--Huntington Town (North) PUMA,31554,16178,15376,30562,15652,14910,992,526,466,20839,10234,10605,20097,9776,10321,742,458,284,10363,5678,4685,10113,5610,4503,250,68,182,352,266,86,352,266,86,0,0,0
133,"NYC-Queens Community District 12--Jamaica, Hollis & St. Albans PUMA",1528,1105,423,1342,1034,308,186,71,115,153,58,95,153,58,95,0,0,0,1261,933,328,1075,862,213,186,71,115,114,114,0,114,114,0,0,0,0
134,"NYC-Queens Community District 13--Queens Village, Cambria Heights & Rosedale PUMA",5331,2834,2497,5101,2604,2497,230,230,0,2425,1415,1010,2425,1415,1010,0,0,0,2566,1079,1487,2336,849,1487,230,230,0,340,340,0,340,340,0,0,0,0
135,Monroe County (Central)--Rochester City (West) PUMA,9990,5336,4654,9592,5092,4500,398,244,154,3641,1715,1926,3584,1658,1926,57,57,0,5580,3062,2518,5328,2964,2364,252,98,154,769,559,210,680,470,210,89,89,0
136,NYC-Queens Community District 10--Howard Beach & Ozone Park PUMA,7793,4225,3568,6856,3569,3287,937,656,281,2641,1580,1061,2493,1432,1061,148,148,0,5002,2645,2357,4213,2137,2076,789,508,281,150,0,150,150,0,150,0,0,0
137,Suffolk County (Central)--Islip Town (Northwest) PUMA,9209,5028,4181,8912,4890,4022,297,138,159,3246,2025,1221,3189,1968,1221,57,57,0,5498,2589,2909,5258,2508,2750,240,81,159,465,414,51,465,414,51,0,0,0
138,Putnam County PUMA,32779,16725,16054,31667,16490,15177,1112,235,877,14087,6894,7193,13871,6894,6977,216,0,216,18066,9550,8516,17170,9315,7855,896,235,661,626,281,345,626,281,345,0,0,0
139,NYC-Queens Community District 2--Sunnyside & Woodside PUMA,16244,9667,6577,15507,9279,6228,737,388,349,12605,7142,5463,12095,6981,5114,510,161,349,3556,2525,1031,3329,2298,1031,227,227,0,83,0,83,83,0,83,0,0,0
140,Nassau County (Central)--Hempstead Town (East Central) PUMA,31608,16555,15053,31142,16301,14841,466,254,212,20952,10773,10179,20486,10519,9967,466,254,212,10145,5456,4689,10145,5456,4689,0,0,0,511,326,185,511,326,185,0,0,0
141,Suffolk County (Northwest)--Huntington Town (South) PUMA,27975,14744,13231,27427,14389,13038,548,355,193,18011,9333,8678,17621,9136,8485,390,197,193,9617,5205,4412,9459,5047,4412,158,158,0,347,206,141,347,206,141,0,0,0
142,"NYC-Bronx Community District 4--Concourse, Highbridge & Mount Eden PUMA",1216,802,414,1216,802,414,0,0,0,544,200,344,544,200,344,0,0,0,672,602,70,672,602,70,0,0,0,0,0,0,0,0,0,0,0,0
143,Nassau County (Central)--Hempstead Town (Northeast) PUMA,32184,15694,16490,31448,15354,16094,736,340,396,15035,6484,8551,14811,6484,8327,224,0,224,16600,8778,7822,16267,8500,7767,333,278,55,549,432,117,370,370,0,179,62,117
144,NYC-Brooklyn Community District 14--Flatbush & Midwood PUMA,16014,7946,8068,15470,7614,7856,544,332,212,11321,5131,6190,11069,4912,6157,252,219,33,3731,2070,1661,3439,1957,1482,292,113,179,962,745,217,962,745,217,0,0,0
145,"Rockland County (West)--Spring Valley, Suffern Villages & Monsey PUMA",16128,9721,6407,15226,9267,5959,902,454,448,5807,3094,2713,5445,2954,2491,362,140,222,8644,5235,3409,8134,4921,3213,510,314,196,1677,1392,285,1647,1392,255,30,0,30
146,Capital Region,366951,189418,177533,354790,182052,172738,12161,7366,4795,154090,70539,83551,151876,69718,82158,2214,821,1393,197626,108135,89491,189348,103149,86199,8278,4986,3292,15235,10744,4491,13566,9185,4381,1669,1559,110
147,Central NY,256882,132867,124015,247489,127539,119950,9393,5328,4065,94953,43637,51316,93064,42797,50267,1889,840,1049,149936,81249,68687,144047,77980,66067,5889,3269,2620,11993,7981,4012,10378,6762,3616,1615,1219,396
148,Finger Lakes,390539,201845,188694,381373,196522,184851,9166,5323,3843,168842,77695,91147,165844,75678,90166,2998,2017,981,210182,116580,93602,204410,113565,90845,5772,3015,2757,11515,7570,3945,11119,7279,3840,396,291,105
149,Long Island,698504,366429,332075,679608,355308,324300,18896,11121,7775,371065,179386,191679,362043,174368,187675,9022,5018,4004,315125,178887,136238,306254,173361,132893,8871,5526,3345,12314,8156,4158,11311,7579,3732,1003,577,426
150,Mid-Hudson,531354,277731,253623,514558,270562,243996,16796,7169,9627,277272,134731,142541,270912,132104,138808,6360,2627,3733,237654,132393,105261,228278,128331,99947,9376,4062,5314,16428,10607,5821,15368,10127,5241,1060,480,580
151,Mohawk Valley,158696,83661,75035,155246,81050,74196,3450,2611,839,46424,21926,24498,45782,21495,24287,642,431,211,103424,55820,47604,101035,54059,46976,2389,1761,628,8848,5915,2933,8429,5496,2933,419,419,0
152,New York City,938274,487798,450476,906686,468933,437753,31588,18865,12723,696155,342452,353703,678039,333009,345030,18116,9443,8673,222730,131553,91177,210914,123394,87520,11816,8159,3657,19389,13793,5596,17733,12530,5203,1656,1263,393
153,North Country,136758,73460,63298,132614,71490,61124,4144,1970,2174,38954,16928,22026,38199,16404,21795,755,524,231,92135,53198,38937,89134,52094,37040,3001,1104,1897,5669,3334,2335,5281,2992,2289,388,342,46
154,Southern Tier,203564,106192,97372,194949,100593,94356,8615,5599,3016,65541,30524,35017,64418,30020,34398,1123,504,619,127020,68324,58696,120594,64035,56559,6426,4289,2137,11003,7344,3659,9937,6538,3399,1066,806,260
155,Western NY,457320,236678,220642,442583,228107,214476,14737,8571,6166,181768,82170,99598,177640,79776,97864,4128,2394,1734,258336,142271,116065,248664,136807,111857,9672,5464,4208,17216,12237,4979,16279,11524,4755,937,713,224
