,puma,Total_geo,Total_geo_m,Total_geo_f,Total_NP_mf_t,Total_NP_m,Total_NP_f,Total_P_mf_t,Total_P_m,Total_P_f,Total_BABS,Total_BABS_m,Total_BABS_f,BABS_NP_mf_t,BABS_NP_m,BABS_NP_f,BABS_P_mf_t,BABS_P_m,BABS_P_f,Total_HS,Total_HS_m,Total_HS_f,HS_NP_mf_t,HS_NP_m,HS_NP_f,HS_P_mf_t,HS_P_m,HS_P_f,Total_HSINC,Total_HSINC_m,Total_HSINC_f,HSINC_NP_mf_t,HSINC_NP_m,HSINC_NP_f,HSINC_P_mf_t,HSINC_P_m,HSINC_P_f
0,Total Geo,3553145,1971420,1581725,3411219,1890475,1520744,141926,80945,60981,1857693,932717,924976,1824306,915328,908978,33387,17389,15998,1598011,968592,629419,1505676,916600,589076,92335,51992,40343,97441,70111,27330,81237,58547,22690,16204,11564,4640
1,"NYC-Manhattan Community District 9--Hamilton Heights, Manhattanville & West Harlem PUMA",10872,6391,4481,10418,6328,4090,454,63,391,8617,4779,3838,8365,4779,3586,252,0,252,2116,1612,504,2053,1549,504,63,63,0,139,0,139,0,0,0,139,0,139
2,Ulster County (East) PUMA,40407,22555,17852,38735,21573,17162,1672,982,690,14221,6512,7709,13727,6378,7349,494,134,360,24359,14743,9616,23476,14190,9286,883,553,330,1827,1300,527,1532,1005,527,295,295,0
3,Albany County (East Central)--Albany City PUMA,16158,10154,6004,15785,9945,5840,373,209,164,10276,5414,4862,10031,5333,4698,245,81,164,5682,4540,1142,5554,4412,1142,128,128,0,200,200,0,200,200,0,0,0,0
4,Chemung (South) & Steuben (East) Counties--Greater Elmira & Greater Corning Cities PUMA,28644,15262,13382,27120,14137,12983,1524,1125,399,10130,5798,4332,9899,5567,4332,231,231,0,17985,9119,8866,16803,8336,8467,1182,783,399,529,345,184,418,234,184,111,111,0
5,Ontario & Yates Counties PUMA,41715,22236,19479,39972,21133,18839,1743,1103,640,17064,7485,9579,16840,7485,9355,224,0,224,23386,13671,9715,21959,12660,9299,1427,1011,416,1265,1080,185,1173,988,185,92,92,0
6,Suffolk County (North Central)--Brookhaven Town (North) PUMA,26917,15073,11844,26917,15073,11844,0,0,0,12576,5500,7076,12576,5500,7076,0,0,0,14023,9255,4768,14023,9255,4768,0,0,0,318,318,0,318,318,0,0,0,0
7,Westchester County (South Central)--New Rochelle & Mount Vernon Cities PUMA,23763,13782,9981,23389,13716,9673,374,66,308,15828,9544,6284,15750,9544,6206,78,0,78,7662,4060,3602,7366,3994,3372,296,66,230,273,178,95,273,178,95,0,0,0
8,"Clinton, Franklin, Essex & Hamilton Counties PUMA",47222,26943,20279,44097,24774,19323,3125,2169,956,15354,6269,9085,14571,5659,8912,783,610,173,30548,19745,10803,28281,18225,10056,2267,1520,747,1320,929,391,1245,890,355,75,39,36
9,Oneida County (Central)--Greater Utica & Rome Cities PUMA,36354,20722,15632,32364,18403,13961,3990,2319,1671,14029,7696,6333,13558,7310,6248,471,386,85,20992,11996,8996,18056,10587,7469,2936,1409,1527,1333,1030,303,750,506,244,583,524,59
10,"NYC-Bronx Community District 3 & 6--Belmont, Crotona Park East & East Tremont PUMA",948,484,464,740,473,267,208,11,197,322,234,88,322,234,88,0,0,0,418,239,179,418,239,179,0,0,0,208,11,197,0,0,0,208,11,197
11,Livingston & Wyoming Counties PUMA,32244,18446,13798,30916,17609,13307,1328,837,491,8232,3788,4444,8067,3623,4444,165,165,0,23149,14115,9034,22187,13551,8636,962,564,398,863,543,320,662,435,227,201,108,93
12,NYC-Manhattan Community District 3--Chinatown & Lower East Side PUMA,26276,12825,13451,26090,12825,13265,186,0,186,24860,12050,12810,24674,12050,12624,186,0,186,1416,775,641,1416,775,641,0,0,0,0,0,0,0,0,0,0,0,0
13,Suffolk County (West Central)--Babylon Town (Northwest) PUMA,15310,8685,6625,14845,8220,6625,465,465,0,6795,2790,4005,6795,2790,4005,0,0,0,7966,5660,2306,7501,5195,2306,465,465,0,549,235,314,549,235,314,0,0,0
14,Broome County (West Central)--Greater Binghamton City & Greater Johnson City Village PUMA,26704,13786,12918,24661,13241,11420,2043,545,1498,10470,5566,4904,10255,5351,4904,215,215,0,15213,7992,7221,13721,7662,6059,1492,330,1162,1021,228,793,685,228,457,336,0,336
15,Nassau County (Northwest)--North Hempstead Town (North) PUMA,20999,12866,8133,20565,12504,8061,434,362,72,16918,10146,6772,16556,9784,6772,362,362,0,3838,2589,1249,3766,2589,1177,72,0,72,243,131,112,243,131,112,0,0,0
16,Monroe County (Central)--Rochester City (East) PUMA,17951,9661,8290,17295,9584,7711,656,77,579,12363,6326,6037,12363,6326,6037,0,0,0,5242,3335,1907,4932,3258,1674,310,77,233,346,0,346,0,0,0,346,0,346
17,Westchester County (Northwest) PUMA,29212,15712,13500,28951,15647,13304,261,65,196,19689,9783,9906,19612,9783,9829,77,0,77,8979,5670,3309,8795,5605,3190,184,65,119,544,259,285,544,259,285,0,0,0
18,NYC-Brooklyn Community District 16--Brownsville & Ocean Hill PUMA,926,406,520,926,406,520,0,0,0,79,79,0,79,79,0,0,0,0,847,327,520,847,327,520,0,0,0,0,0,0,0,0,0,0,0,0
19,Onondaga County (Central)--Syracuse City PUMA,20172,11736,8436,18698,10752,7946,1474,984,490,8333,3975,4358,7884,3711,4173,449,264,185,10766,6934,3832,10020,6493,3527,746,441,305,1073,827,246,794,548,246,279,279,0
20,Westchester County (Northeast) PUMA,32363,19890,12473,32293,19820,12473,70,70,0,24648,13999,10649,24578,13929,10649,70,70,0,7486,5662,1824,7486,5662,1824,0,0,0,229,229,0,229,229,0,0,0,0
21,Madison & Cortland Counties PUMA,37021,19952,17069,34629,18870,15759,2392,1082,1310,11324,4786,6538,11120,4677,6443,204,109,95,23343,13165,10178,21528,12518,9010,1815,647,1168,2354,2001,353,1981,1675,306,373,326,47
22,Erie County (West Central)--Buffalo City (West) PUMA,24130,13019,11111,22575,12261,10314,1555,758,797,15239,7243,7996,14809,7150,7659,430,93,337,8343,5228,3115,7351,4696,2655,992,532,460,548,548,0,415,415,0,133,133,0
23,Monroe County (Central)--Rochester City (West) PUMA,8537,4728,3809,7613,4014,3599,924,714,210,3087,1757,1330,3087,1757,1330,0,0,0,4941,2672,2269,4227,1958,2269,714,714,0,509,299,210,299,299,0,210,0,210
24,Suffolk County (Central)--Islip Town (East) PUMA,30289,16689,13600,29411,16011,13400,878,678,200,14593,6057,8536,14266,5930,8336,327,127,200,15518,10509,5009,14967,9958,5009,551,551,0,178,123,55,178,123,55,0,0,0
25,Nassau County (Central)--Hempstead Town (East Central) PUMA,26948,15611,11337,26948,15611,11337,0,0,0,17925,10077,7848,17925,10077,7848,0,0,0,8512,5208,3304,8512,5208,3304,0,0,0,511,326,185,511,326,185,0,0,0
26,"NYC-Bronx Community District 5--Morris Heights, Fordham South & Mount Hope PUMA",57,0,57,57,0,57,0,0,0,0,0,0,0,0,0,0,0,0,57,0,57,57,0,57,0,0,0,0,0,0,0,0,0,0,0,0
27,St. Lawrence County PUMA,31554,17687,13867,28768,16406,12362,2786,1281,1505,8971,3971,5000,8796,3851,4945,175,120,55,21422,12973,8449,19346,12132,7214,2076,841,1235,1161,743,418,626,423,203,535,320,215
28,Columbia & Greene Counties PUMA,31353,16680,14673,28963,15138,13825,2390,1542,848,11801,4813,6988,11010,4554,6456,791,259,532,18926,11378,7548,17327,10095,7232,1599,1283,316,626,489,137,626,489,137,0,0,0
29,NYC-Brooklyn Community District 2--Brooklyn Heights & Fort Greene PUMA,35593,18147,17446,35282,18054,17228,311,93,218,33208,16516,16692,32998,16423,16575,210,93,117,2139,1486,653,2139,1486,653,0,0,0,246,145,101,145,145,0,101,0,101
30,"NYC-Queens Community District 8--Briarwood, Fresh Meadows & Hillcrest PUMA",8937,5629,3308,8937,5629,3308,0,0,0,5391,3205,2186,5391,3205,2186,0,0,0,3305,2183,1122,3305,2183,1122,0,0,0,241,241,0,241,241,0,0,0,0
31,Monroe County (North & West) PUMA,34660,18550,16110,33219,18082,15137,1441,468,973,16056,7750,8306,15497,7680,7817,559,70,489,18085,10464,7621,17203,10066,7137,882,398,484,519,336,183,519,336,183,0,0,0
32,Schenectady County--Schenectady City PUMA,42552,22759,19793,41261,22382,18879,1291,377,914,17983,8177,9806,17869,8177,9692,114,0,114,21894,13325,8569,20717,12948,7769,1177,377,800,2675,1257,1418,2675,1257,1418,0,0,0
33,"Rockland County (West)--Spring Valley, Suffern Villages & Monsey PUMA",10504,7810,2694,8044,5745,2299,2460,2065,395,4049,2552,1497,3938,2507,1431,111,45,66,5532,4335,1197,3728,2860,868,1804,1475,329,923,923,0,378,378,0,545,545,0
34,Niagara County (North & East) PUMA,33428,17923,15505,31324,16889,14435,2104,1034,1070,10739,4516,6223,10330,4373,5957,409,143,266,21679,12995,8684,20226,12334,7892,1453,661,792,1010,412,598,768,182,586,242,230,12
35,Suffolk County (Central)--Brookhaven Town (Central) PUMA,35403,17404,17999,35067,17149,17918,336,255,81,13185,5549,7636,13115,5479,7636,70,70,0,21714,11607,10107,21448,11422,10026,266,185,81,504,248,256,504,248,256,0,0,0
36,Suffolk County (East) PUMA,29194,17848,11346,28271,17260,11011,923,588,335,16780,9413,7367,16331,9102,7229,449,311,138,12002,8023,3979,11670,7888,3782,332,135,197,412,412,0,270,270,0,142,142,0
37,Warren & Washington Counties PUMA,39565,21337,18228,37157,19722,17435,2408,1615,793,13217,6250,6967,13050,6083,6967,167,167,0,24784,13820,10964,23091,12889,10202,1693,931,762,1564,1267,297,1016,750,266,548,517,31
38,NYC-Queens Community District 6--Forest Hills & Rego Park PUMA,11151,5862,5289,10862,5698,5164,289,164,125,8049,3672,4377,7924,3672,4252,125,0,125,2843,1931,912,2679,1767,912,164,164,0,259,259,0,259,259,0,0,0,0
39,"NYC-Brooklyn Community District 9--Crown Heights South, Prospect Lefferts & Wingate PUMA",10180,6106,4074,10046,5972,4074,134,134,0,8190,4384,3806,8056,4250,3806,134,134,0,1774,1506,268,1774,1506,268,0,0,0,216,216,0,216,216,0,0,0,0
40,Westchester County (Central)--White Plains City PUMA,29950,17157,12793,28811,17043,11768,1139,114,1025,23160,13129,10031,22143,13015,9128,1017,114,903,6790,4028,2762,6668,4028,2640,122,0,122,0,0,0,0,0,0,0,0,0
41,"NYC-Bronx Community District 1 & 2--Hunts Point, Longwood & Melrose PUMA",914,272,642,817,175,642,97,97,0,440,72,368,395,27,368,45,45,0,474,200,274,422,148,274,52,52,0,0,0,0,0,0,0,0,0,0
42,Erie County (North Central) PUMA,32771,17324,15447,32139,16810,15329,632,514,118,22788,11288,11500,22252,10870,11382,536,418,118,9753,5922,3831,9657,5826,3831,96,96,0,230,114,116,230,114,116,0,0,0
43,Chautauqua County PUMA,35125,20626,14499,31301,18450,12851,3824,2176,1648,10375,4587,5788,9753,4561,5192,622,26,596,22508,14309,8199,19949,12767,7182,2559,1542,1017,2242,1730,512,1599,1122,477,643,608,35
44,Dutchess County (Southwest) PUMA,35902,20870,15032,35547,20668,14879,355,202,153,15514,7347,8167,15355,7188,8167,159,159,0,19667,13016,6651,19471,12973,6498,196,43,153,721,507,214,721,507,214,0,0,0
45,Westchester County (Southeast) PUMA,21443,12918,8525,21348,12918,8430,95,0,95,17014,10117,6897,17014,10117,6897,0,0,0,4188,2715,1473,4093,2715,1378,95,0,95,241,86,155,241,86,155,0,0,0
46,Rockland County (North)--New City & Congers PUMA,16907,9245,7662,16723,9159,7564,184,86,98,10096,5138,4958,10096,5138,4958,0,0,0,6338,3634,2704,6154,3548,2606,184,86,98,473,473,0,473,473,0,0,0,0
47,NYC-Staten Island Community District 2--New Springville & South Beach PUMA,21465,11643,9822,20791,11125,9666,674,518,156,9360,5508,3852,9255,5403,3852,105,105,0,11423,5641,5782,10854,5228,5626,569,413,156,682,494,188,682,494,188,0,0,0
48,Suffolk County (Southwest)--Islip Town (South) PUMA,25957,14738,11219,25815,14596,11219,142,142,0,13108,6647,6461,13108,6647,6461,0,0,0,12662,8014,4648,12520,7872,4648,142,142,0,187,77,110,187,77,110,0,0,0
49,Erie County (West Central)--Buffalo City (East) PUMA,16791,9484,7307,14742,8740,6002,2049,744,1305,4889,2361,2528,4747,2219,2528,142,142,0,10488,6246,4242,9305,5922,3383,1183,324,859,1414,877,537,690,599,91,724,278,446
50,Wayne & Seneca Counties PUMA,39290,23206,16084,36387,21745,14642,2903,1461,1442,9832,4820,5012,9814,4820,4994,18,0,18,27302,16715,10587,24943,15707,9236,2359,1008,1351,2156,1671,485,1630,1218,412,526,453,73
51,Monroe County (South) PUMA,45240,24389,20851,44191,23574,20617,1049,815,234,30377,15291,15086,29858,14905,14953,519,386,133,14160,8691,5469,13729,8361,5368,431,330,101,703,407,296,604,308,296,99,99,0
52,Tompkins County PUMA,24787,12808,11979,22921,12151,10770,1866,657,1209,14446,6788,7658,14085,6788,7297,361,0,361,9568,5358,4210,8206,4785,3421,1362,573,789,773,662,111,630,578,52,143,84,59
53,Suffolk County (South Central)--Brookhaven Town (South) PUMA,31283,18260,13023,30115,17513,12602,1168,747,421,10816,5330,5486,10816,5330,5486,0,0,0,19070,11784,7286,18605,11619,6986,465,165,300,1397,1146,251,694,564,130,703,582,121
54,"Otsego, Schoharie, Oneida (South) & Herkimer (South) Counties PUMA",33597,18319,15278,30936,17108,13828,2661,1211,1450,10654,5094,5560,10053,4952,5101,601,142,459,21288,11969,9319,19610,11282,8328,1678,687,991,1655,1256,399,1273,874,399,382,382,0
55,NYC-Manhattan Community District 8--Upper East Side PUMA,59958,27407,32551,59210,27056,32154,748,351,397,55368,25348,30020,54827,24997,29830,541,351,190,4330,1910,2420,4123,1910,2213,207,0,207,260,149,111,260,149,111,0,0,0
56,"NYC-Manhattan Community District 1 & 2--Battery Park City, Greenwich Village & Soho PUMA",47547,25047,22500,46724,24724,22000,823,323,500,44769,23329,21440,44074,23006,21068,695,323,372,2315,1487,828,2187,1487,700,128,0,128,463,231,232,463,231,232,0,0,0
57,"NYC-Manhattan Community District 12--Washington Heights, Inwood & Marble Hill PUMA",16337,7515,8822,15110,7117,7993,1227,398,829,14040,5823,8217,12984,5425,7559,1056,398,658,2016,1692,324,2016,1692,324,0,0,0,281,0,281,110,0,110,171,0,171
58,NYC-Brooklyn Community District 18--Canarsie & Flatlands PUMA,9504,5483,4021,9224,5409,3815,280,74,206,4957,2432,2525,4850,2358,2492,107,74,33,4288,2848,1440,4171,2848,1323,117,0,117,259,203,56,203,203,0,56,0,56
59,"NYC-Bronx Community District 12--Wakefield, Williamsbridge & Woodlawn PUMA",2012,1088,924,1978,1054,924,34,34,0,1477,754,723,1477,754,723,0,0,0,473,272,201,473,272,201,0,0,0,62,62,0,28,28,0,34,34,0
60,Suffolk County (Central)--Islip Town (Northwest) PUMA,7959,4642,3317,7886,4642,3244,73,0,73,2774,1764,1010,2701,1764,937,73,0,73,4878,2571,2307,4878,2571,2307,0,0,0,307,307,0,307,307,0,0,0,0
61,"NYC-Queens Community District 14--Far Rockaway, Breezy Point & Broad Channel PUMA",11307,6698,4609,11215,6606,4609,92,92,0,7690,3968,3722,7598,3876,3722,92,92,0,3428,2541,887,3428,2541,887,0,0,0,189,189,0,189,189,0,0,0,0
62,Saratoga County (South & Central) PUMA,37460,20684,16776,36807,20345,16462,653,339,314,20207,10551,9656,19986,10383,9603,221,168,53,16436,9599,6837,16004,9428,6576,432,171,261,817,534,283,817,534,283,0,0,0
63,Cattaraugus & Allegany Counties PUMA,34432,19683,14749,31074,17649,13425,3358,2034,1324,8487,4126,4361,8244,3976,4268,243,150,93,24157,13895,10262,21505,12440,9065,2652,1455,1197,1788,1662,126,1325,1233,92,463,429,34
64,Genesee & Orleans Counties PUMA,31622,18054,13568,29808,17408,12400,1814,646,1168,6217,2589,3628,6099,2589,3510,118,0,118,24408,14592,9816,23035,14260,8775,1373,332,1041,997,873,124,674,559,115,323,314,9
65,Cayuga & Onondaga (South) Counties PUMA,32910,18078,14832,31356,17302,14054,1554,776,778,11792,5678,6114,11611,5633,5978,181,45,136,20048,12081,7967,19078,11447,7631,970,634,336,1070,319,751,667,222,445,403,97,306
66,Sullivan & Ulster (West) Counties PUMA,24543,12671,11872,22541,11512,11029,2002,1159,843,8950,4370,4580,8711,4131,4580,239,239,0,14231,7254,6977,12847,6454,6393,1384,800,584,1362,1047,315,983,927,56,379,120,259
67,"NYC-Bronx Community District 7--Bedford Park, Fordham North & Norwood PUMA",1241,670,571,1124,553,571,117,117,0,404,404,0,404,404,0,0,0,0,404,112,292,404,112,292,0,0,0,433,154,279,316,37,279,117,117,0
68,Suffolk County (Central)--Brookhaven Town (West Central) PUMA,26610,15417,11193,25353,14674,10679,1257,743,514,10688,5704,4984,10390,5500,4890,298,204,94,15664,9588,6076,14705,9049,5656,959,539,420,258,125,133,258,125,133,0,0,0
69,NYC-Queens Community District 1--Astoria & Long Island City PUMA,31909,16265,15644,30175,15122,15053,1734,1143,591,25563,12198,13365,24327,11397,12930,1236,801,435,6174,3968,2206,5676,3626,2050,498,342,156,172,99,73,172,99,73,0,0,0
70,Jefferson & Lewis Counties PUMA,38373,23337,15036,35451,21214,14237,2922,2123,799,10434,5286,5148,10136,4988,5148,298,298,0,26297,16823,9474,23943,15128,8815,2354,1695,659,1642,1228,414,1372,1098,274,270,130,140
71,Nassau County (West Central)--Hempstead Town (Northwest) PUMA,19942,11863,8079,19763,11684,8079,179,179,0,11331,5663,5668,11274,5606,5668,57,57,0,8222,5811,2411,8100,5689,2411,122,122,0,389,389,0,389,389,0,0,0,0
72,Nassau County (Central)--Hempstead Town (North Central)--Meadowbrook Corridor PUMA,4841,2399,2442,4719,2399,2320,122,0,122,2242,793,1449,2120,793,1327,122,0,122,2242,1295,947,2242,1295,947,0,0,0,357,311,46,357,311,46,0,0,0
73,Orange County (Northeast)--Greater Newburgh City PUMA,23149,12769,10380,21781,12245,9536,1368,524,844,9810,4606,5204,9810,4606,5204,0,0,0,12567,7452,5115,11199,6928,4271,1368,524,844,772,711,61,772,711,61,0,0,0
74,"NYC-Bronx Community District 11--Pelham Parkway, Morris Park & Laconia PUMA",5146,2726,2420,5007,2726,2281,139,0,139,2714,1454,1260,2575,1454,1121,139,0,139,2303,1143,1160,2303,1143,1160,0,0,0,129,129,0,129,129,0,0,0,0
75,"NYC-Queens Community District 12--Jamaica, Hollis & St. Albans PUMA",1342,1034,308,1342,1034,308,0,0,0,153,58,95,153,58,95,0,0,0,1075,862,213,1075,862,213,0,0,0,114,114,0,114,114,0,0,0,0
76,Erie County (Central) PUMA,47890,26425,21465,45750,25339,20411,2140,1086,1054,17774,8519,9255,17251,8331,8920,523,188,335,28638,16477,12161,27116,15674,11442,1522,803,719,1478,1429,49,1383,1334,49,95,95,0
77,"NYC-Staten Island Community District 1--Port Richmond, Stapleton & Mariner's Harbor PUMA",18946,10723,8223,18694,10471,8223,252,252,0,9837,4883,4954,9837,4883,4954,0,0,0,8461,5268,3193,8209,5016,3193,252,252,0,648,572,76,648,572,76,0,0,0
78,"NYC-Brooklyn Community District 15--Sheepshead Bay, Gerritsen Beach & Homecrest PUMA",12539,6778,5761,11782,6552,5230,757,226,531,6711,2930,3781,6612,2930,3682,99,0,99,5039,3241,1798,4424,3058,1366,615,183,432,789,607,182,746,564,182,43,43,0
79,"NYC-Bronx Community District 8--Riverdale, Fieldston & Kingsbridge PUMA",8723,4134,4589,8699,4110,4589,24,24,0,7011,2815,4196,7011,2815,4196,0,0,0,1605,1212,393,1581,1188,393,24,24,0,107,107,0,107,107,0,0,0,0
80,NYC-Brooklyn Community District 5--East New York & Starrett City PUMA,1836,992,844,1762,992,770,74,0,74,273,143,130,273,143,130,0,0,0,1106,705,401,1032,705,327,74,0,74,457,144,313,457,144,313,0,0,0
81,Onondaga County (Central)--Syracuse City (Outer) PUMA,50569,26632,23937,48958,25528,23430,1611,1104,507,25895,12551,13344,25481,12275,13206,414,276,138,23287,13319,9968,22150,12551,9599,1137,768,369,1387,762,625,1327,702,625,60,60,0
82,"NYC-Manhattan Community District 6--Murray Hill, Gramercy & Stuyvesant Town PUMA",44289,23509,20780,43662,23016,20646,627,493,134,40866,21049,19817,40239,20556,19683,627,493,134,3423,2460,963,3423,2460,963,0,0,0,0,0,0,0,0,0,0,0,0
83,"Chenango, Delaware & Broome (East) Counties PUMA",31805,18057,13748,29376,16524,12852,2429,1533,896,6569,3360,3209,6369,3237,3132,200,123,77,22681,13129,9552,20886,12035,8851,1795,1094,701,2555,1568,987,2121,1252,869,434,316,118
84,Orange County (Northwest) PUMA,24979,14209,10770,24379,13609,10770,600,600,0,8143,4083,4060,8071,4011,4060,72,72,0,15814,9603,6211,15286,9075,6211,528,528,0,1022,523,499,1022,523,499,0,0,0
85,NYC-Brooklyn Community District 7--Sunset Park & Windsor Terrace PUMA,11329,5555,5774,11125,5351,5774,204,204,0,9423,4070,5353,9388,4035,5353,35,35,0,1853,1432,421,1684,1263,421,169,169,0,53,53,0,53,53,0,0,0,0
86,Nassau County (Northeast)--Oyster Bay Town (North) & Glen Cove City PUMA,23951,13861,10090,23951,13861,10090,0,0,0,16497,9333,7164,16497,9333,7164,0,0,0,7138,4212,2926,7138,4212,2926,0,0,0,316,316,0,316,316,0,0,0,0
87,Dutchess County (North & East) PUMA,32684,18112,14572,31883,17548,14335,801,564,237,16126,7779,8347,16003,7656,8347,123,123,0,15881,9843,6038,15304,9503,5801,577,340,237,677,490,187,576,389,187,101,101,0
88,Putnam County PUMA,27585,15477,12108,27242,15208,12034,343,269,74,13183,6807,6376,12956,6654,6302,227,153,74,13864,8477,5387,13748,8361,5387,116,116,0,538,193,345,538,193,345,0,0,0
89,Albany County (Outside Albany City) PUMA,57394,30134,27260,56225,29743,26482,1169,391,778,29001,13264,15737,28948,13264,15684,53,0,53,27159,15877,11282,26130,15515,10615,1029,362,667,1234,993,241,1147,964,183,87,29,58
90,"NYC-Bronx Community District 10--Co-op City, Pelham Bay & Schuylerville PUMA",9522,4409,5113,9140,4156,4984,382,253,129,4648,1423,3225,4519,1423,3096,129,0,129,4368,2480,1888,4115,2227,1888,253,253,0,506,506,0,506,506,0,0,0,0
91,NYC-Queens Community District 4--Elmhurst & South Corona PUMA,1562,1165,397,1494,1097,397,68,68,0,1411,1014,397,1343,946,397,68,68,0,151,151,0,151,151,0,0,0,0,0,0,0,0,0,0,0,0,0
92,"NYC-Brooklyn Community District 12--Borough Park, Kensington & Ocean Parkway PUMA",12242,9218,3024,10232,7259,2973,2010,1959,51,5715,3576,2139,5496,3357,2139,219,219,0,5699,4974,725,4274,3549,725,1425,1425,0,828,668,160,462,353,109,366,315,51
93,Nassau County (Southeast)--Oyster Bay Town (South) PUMA,33558,18159,15399,33344,18021,15323,214,138,76,18604,9260,9344,18466,9122,9344,138,138,0,14262,8536,5726,14186,8536,5650,76,0,76,692,363,329,692,363,329,0,0,0
94,Suffolk County (Northwest)--Huntington Town (South) PUMA,24604,13896,10708,24566,13858,10708,38,38,0,15722,8741,6981,15684,8703,6981,38,38,0,8638,4949,3689,8638,4949,3689,0,0,0,244,206,38,244,206,38,0,0,0
95,Oswego County PUMA,38284,22697,15587,34526,20826,13700,3758,1871,1887,9766,4942,4824,9507,4815,4692,259,127,132,25803,16011,9792,22902,14349,8553,2901,1662,1239,2715,1744,971,2117,1662,455,598,82,516
96,Rensselaer County--Troy City PUMA,48826,25825,23001,47129,25176,21953,1697,649,1048,18573,8727,9846,18173,8608,9565,400,119,281,27971,15328,12643,26720,14844,11876,1251,484,767,2282,1770,512,2236,1724,512,46,46,0
97,Saratoga County (Outer) PUMA,43371,25416,17955,41743,24066,17677,1628,1350,278,16331,8526,7805,16331,8526,7805,0,0,0,24863,15209,9654,23415,14016,9399,1448,1193,255,2177,1681,496,1997,1524,473,180,157,23
98,Herkimer (North & Central) & Oneida (Outer) Counties PUMA,37090,21003,16087,34570,19793,14777,2520,1210,1310,9501,3988,5513,9202,3903,5299,299,85,214,25806,15786,10020,23811,14846,8965,1995,940,1055,1783,1229,554,1557,1044,513,226,185,41
99,Monroe County (East) PUMA,45481,25907,19574,44145,25132,19013,1336,775,561,27789,14039,13750,27711,14039,13672,78,0,78,17053,11325,5728,16026,10781,5245,1027,544,483,639,543,96,408,312,96,231,231,0
100,"NYC-Queens Community District 13--Queens Village, Cambria Heights & Rosedale PUMA",4126,2219,1907,4126,2219,1907,0,0,0,2164,1227,937,2164,1227,937,0,0,0,1819,849,970,1819,849,970,0,0,0,143,143,0,143,143,0,0,0,0
101,Erie County (South) PUMA,58565,32784,25781,55207,30969,24238,3358,1815,1543,26364,12239,14125,25578,12072,13506,786,167,619,30494,18977,11517,27985,17392,10593,2509,1585,924,1707,1568,139,1644,1505,139,63,63,0
102,Monroe County (Central)--Greece & Gates Towns PUMA,34873,18967,15906,33163,17892,15271,1710,1075,635,14823,7631,7192,14400,7208,7192,423,423,0,18928,10622,8306,17781,10110,7671,1147,512,635,1122,714,408,982,574,408,140,140,0
103,NYC-Manhattan Community District 7--Upper West Side & West Side PUMA,44507,23874,20633,43121,22799,20322,1386,1075,311,42507,22782,19725,41235,21707,19528,1272,1075,197,2000,1092,908,1886,1092,794,114,0,114,0,0,0,0,0,0,0,0,0
104,NYC-Manhattan Community District 11--East Harlem PUMA,7019,3752,3267,6932,3665,3267,87,87,0,5472,2608,2864,5472,2608,2864,0,0,0,1547,1144,403,1460,1057,403,87,87,0,0,0,0,0,0,0,0,0,0
105,"NYC-Queens Community District 7--Flushing, Murray Hill & Whitestone PUMA",14431,8984,5447,14334,8887,5447,97,97,0,7284,4054,3230,7284,4054,3230,0,0,0,6618,4501,2117,6521,4404,2117,97,97,0,529,429,100,529,429,100,0,0,0
106,NYC-Brooklyn Community District 1--Greenpoint & Williamsburg PUMA,37816,22848,14968,36044,21321,14723,1772,1527,245,31415,17954,13461,30876,17660,13216,539,294,245,4967,3653,1314,4305,2991,1314,662,662,0,1434,1241,193,863,670,193,571,571,0
107,Onondaga County (North) PUMA,40671,22067,18604,39412,21393,18019,1259,674,585,19044,9551,9493,18911,9551,9360,133,0,133,21014,12059,8955,19888,11385,8503,1126,674,452,613,457,156,613,457,156,0,0,0
108,NYC-Brooklyn Community District 14--Flatbush & Midwood PUMA,11629,6226,5403,11544,6141,5403,85,85,0,8648,3946,4702,8563,3861,4702,85,85,0,2451,1750,701,2451,1750,701,0,0,0,530,530,0,530,530,0,0,0,0
109,"Rockland County (South)--Orangetown, Clarkstown (South) & Ramapo (Southeast) Towns PUMA",21956,13265,8691,21289,12695,8594,667,570,97,13790,7712,6078,13618,7540,6078,172,172,0,7872,5259,2613,7377,4861,2516,495,398,97,294,294,0,294,294,0,0,0,0
110,NYC-Brooklyn Community District 13--Brighton Beach & Coney Island PUMA,3386,1905,1481,3040,1653,1387,346,252,94,1847,1068,779,1501,816,685,346,252,94,1490,788,702,1490,788,702,0,0,0,49,49,0,49,49,0,0,0,0
111,"NYC-Bronx Community District 4--Concourse, Highbridge & Mount Eden PUMA",1216,802,414,1147,733,414,69,69,0,544,200,344,475,131,344,69,69,0,672,602,70,672,602,70,0,0,0,0,0,0,0,0,0,0,0,0
112,Erie County (Northeast) PUMA,42790,24222,18568,41779,23580,18199,1011,642,369,20310,9965,10345,20201,9856,10345,109,109,0,21822,13599,8223,21059,13205,7854,763,394,369,658,658,0,519,519,0,139,139,0
113,NYC-Brooklyn Community District 8--Crown Heights North & Prospect Heights PUMA,17307,8882,8425,17170,8745,8425,137,137,0,15034,7233,7801,15034,7233,7801,0,0,0,2001,1494,507,1864,1357,507,137,137,0,272,155,117,272,155,117,0,0,0
114,NYC-Queens Community District 3--Jackson Heights & North Corona PUMA,5489,3333,2156,5489,3333,2156,0,0,0,3251,1558,1693,3251,1558,1693,0,0,0,2177,1775,402,2177,1775,402,0,0,0,61,0,61,61,0,61,0,0,0
115,Fulton & Montgomery Counties PUMA,30582,17719,12863,28613,16553,12060,1969,1166,803,7288,3611,3677,7198,3611,3587,90,0,90,20457,12210,8247,19120,11467,7653,1337,743,594,2837,1898,939,2295,1475,820,542,423,119
116,Niagara County (Southwest)--Greater Niagara Falls & North Tonawanda Area PUMA,31319,15661,15658,29555,15143,14412,1764,518,1246,9170,4185,4985,9067,4136,4931,103,49,54,20746,10539,10207,19321,10240,9081,1425,299,1126,1403,937,466,1167,767,400,236,170,66
117,"Steuben (North & West), Schuyler & Chemung (North) Counties PUMA",29033,16771,12262,26438,15151,11287,2595,1620,975,6556,2638,3918,6389,2598,3791,167,40,127,21114,13076,8038,19026,11836,7190,2088,1240,848,1363,1057,306,1023,717,306,340,340,0
118,NYC-Brooklyn Community District 4--Bushwick PUMA,14081,8237,5844,13214,7632,5582,867,605,262,10732,5489,5243,10053,4972,5081,679,517,162,3349,2748,601,3161,2660,501,188,88,100,0,0,0,0,0,0,0,0,0
119,"NYC-Manhattan Community District 4 & 5--Chelsea, Clinton & Midtown Business District PUMA",41795,23878,17917,40443,23426,17017,1352,452,900,37104,20874,16230,36307,20563,15744,797,311,486,4691,3004,1687,4136,2863,1273,555,141,414,0,0,0,0,0,0,0,0,0
120,"NYC-Brooklyn Community District 6--Park Slope, Carroll Gardens & Red Hook PUMA",32650,15228,17422,31824,14913,16911,826,315,511,29573,13211,16362,28878,13027,15851,695,184,511,2929,1869,1060,2798,1738,1060,131,131,0,148,148,0,148,148,0,0,0,0
121,NYC-Brooklyn Community District 3--Bedford-Stuyvesant PUMA,15072,8140,6932,14313,7630,6683,759,510,249,12002,5674,6328,11753,5674,6079,249,0,249,2703,2141,562,2400,1838,562,303,303,0,367,325,42,160,118,42,207,207,0
122,NYC-Queens Community District 10--Howard Beach & Ozone Park PUMA,6908,4465,2443,6233,4113,2120,675,352,323,2055,1406,649,1703,1054,649,352,352,0,4558,2764,1794,4235,2764,1471,323,0,323,295,295,0,295,295,0,0,0,0
123,Suffolk County (Northwest)--Huntington Town (North) PUMA,26251,14448,11803,25682,14221,11461,569,227,342,17186,9392,7794,17176,9392,7784,10,0,10,8788,4865,3923,8229,4638,3591,559,227,332,277,191,86,277,191,86,0,0,0
124,Orange County (Southeast) PUMA,27771,16392,11379,25608,15169,10439,2163,1223,940,14138,6936,7202,13277,6754,6523,861,182,679,12400,8286,4114,11305,7452,3853,1095,834,261,1233,1170,63,1026,963,63,207,207,0
125,Nassau County (East Central)--Oyster Bay Town (Central) PUMA,21074,11873,9201,21074,11873,9201,0,0,0,13834,7034,6800,13834,7034,6800,0,0,0,6794,4542,2252,6794,4542,2252,0,0,0,446,297,149,446,297,149,0,0,0
126,Suffolk County (Northwest)--Smithtown Town PUMA,37391,21221,16170,36863,21093,15770,528,128,400,23627,12329,11298,23227,12329,10898,400,0,400,13564,8692,4872,13502,8630,4872,62,62,0,200,200,0,134,134,0,66,66,0
127,"NYC-Brooklyn Community District 17--East Flatbush, Farragut & Rugby PUMA",1120,747,373,1120,747,373,0,0,0,989,660,329,989,660,329,0,0,0,131,87,44,131,87,44,0,0,0,0,0,0,0,0,0,0,0,0
128,"NYC-Bronx Community District 9--Castle Hill, Clason Point & Parkchester PUMA",489,375,114,489,375,114,0,0,0,354,354,0,354,354,0,0,0,0,135,21,114,135,21,114,0,0,0,0,0,0,0,0,0,0,0,0
129,NYC-Queens Community District 9--Richmond Hill & Woodhaven PUMA,5588,2575,3013,5328,2575,2753,260,0,260,3059,1575,1484,3059,1575,1484,0,0,0,2430,949,1481,2170,949,1221,260,0,260,99,51,48,99,51,48,0,0,0
130,Westchester County (Southwest)--Yonkers City PUMA,19796,10916,8880,19423,10682,8741,373,234,139,11523,6203,5320,11248,6067,5181,275,136,139,7496,4362,3134,7398,4264,3134,98,98,0,777,351,426,777,351,426,0,0,0
131,Broome (Outer West) & Tioga Counties PUMA,31363,17952,13411,29581,17334,12247,1782,618,1164,9143,4556,4587,8806,4376,4430,337,180,157,20781,12342,8439,19403,11971,7432,1378,371,1007,1439,1054,385,1372,987,385,67,67,0
132,NYC-Brooklyn Community District 10--Bay Ridge & Dyker Heights PUMA,14651,7223,7428,14492,7108,7384,159,115,44,10190,4781,5409,10190,4781,5409,0,0,0,4461,2442,2019,4302,2327,1975,159,115,44,0,0,0,0,0,0,0,0,0
133,"NYC-Queens Community District 5--Ridgewood, Glendale & Middle Village PUMA",20747,11094,9653,20168,10811,9357,579,283,296,10331,5567,4764,10011,5443,4568,320,124,196,9839,5014,4825,9580,4855,4725,259,159,100,577,513,64,577,513,64,0,0,0
134,NYC-Manhattan Community District 10--Central Harlem PUMA,10327,6061,4266,10099,5833,4266,228,228,0,9433,5301,4132,9205,5073,4132,228,228,0,894,760,134,894,760,134,0,0,0,0,0,0,0,0,0,0,0,0
135,"NYC-Queens Community District 11--Bayside, Douglaston & Little Neck PUMA",11879,6901,4978,11809,6901,4908,70,0,70,7379,3954,3425,7341,3954,3387,38,0,38,4395,2842,1553,4363,2842,1521,32,0,32,105,105,0,105,105,0,0,0,0
136,Erie County (Northwest) PUMA,34682,19570,15112,33803,18789,15014,879,781,98,16336,7614,8722,16224,7502,8722,112,112,0,17878,11720,6158,17111,11051,6060,767,669,98,468,236,232,468,236,232,0,0,0
137,NYC-Queens Community District 2--Sunnyside & Woodside PUMA,14988,9227,5761,14775,9073,5702,213,154,59,11502,7047,4455,11348,6893,4455,154,154,0,3403,2180,1223,3344,2180,1164,59,0,59,83,0,83,83,0,83,0,0,0
138,Suffolk County (Southwest)--Babylon Town (Southeast) PUMA,27117,15297,11820,25907,14214,11693,1210,1083,127,8910,4422,4488,8698,4210,4488,212,212,0,17789,10657,7132,16791,9786,7005,998,871,127,418,218,200,418,218,200,0,0,0
139,"NYC-Staten Island Community District 3--Tottenville, Great Kills & Annadale PUMA",37859,21329,16530,36942,20412,16530,917,917,0,17479,8523,8956,17388,8432,8956,91,91,0,19677,12257,7420,18963,11543,7420,714,714,0,703,549,154,591,437,154,112,112,0
140,Nassau County (West Central)--Hempstead Town (West Central) PUMA,16571,9165,7406,16237,8899,7338,334,266,68,9259,4348,4911,9144,4233,4911,115,115,0,6855,4360,2495,6636,4209,2427,219,151,68,457,457,0,457,457,0,0,0,0
141,Nassau County (Central)--Hempstead Town (Northeast) PUMA,29253,14845,14408,28843,14607,14236,410,238,172,14092,6111,7981,13923,5997,7926,169,114,55,14612,8302,6310,14488,8178,6310,124,124,0,549,432,117,432,432,0,117,0,117
142,Nassau County (Southwest)--Hempstead Town (Southwest) & Long Beach City PUMA,23050,14676,8374,22932,14652,8280,118,24,94,15208,9895,5313,15114,9895,5219,94,0,94,7588,4527,3061,7564,4503,3061,24,24,0,254,254,0,254,254,0,0,0,0
143,NYC-Brooklyn Community District 11--Bensonhurst & Bath Beach PUMA,10210,5703,4507,9463,5248,4215,747,455,292,4490,2456,2034,4250,2253,1997,240,203,37,5360,3149,2211,4853,2897,1956,507,252,255,360,98,262,360,98,262,0,0,0
144,Nassau County (South Central)--Hempstead Town (Southeast) PUMA,20869,11637,9232,20587,11415,9172,282,222,60,12465,6591,5874,12353,6539,5814,112,52,60,8258,4900,3358,8088,4730,3358,170,170,0,146,146,0,146,146,0,0,0,0
145,Nassau County (West Central)--North Hempstead Town (South) PUMA,18040,9526,8514,17744,9316,8428,296,210,86,10893,5594,5299,10759,5460,5299,134,134,0,6980,3932,3048,6818,3856,2962,162,76,86,167,0,167,167,0,167,0,0,0
146,Capital Region,316679,172989,143690,305070,166517,138553,11609,6472,5137,137389,65722,71667,135398,64928,70470,1991,794,1197,167715,99076,68639,158958,94147,64811,8757,4929,3828,11575,8191,3384,10714,7442,3272,861,749,112
147,Central NY,219627,121162,98465,207579,114671,92908,12048,6491,5557,86154,41483,44671,84514,40662,43852,1640,821,819,124261,73569,50692,115566,68743,46823,8695,4826,3869,9212,6110,3102,7499,5266,2233,1713,844,869
148,Finger Lakes,331613,184144,147469,316709,176173,140536,14904,7971,6933,145840,71476,74364,143736,70432,73304,2104,1044,1060,176654,106202,70452,166022,100712,65310,10632,5490,5142,9119,6466,2653,6951,5029,1922,2168,1437,731
149,Long Island,603381,340099,263282,593405,333366,260039,9976,6733,3243,326028,168483,157545,322848,166549,156299,3180,1934,1246,267577,164388,103189,261809,160379,101430,5768,4009,1759,9776,7228,2548,8748,6438,2310,1028,790,238
150,Mid-Hudson,442914,253750,189164,427987,244957,183030,14927,8793,6134,239882,126617,113265,235907,125018,110889,3975,1599,2376,191126,118399,72727,181701,112473,69228,9425,5926,3499,11906,8734,3172,10379,7466,2913,1527,1268,259
151,Mohawk Valley,137623,77763,59860,126483,71857,54626,11140,5906,5234,41472,20389,21083,40011,19776,20235,1461,613,848,88543,51961,36582,80597,48182,32415,7946,3779,4167,7608,5413,2195,5875,3899,1976,1733,1514,219
152,New York City,819900,442189,377711,796324,427383,368941,23576,14806,8770,626384,317672,308712,614130,310502,303628,12254,7170,5084,180020,114533,65487,170823,108307,62516,9197,6226,2971,13496,9984,3512,11371,8574,2797,2125,1410,715
153,North Country,117149,67967,49182,108316,62394,45922,8833,5573,3260,34759,15526,19233,33503,14498,19005,1256,1028,228,78267,49541,28726,71570,45485,26085,6697,4056,2641,4123,2900,1223,3243,2411,832,880,489,391
154,Southern Tier,172336,94636,77700,160097,88538,71559,12239,6098,6141,57314,28706,28608,55803,27917,27886,1511,789,722,107342,61016,46326,98045,56625,41420,9297,4391,4906,7680,4914,2766,6249,3996,2253,1431,918,513
155,Western NY,391923,216721,175202,369249,204619,164630,22674,12102,10572,162471,76643,85828,158456,75046,83410,4015,1597,2418,216506,129907,86599,200585,121547,79038,15921,8360,7561,12946,10171,2775,10208,8026,2182,2738,2145,593
